-0.41924,-1.3671,-1.7687,-0.75311,-1.0501,-1.5088,-0.37859,-1.4715,-0.43882,0.62684,-0.17037,0.64857,0.39658,0.98978,0.54514,0.018811,-0.079254,-0.89584,-1.0593,-0.92899,-1.049,-0.32923,-1.0407,-0.60722,-0.72973,-0.94571,-0.91287,-0.84294,-0.50639,-0.17075,-0.54115,-0.27681,-0.15621,-1.1454,-1.0396,-1.6503,-1.037,-0.66333,-0.68215,0.47563,-0.20424,0.049777,0.42338,0.3939,0.18322,0.15794,-0.20273,0.26034,0.26147,0.41249,-0.4687,-0.63991,0.0065945,-0.623,0.20553,-0.49818,-0.14472,0.4079,1.0415,0.94728,-0.1626,-0.44592,-1.0612,-0.84098,-1.2791,-1.09,-0.91664,-1.0614,-0.8977,0.18756,-0.1173,0.035926,0.73579,1.4409,0.5087,0.4975,1.1855,0.25492,1.3159,1.9055,0.31481,0.63279,0.58554,0.88519,1.4252,1.2796,1.363,0.57432,0.89057,0.58486,0.14964,0.45915,-0.023126,-0.33579,0.84315,0.49154,0.010561,-0.011989,-0.27417,-0.4383,0.053545,-0.87572,-1.111,-1.0135,-1.0996,-0.6618,-0.68502,-0.952,-0.5339,-0.86439,0.21867,-0.41862,-1.3403,-1.2349,-1.7473,-1.2744,-1.3989,-1.567,-0.78083,0.10531,0.71372,1.249,0.11294,-0.4917,-0.93777,-1.0297,-0.9689,-1.0115,-1.0085,-0.21386,0.29752,0.11853,-0.20284,0.17686,0.29549,-0.20352,0.61756,-0.61885,-0.54182,-1.3427,-0.77858,0.16575,0.21297,0.62699,0.66366,0.14865,0.60201,0.36833,0.54798,0.4056,-0.89282,-0.671,-1.0694,-0.37362,-0.45877,0.64244,0.042262,0.72834,1.2044,1.5246,1.5425,1.6896,0.94349,1.2182,1.046,0.63264,0.17246,-0.020403,-0.34518,0.31456,1.0569,0.87903,0.74133,0.72391,0.53807,1.4462,1.2014,1.3281,1.9072,1.1211,0.57377,0.050488,-0.88456,-1.5076,-1.5613,-2.1761,-2.0603,-1.9153,-1.2504,-1.3404,-1.9694,-1.8092,-2.7366,-2.3377,-2.1547,-1.6351,-1.732,-1.5581,-1.4597,-0.69506,-2.2818,-1.0199,-1.1121,-0.80402,-1.3043,-1.0116,-0.88189,-0.83859,-1.0493,-0.80746,-0.79072,0.31811,0.99905,0.6335,0.94716,1.3379,1.8514,2.6422,2.3414,2.3223,1.8561,1.9532,1.6933,1.2953,1.2568,0.94293,1.2135,0.65793,0.62564,0.17986,0.20942,-0.28485,-0.18319,-1.2504,-1.8063,-1.2953,-1.542,-1.9319,-1.5708,-1.2003,-1.447,-1.3474,-1.5829,-1.6687,-2.0249,-2.1371,-1.0778,-1.4699,-0.56472,-0.44414,0.094365,-0.47499,-0.59972,-0.67334,-1.1875,-0.18199,-0.6417,-1.2202,-1.0877,-1.4487,-1.5119,-2.1628,-2.0975,-0.94198,-1.293,-0.76763,0.12949,0.25116,0.56464,0.65674,-0.26593,-0.55409,-0.71058,-0.23014,0.12795,-0.92022,-0.77853,-0.82295,-1.2481,-2.1121,-2.2119,-1.5335,-1.8065,-1.4,-0.91333,0.13068,0.27342,1.3339,1.4466,0.80592,0.11667,0.58069,0.64055,0.57217,-0.4122,-0.015417,-0.42285,-0.20515,-0.74111,-0.87875,-0.94319,-1.0173,0.16629,-0.0085059,0.2656,-0.504,-0.76495,-0.29147,-0.14133,-0.34547,-1.1461,-0.43227,0.90354,0.71198,0.047359,0.41355,0.39342,0.49571,1.0193,0.71648,0.61359,1.1073,1.4524,1.3555,1.7062,1.8805,1.9893,1.6197,0.93873,0.87769,0.71893,1.3972,1.0715,2.0371,2.3772,1.9744,0.5988,-0.078738,-0.2893,-0.21264,-1.1685,-2.05,-1.8279,-1.0266,-0.74866,-0.85022,0.48494,0.18516,-1.0876,-0.79661,-0.68212,-0.89508,-1.0518,-0.7305,-0.14203,0.87645,1.9691,1.7445,2.0915,1.06,1.1681,0.8837,0.74315,0.35959,1.049,0.65335,1.9095,1.1875,0.89874,1.7167,0.90577,1.6167,2.2609,0.90781,1.1355,2.2533,2.201,2.074,0.88174,0.37698,0.28835,0.91402,1.2581,1.1526,1.514,1.0044,0.41655,0.93284,0.71439,-0.043598,0.51842,1.3698,1.0621,-0.010581,-0.23054,0.0043295,0.22643,0.27677,0.48426,0.63872,1.3275,2.5996,2.9023,3.041,1.6178,2.0808,1.1985,1.453,1.2062,0.77862,1.7156,1.1932,1.1963,0.38201,0.49748,-0.1197,-0.66255,-0.11735,-0.43034,-0.082027,0.18738,1.0459,1.6556,1.8251,1.5764,0.13456,-0.40815,-0.089593,0.17159,-0.28531,0.39314,0.046847,-0.12209,-0.1765,-0.54094,-0.40526,-0.84456,-0.7078,-0.46814,-0.72472,-1.3504,-1.3686,-1.4484,-0.57525,0.027259,-0.68531,-0.59676,-1.6241,-1.7422,-1.5016,-2.9253,-2.2603,-1.6198,-0.06618,0.76779,0.62678,0.40488,0.56836,0.78405,1.2854,1.2503,1.537,1.391,1.4064,1.3611,0.51852,-0.0077668,0.79501,0.90708,0.9001,1.2922,0.43042,0.16206,1.0938,0.92488,1.031,0.8004,1.3333,1.6424,2.852,3.2001,3.5015,2.4713,2.5254,2.3813,2.0001,1.6498,1.0612,0.51404,0.80187,-0.19095,-0.15181,-0.29837,-0.32216,-0.1009,0.23212,0.69449,-0.0079859,0.085599,1.0785,0.89563,0.79113,1.3034,0.96011,0.80926,0.70612,0.8268,1.1337,1.1746,2.2676,2.194,2.527,2.6681,2.5082,2.1076,2.821,2.1688,1.6253,1.8758,2.0862,1.8093,1.1523,1.1124,1.2148,0.83652,0.65496,0.21445,0.024528,-0.66575,-1.069,-1.146,-1.8688,-1.6754,-1.3138,-1.1734,-0.071281,0.77364,0.35943,0.88269,0.16242,-0.28599,0.35385,-0.18489,0.52684,-0.29364,1.0449,1.2367,0.81549,1.1925,1.0734,1.1925,1.1201,1.36,0.35782,-0.59378,-0.19785,-1.1119,-0.75904,-0.074023,-0.92525,-1.2152,-1.2715,-0.5589,-1.4152,-1.4331,-1.6186,-1.9186,-1.7057,-1.5875,-1.2819,-1.5715,-1.646,-1.1361,0.3277,-0.21571,-0.025859,-1.1704,-0.27028,-0.43362,-0.48477,-0.91073,-0.88264,0.058772,-0.26162,-0.37847,-0.55119,-0.16589,-0.31643,0.60617,0.022477,0.13285,0.046282,-0.11386,-0.2406,-0.09123,-0.87596,-0.84228,-0.45972,0.08124,-0.62691,-0.33929,-1.1861,-0.74254,-0.4543,-0.66613,-0.60954,-0.87974,-1.9231,-1.9295,-0.40393,0.37651,-0.12758,0.96694,1.4839,1.9332,2.5132,2.2112,2.1818,1.935,1.6991,0.53453,1.4325,0.12003,-0.083646,0.82959,0.67308,1.1558,0.80678,0.97939,1.1992,1.5216,2.5001,2.0733,0.69967,1.2676,1.2399,0.46816,0.88371,1.08,0.92885,1.0959,1.3304,1.4473,0.74218,1.4786,0.56234,0.69586,0.2781,-0.054275,0.11148,0.66111,1.2152,1.0214,0.5543,-0.087632,-0.10641,-1.1949,-0.16277,-0.1818,-1.1436,-1.6162,-0.66413,-1.7653,-1.4032,-1.3878,-0.4801,-0.24905,-0.077768,0.23586,-0.35082,0.13656,0.011493,0.75389,0.55159,-0.13115,-0.55969,-0.58052,-0.69004,-0.34439,-0.24214,-0.81984,-2.1074,-1.7771,-0.97393,-2.8008,-2.5014,-1.676,-1.1474,-0.15146,0.083677,-0.058836,0.43978,-0.42424,0.11513,-0.51883,-0.42015,-1.2727,-1.1819,-0.65565,-0.4347,0.12788,0.70158,1.1802,2.087,2.956,2.5822,2.2464,1.5838,1.1766,0.79142,0.022909,-0.6715,-1.4594,-2.5068,-2.1291,-3.1486,-2.525,-2.7717,-2.7653,-2.6472,-2.5732,-1.6842,-0.68653,0.35618,0.53026,-0.71419,-0.68699,-1.758,-2.1475,-2.3321,-3.0343,-2.7867,-3.2236,-2.029,-1.4846,-1.2005,0.026444,0.053447,-0.46712,0.198,-0.64965,-0.66213,-1.2658,-0.61373,-0.38358,-0.80443,-0.83784,-1.8833,-1.0787,-1.777,-2.1255,-1.9965,-1.7077,-1.5863,-0.88347,-1.9591,-1.8871,-2.5703,-1.4526,-1.4693,-1.3529,-1.0027,-0.63245,-0.11457,-0.12277,-0.56316,0.084754,-0.20335,-0.075299,0.28738,1.0166,2.6451,2.6735,2.6414,2.5745,3.125,2.362,1.7079,0.89835,-0.31951,-1.0776,-2.2639,-3.5127,-3.6488,-2.922,-1.2569,-0.91796,-0.37664,0.063878,0.12535,-0.18778,-0.49342,-0.47816,-0.61923,0.36705,0.75099,1.7823,1.1361,0.826,1.7566,1.8655,1.2145,0.62747,-0.56005,-0.37473,-0.66049,0.10407,0.27978,-0.60662,-1.6061,-1.7623,-1.1202,-1.4532,-2.215,-2.6612,-3.1852,-1.9163,-1.2281,-0.55081,1.0459,1.3482,2.6124,3.2328,2.4582,1.2779,0.44412,0.12259,-0.078237,-1.1765,-0.46599,-0.43416,0.10251,-0.087888,-1.2544,-1.5494,-1.5651,-0.60643,-0.57592,-0.19994,0.16397,0.50111,0.82581,0.79974,0.41359,0.32749,0.82069,1.0381,0.68833,0.31977,0.24824,-1.1951,-0.82567,-1.7064,-0.80668,-0.34693,-0.029976,1.1387,1.4781,0.60878,0.26853,-0.1699,-0.69444,-1.4577,-2.2462,-3.1682,-2.5327,-2.3626,-1.8657,-0.15342,0.35054,-0.20171,-0.018592,0.37857,0.13242,-0.089224,-0.017884,0.10136,-0.37502,-0.37901,-0.41507,0.52717,0.33743,-0.38851,-0.097822,0.0013048,0.27864,0.89491,0.60994,0.21362,0.27338,-0.05702,0.49515,-0.97117,-0.70184,-1.1928,-0.50959,-0.61885,-0.4657,-0.10227,-0.29094,-0.080634,-0.81526,-0.59331,-0.75846,-0.48483,-0.61678,-0.34242,-0.68239,-0.72769,-0.47145,-0.70453,-0.80631,-0.55899,-0.46018,0.30859,0.079197,0.3523,0.014214,1.344,1.503,0.90727,1.025,0.47433,0.57402,1.2836,0.81362,0.51366,1.3149,1.1187,1.5434,0.49075,1.3799,0.54017,1.232,1.4796,1.882,1.4252,1.5114,1.3113,0.85658,1.019,-0.080558,-0.07763,-0.49013,0.021185,0.54523,-0.48091,0.11968,0.19656,-0.0040489,-0.36168,0.85746,0.017799,0.05108,0.38398,0.7531,-0.054384,-0.069205,0.068647,-0.48769,-0.48269,-0.25989,0.49296,0.88383,1.3713,1.55,1.7495,2.2927,1.5196,1.8279,1.415,1.2846,1.3674,1.1428,0.64362,0.51046,0.76398,1.3656,0.92599,0.41109,-0.11221,-0.099328,-0.073961,-0.82452,-1.2866,-1.3399,-2.8939,-1.5405,-1.3144,-0.75767,-0.93648,-1.0281,-0.89894,-0.66235,-0.56197,0.30682,0.21942,0.17656,0.68093,1.6412,2.0214,1.3951,1.7392,1.5645,0.77786,-0.28227,-0.75248,-0.50355,-1.3263,-0.76853,-0.42398,-0.2337,0.23493,0.46679,1.6421,2.3354,2.8394,3.0521,2.9933,2.9505,2.5993,2.0967,2.2527,0.8923,0.52866,0.68024,0.48634,-0.1132,0.25985,0.19186,0.84304,1.7112,0.37518,-0.064573,-0.20139,-1.1696,-1.2485,-0.49299,-1.1647,-1.0099,-0.6578,-0.081369,0.60083,-0.45985,0.39724,-0.05848,0.021376,0.026337,-0.90789,-1.8746,-1.9547,-0.5775,-0.6973,-1.6847,-0.91719,-0.14938,-0.53818,-0.10493,-0.52091,-0.099268,0.20481,0.66835,2.5472,2.3617,2.5124,2.2336,2.6184,1.8128,2.2922,1.765,1.654,2.0369,2.402,1.7145,0.24101,-0.2238,-0.69887,-1.6608,-0.9624,-1.8722,-2.1489,-1.2848,-1.027,0.060995,1.1231,0.55098,0.21205,0.091928,0.11659,-0.75699,-0.57811,-0.40288,-0.19046,0.010256,-0.1704,0.039637,0.080532,0.28068,0.0023072,-0.26062,-1.3078,-1.069,-1.487,-0.98025,-1.1054,-0.47846,-0.33947,0.42807,0.55033,0.32022,0.073195,0.85438,0.90505,1.5912,1.9572,1.6664,2.1425,0.45535,-0.18986,-0.65893,-1.026,-0.60399,-0.96427,-0.15281,0.68881,0.30859,-0.54578,-1.5708,-3.1592,-2.6973,-2.3605,-1.7977,-1.6631,-0.68142,0.60802,1.4905,1.4521,1.1878,0.97599,0.0054311,-0.95035,-1.5203,-1.244,-1.859,0.10386,0.29919,-0.40125,-1.226,-1.2879,-0.77466,-0.46097,-0.87986,-1.4726,-2.3982,-1.9498,-2.0339,-1.6463,-1.517,-1.4598,-1.1824,-0.51709,-0.94716,-1.3542,-0.47386,-0.37793,0.69954,2.1694,1.224,1.1669,1.5256,1.7928,0.98481,0.51658,-0.27502,-0.51434,-1.1127,-0.42927,-1.093,-1.7306,-1.5652,-1.2505,-0.77742,-1.3117,-1.2195,-0.83208,-0.62909,-0.21697,-0.15836,-0.032212,-0.16518,-0.27462,-0.25998,-0.67191,-0.64097,-0.59483
0.35659,0.2486,-0.1197,0.67388,0.054285,-0.3304,-0.024984,-0.84594,-0.93261,-0.80393,-0.77018,-1.58,-1.2626,-1.5988,-0.98911,-0.429,0.11607,0.16182,-0.30213,0.74699,0.42435,0.35509,-0.26525,-0.04511,-0.19762,-0.075554,-0.021808,0.38868,0.22336,0.51181,0.36066,1.3305,0.47294,0.74132,0.60689,0.3211,0.61382,0.014753,0.70166,0.27956,0.50545,0.4827,0.76816,-0.079219,0.02763,-0.40794,0.084272,-0.45931,0.16954,-0.080226,-0.27611,0.40119,0.70806,0.84261,0.77809,0.1403,1.5591,0.70963,0.75864,0.44133,0.39338,-0.083444,-0.091039,0.74932,0.40634,0.26021,0.0088586,0.62306,0.30087,0.77029,-0.06149,-0.20363,0.35656,0.1665,-0.22442,-0.069592,0.2796,-0.46077,-0.39397,0.49548,0.14609,-0.055159,0.55383,1.2473,1.0138,0.46234,-0.53289,-0.035698,-0.91351,-1.1126,-1.0285,-0.83106,-1.0935,-0.82167,1.445,2.7278,3.2312,2.5334,3.3959,3.2696,2.5973,2.0073,-0.44484,-0.34419,-0.39875,-0.30577,-1.8421,-1.7696,-1.9731,-1.7175,-1.1359,-2.0696,-2.0068,-1.5469,-1.4605,-1.1815,-1.1256,-1.7223,-1.0307,-2.0713,-1.2485,-1.8265,-1.1737,-1.616,-1.7886,-1.8253,-1.2575,-1.0863,-0.99533,-0.76383,-0.59021,-0.90543,-0.74488,-0.41993,-0.09073,-0.042298,-0.048703,0.26814,1.2465,1.3419,1.9038,2.549,2.5916,3.4817,2.8522,1.9527,1.754,1.2326,0.60109,-0.70748,-0.51428,-0.34577,-0.74513,-0.53851,-0.09718,-0.46677,0.51071,0.28636,-0.059788,0.18035,-0.45589,1.3142,1.466,1.2673,1.6342,1.5693,1.475,2.391,2.0223,2.3014,1.1762,-0.036906,-0.32259,-0.58106,-0.58035,-0.93234,-1.0403,-1.3345,-0.92768,-0.46949,-0.4585,-1.2213,-1.1783,-0.87752,-0.83542,-0.91076,-0.92616,-0.81641,-0.85832,-0.86965,-0.7705,-0.30594,-0.7532,-0.021253,0.20594,-0.32438,-0.14615,-0.3396,-0.061107,0.5424,0.1816,0.019333,1.1976,1.8572,2.4306,3.0287,2.505,2.527,2.8577,3.084,2.9053,2.819,1.2308,1.2079,0.068787,-0.041987,0.3242,-1.5232,-1.7309,-1.0703,-0.84463,-1.2288,-2.0826,-1.9771,-1.7357,-1.1163,-1.1436,-1.5396,-2.128,-2.2143,-1.6418,-1.6661,-2.475,-2.246,-2.0532,-1.8893,-1.5468,-2.0323,-2.0589,-1.7296,-1.4246,-0.02981,0.176,1.1191,2.0917,2.2938,2.523,2.1249,0.22205,-0.90054,-1.399,-1.4714,-1.4354,-2.5606,-2.1987,-2.97,-2.5583,-2.1232,-2.2136,-2.266,0.2006,0.10131,1.2996,1.7382,1.5582,0.50806,-0.098096,-1.0998,-0.10786,0.11085,-0.34966,0.0072563,0.29676,0.76553,1.6147,0.87551,0.58178,1.0774,0.52216,1.4932,1.7398,2.4396,1.3373,0.60203,-0.28732,-0.66926,-0.74129,0.89112,1.6181,2.274,2.5413,3.251,2.7538,2.053,0.40424,-0.2837,-0.94876,0.0086587,-0.90687,-1.2282,-0.66475,-0.10877,-0.39371,-0.58157,-1.9407,-1.8239,-1.9918,-0.73329,-1.4511,-1.573,-1.1509,-0.73243,-0.75903,-0.97918,-0.84088,-0.39955,-0.14803,0.65703,0.66243,0.43578,0.30696,0.17907,0.47714,0.42163,-0.27721,0.13184,-0.51272,0.2886,0.96571,0.66701,0.64415,-0.5911,-0.25877,-0.31408,-0.50523,-1.0714,-0.86561,-1.0657,0.13553,0.60877,0.40022,0.55401,0.66948,1.6708,0.33728,-0.41076,-1.7817,-1.6295,-1.1462,0.20172,1.3916,1.2745,1.0137,0.37683,0.97448,-0.47904,-0.8053,-1.8501,-1.8548,-1.3184,-1.4874,-1.6367,-1.9898,-1.906,-1.6237,-1.461,-1.0312,-1.0278,-1.1865,-1.2856,-1.2221,-0.38335,-1.1199,-1.9139,-2.0172,-1.3622,-0.80595,0.081134,0.49524,0.29117,1.1441,0.95186,0.42394,0.81746,0.24959,0.17192,1.1724,1.6863,1.1159,0.22033,0.27942,-0.03215,-0.53008,0.10928,0.73392,1.1429,1.7595,2.1835,2.2538,1.7899,1.0685,0.846,-0.7425,-0.46393,-1.0786,-0.94015,-0.81117,-0.28792,-0.65226,-1.5155,-1.0348,-0.643,-0.49685,-0.91962,-0.094026,-0.43805,0.46686,0.8502,0.91775,1.6648,0.24623,-0.63433,-0.33609,-0.44833,-0.74559,-0.65642,-0.21249,1.8749,2.7332,3.2219,3.4485,4.0053,3.5818,2.8044,2.1957,0.54125,0.80225,-0.83791,-0.32533,-0.30132,-1.2088,-0.5973,-0.43604,0.46685,-0.090072,-0.30544,-0.70245,-1.2739,-0.54989,-1.417,-1.1439,0.12461,1.2795,0.54215,1.0772,1.7458,1.8427,1.7809,1.3539,1.1822,0.515,-0.56558,-0.8789,-1.0496,-1.1068,-1.3086,0.25155,-0.26778,0.64229,-0.09196,0.4091,0.6151,1.5192,1.3403,2.0197,1.5143,1.4669,0.60814,0.65366,0.51654,-1.0198,-1.4575,-1.4016,-0.76939,-1.1464,-1.1411,-1.7663,-1.7282,-1.139,-1.2883,-1.626,-1.5095,-1.4296,-1.8452,-0.9473,-1.0764,-0.94716,-1.09,-0.46957,-0.60125,-0.69446,-0.64338,-0.07335,-0.12226,1.6474,1.2635,2.4201,2.239,1.7207,0.94532,0.54018,0.16391,-0.37967,-0.2347,-0.17845,-0.026884,-0.96813,-1.1833,-0.78507,-1.0616,-1.1524,-1.7691,-1.5335,-1.132,-1.1112,-0.71432,-1.4776,-1.5434,-0.57592,-0.4847,0.87772,1.0326,1.658,1.086,0.29681,-0.070519,-0.36263,-1.2449,-2.4333,-1.6123,-0.89334,-1.5557,-1.8975,-1.5705,-2.363,-1.6701,-1.1039,-1.8535,-1.7774,-1.5278,-1.2511,0.66738,0.47443,0.71734,1.8253,1.8412,2.3535,3.7606,3.7281,4.1215,4.0467,3.3902,3.2177,2.1586,1.1023,0.91053,0.55123,0.69472,0.45407,-0.49205,-0.60164,-0.038462,0.10117,0.013397,-1.2159,-1.6652,-0.51202,-0.37365,-0.42625,-1.0999,-1.2084,-0.61933,0.035461,-0.14497,-0.91477,-0.55665,-1.1099,-0.25732,-0.76516,-0.40343,-1.2031,0.0080809,0.67654,1.1278,1.3746,0.69126,0.96008,0.80454,0.34944,0.54798,0.26732,-0.38937,-0.5504,-0.60523,0.43157,-0.085079,0.38621,1.8939,1.6014,2.6544,2.0706,1.3665,0.95099,0.96606,0.97824,0.081735,-0.16299,-0.81202,-1.0036,0.16597,0.70411,1.2266,1.3418,1.7091,1.8083,1.6249,1.4641,1.1895,0.61432,0.61682,1.2668,0.67759,0.89116,0.54388,-0.2032,-0.73172,-0.24682,-0.45654,-0.62977,-1.2377,-0.73851,-0.22636,0.15962,-1.0972,-1.22,-0.23265,0.064758,0.93431,0.86694,0.9162,-0.15972,-0.058203,-0.74842,-1.2638,-1.2043,-1.5869,-0.13928,0.22926,0.37646,0.87197,1.2349,2.325,1.3725,1.0598,1.9238,1.7042,2.0205,1.8005,2.2811,1.4623,0.17809,0.02238,-0.70504,-0.6463,-0.96932,-0.63211,-0.64211,-0.21688,-0.66558,-0.16371,-1.8524,-1.9457,-1.6366,-0.86614,-1.8404,-0.58162,-0.72954,-0.65339,-0.29218,-1.8858,-1.2292,-0.87768,-1.5074,0.46662,0.31817,1.4823,1.3001,1.3116,1.8032,2.3574,1.6338,0.58888,-0.31062,-0.17311,-0.37612,-1.9783,-2.213,-2.0457,-1.7692,-2.841,-2.2658,-1.8145,-1.1519,-1.32,-1.4864,-2.0356,-1.9932,-1.6509,-0.49585,0.63602,0.94975,0.33809,0.013734,0.43915,-1.028,-1.9871,-2.1569,-1.1512,-1.5226,-0.27533,-0.83726,0.035153,0.50542,-0.038564,0.11024,-0.81127,-0.88255,-0.27568,0.20329,0.56856,0.80019,0.79794,1.487,1.0887,1.3889,-0.25785,-0.43106,-0.36596,0.088883,-1.0704,-1.3097,-1.7079,-1.4309,-1.739,-1.3547,-2.1839,-0.27951,-0.017102,0.58918,1.4353,1.2624,0.77372,0.31698,0.48517,0.36124,1.1794,1.8057,1.104,0.90315,0.28114,-0.0796,-0.49346,-2.0877,-1.5573,-2.1293,-1.803,-2.1838,-2.6948,-2.4294,-2.1479,-1.3498,0.25969,0.21936,0.27344,0.83343,-0.081172,0.43667,-0.93345,-1.8164,-0.93181,-1.2244,0.48979,0.05076,-1.3899,-1.8451,-1.0555,-0.87193,-1.5142,-1.1153,-1.5785,-1.8524,-1.668,-2.1973,-2.661,-2.2946,-1.6827,-0.72269,-1.4437,-1.8183,-1.3579,-1.2005,0.27795,0.58096,0.76807,1.315,1.4027,1.6657,2.0281,0.45215,-0.73511,-1.2062,-1.5334,-1.4236,-2.4268,-2.4271,-2.1944,-1.7995,-1.7054,-2.0399,-1.8044,-1.6795,-0.61097,-0.36369,-0.072049,0.091434,-0.52221,-0.30247,-0.47982,-1.5341,-2.089,-1.9425,-1.98,-2.0756,-1.6339,-1.6619,-1.3646,-1.419,-0.81978,-0.84387,-0.7275,0.69502,0.83662,1.3511,1.0743,-0.32681,-0.50629,-0.024185,-0.33541,-0.49612,-0.2653,0.13483,0.26031,0.43092,1.1775,0.95893,1.2739,1.4069,1.2177,0.32432,0.4355,1.1463,2.6902,3.6654,2.7331,4.3328,4.0534,3.8195,3.7583,3.1969,2.563,2.4176,1.0533,0.32943,0.014543,-0.21534,0.3791,-0.24956,-0.14679,-1.1095,-0.9028,-0.58474,-1.1362,-0.97077,-1.5624,-0.93906,-0.53086,-0.67311,-0.69613,-0.87537,-0.54582,-0.25886,-0.45725,-0.13857,0.18129,-0.17098,0.015479,-0.20842,-0.30205,0.48424,0.31454,0.65337,0.61304,-0.026629,0.4222,0.79896,-0.39472,-0.25111,-0.0041139,-0.26942,0.74932,-0.46127,-1.4096,-0.1848,-0.60149,-0.60151,-0.15657,-0.42504,-0.73277,-0.12153,1.0181,0.73083,-0.51373,-0.74322,-1.4928,-1.5738,-0.71367,-0.88704,-1.3809,-1.4246,-0.0653,-0.32532,-1.0096,-1.5897,-1.1784,-0.83494,-0.60417,-1.1306,-0.75921,-0.45495,-0.3428,0.12054,0.90798,1.2329,0.38002,1.4121,1.3119,1.7122,2.6246,2.8735,2.7588,2.9124,2.8056,2.7947,2.0089,0.94369,-0.63685,-0.55532,-1.21,-1.9943,-2.6934,-2.395,-2.3238,-1.6694,-2.1573,-1.7297,-2.6925,-2.2938,-2.1295,-2.063,-2.0842,-2.2556,-2.0152,-1.6783,-1.4084,-1.9113,-2.4584,-0.98373,-1.2293,-1.0413,-0.24202,0.086842,0.9344,1.629,1.7102,2.3526,2.4932,1.3826,0.58141,0.46848,0.14714,-0.88979,-2.2499,-2.2541,-1.6747,-0.68627,-0.97316,-1.0263,-0.5917,-0.42036,0.83975,1.5246,1.39,1.0339,0.62768,0.63543,0.10628,-1.5449,-2.1328,-1.5344,-1.5627,-1.6278,-2.0322,-1.0915,-0.63048,0.17055,1.7071,2.6501,3.6176,3.8512,3.8253,3.2527,2.8035,0.58574,-0.93825,-0.62745,-0.89479,-0.49605,-0.63983,-1.2369,-1.2954,-1.9612,0.02689,-1.3834,-0.66354,-0.40864,0.13479,1.204,1.6526,1.2795,1.8663,2.6958,2.3562,1.9864,0.85865,0.64945,0.62768,1.5736,2.528,1.4554,1.2788,0.54449,0.34719,-0.6565,-1.3415,-0.82658,-0.52929,-0.93975,-0.43383,0.075523,-0.31931,-0.59988,-0.53422,-0.058369,-0.19544,-0.81861,-0.29004,1.0523,1.3965,2.0028,1.7084,1.9457,1.7164,1.1132,0.57558,-0.031891,-0.35304,-0.46108,0.58321,0.23113,0.74021,0.68441,0.69064,0.28686,0.91149,0.31038,-0.56648,-1.1234,-0.55779,0.046992,0.33762,0.83793,1.1099,1.6449,1.5011,0.30753,-0.17352,0.87674,1.3602,1.6603,0.9097,0.072101,0.22471,-0.68607,-0.45098,-0.40989,-1.0529,-0.85529,-0.79241,0.45859,1.0718,1.1482,0.1257,0.063597,-0.8083,-0.86701,-1.3289,-1.0225,-0.48559,0.3012,0.32513,0.74676,1.1386,0.19783,0.002907,-0.78036,-0.18394,-0.93181,-1.534,-1.6309,0.11243,-1.0486,-0.7599,-1.0837,-0.70733,-0.6688,-0.84021,-1.4583,-0.63095,-0.50695,-0.14113,0.69112,0.94342,1.7094,2.2215,2.833,2.4242,2.3035,1.775,2.0064,1.6122,1.9694,2.0248,1.8725,1.6855,1.3327,1.1851,0.42169,-0.49326,-0.55129,-0.29865,-0.34472,-0.81225,-0.79025,-1.0869,-1.6195,-1.0433,-0.98543,-1.7878,-1.1917,-0.65428,0.18783,0.10007,-0.20172,-0.22124,-1.1286,-0.32255,-0.25515,-1.0228,-1.0342,-0.41471,-0.16987,0.48342,-0.36478,-0.27999,0.7678
0.10034,-0.3677,0.9029,-0.47391,0.40799,1.5824,-0.62684,-0.40633,-0.20057,0.17905,-0.88989,0.10415,-0.32782,-0.019625,-0.053119,0.79956,-1.7228,-0.81287,0.65855,0.56792,-0.5012,-0.092249,-0.52079,-0.1921,-0.84598,0.17987,-0.058365,-0.36408,0.4576,-0.46983,-0.10662,-0.069792,-0.98465,-0.90707,-0.11748,0.022389,-0.12695,-0.84025,-0.42354,-0.030003,0.15778,-0.87708,-0.23071,-0.1757,-0.34361,-0.76813,-0.45858,-0.17895,0.62899,-0.75148,0.45837,0.59447,0.32558,-1.083,0.37198,0.13623,0.20166,-0.62805,-0.059479,-0.039465,-0.059758,0.38654,0.57806,-0.59383,-0.5135,-0.80237,0.35744,0.18131,-0.6517,-0.70361,-0.12407,-0.18864,0.94089,0.027182,-0.68323,-1.0686,0.67316,-0.81762,0.25792,-1.0015,-0.24366,-0.33515,0.54728,0.54342,0.40867,-0.49493,0.063244,-0.16049,-0.024939,-0.29049,-1.1486,-0.5892,-0.46339,0.24649,0.4683,-0.9814,-0.59554,0.039313,0.31124,0.41406,-1.6846,-0.78062,-0.48902,-0.34604,0.47175,-1.5635,0.12705,0.1761,0.35865,-1.3362,0.09925,-0.21024,-0.34958,-0.32049,0.14735,-0.099353,0.30637,-1.2256,-0.17597,0.37863,1.0511,-0.70894,0.34665,0.87234,1.2268,-0.23535,0.84498,0.43309,-0.51592,-0.33074,-0.48281,0.35064,0.26752,0.25837,0.36797,-0.98669,0.40147,-0.35974,-0.19707,-0.65168,0.41946,0.51355,-0.31286,-0.88479,-0.0078341,0.5418,-0.40299,-0.96321,-1.2638,0.32939,0.58543,-0.65333,0.42023,-0.035614,0.45725,0.34051,-0.29274,-0.20889,-0.36619,-0.085369,0.2202,0.36277,-0.2822,0.58188,0.031984,0.45442,0.15973,0.72316,0.3523,-0.21169,-0.64786,-0.027627,-0.23687,-0.19374,-0.77196,-0.35322,-0.17721,-0.68318,-0.40611,-0.26707,0.40573,-0.40451,0.60074,-0.40909,-0.56999,-1.0151,0.78679,0.026342,-0.61845,-0.62187,0.00075687,-1.0256,0.32158,0.36371,1.6728,0.14262,0.37784,0.63371,-1.008,-0.40791,0.26592,0.2285,0.5172,1.4993,0.48002,-0.1134,-0.052472,0.13527,-0.29741,0.81533,-0.13006,0.35621,-1.1549,-1.1346,0.036379,-0.72908,-0.54092,0.34622,-0.12669,-1.0779,-0.29989,-0.12512,-0.062889,0.015376,-0.19355,0.40089,0.58963,-0.41154,-0.38748,0.20489,0.466,-1.1267,0.20155,-0.55719,0.57008,-0.63426,-0.5607,-0.75364,-0.655,0.21159,0.6583,0.20154,-0.36092,-0.19841,0.77019,0.21775,-1.034,0.075587,-0.039818,0.017821,-1.8564,0.24037,-0.28976,0.52338,-1.4609,-0.086064,1.0711,0.41032,-0.52141,0.20629,-0.38432,0.30897,0.1687,-0.34229,-0.043728,-0.6687,0.011787,0.56094,0.99834,-0.82408,-0.45498,0.34316,1.1938,-0.040383,-0.79115,0.065061,-0.65949,0.071141,1.2376,-0.34209,-1.1331,0.031598,0.41731,0.041828,0.0061478,-0.64824,0.3607,0.024837,0.24321,0.32104,0.0061545,0.45555,-0.15459,0.21753,-0.98436,0.48889,0.66645,-0.12776,-0.62336,0.014576,0.43163,0.62076,-0.18903,-0.85327,-0.095443,1.0536,0.79226,-0.095785,-0.23654,0.26513,0.90525,0.18551,0.37528,0.20232,0.60864,0.079433,0.92986,0.21918,-0.38339,-0.14664,0.12599,0.90449,-0.44852,0.3796,0.26457,0.8891,0.035625,0.13494,0.27459,0.24835,-1.4518,-0.24354,0.15756,1.4838,-1.1056,0.0089274,0.10036,0.85745,0.10454,0.097359,0.48387,-0.73862,-0.18758,0.60777,1.0765,-0.28872,0.53161,0.73141,1.9018,0.4758,0.61785,0.74514,0.036314,0.025562,0.28452,-0.014726,0.15882,-1.7634,-0.12819,0.10915,-0.81805,0.26377,0.21576,0.034371,-0.86578,-0.13557,-0.62348,0.061332,-1.1256,-0.30354,0.32008,-0.32249,-0.49293,-0.44224,-0.10315,-0.79328,-0.12226,-0.17358,-0.64975,-0.24273,0.59311,0.1047,0.13304,-0.67604,0.43198,0.073443,-0.34937,0.20036,0.90677,0.8023,0.1077,-0.18187,0.87294,-0.26749,0.31458,0.35423,0.56197,-0.27424,0.17301,-0.088148,0.14295,1.2298,1.0181,0.62958,-0.71501,0.75067,1.0815,0.26128,-0.64679,0.30378,0.75763,0.6857,0.074311,0.4795,0.40121,-0.91003,0.092225,0.0032506,0.52987,-0.39843,-0.76713,0.39566,0.7881,-0.47588,0.010853,-0.27472,0.47587,0.68867,-0.77263,-0.56736,0.54715,-0.88691,0.013674,-0.74005,-0.79453,0.749,0.14507,0.027883,-0.11068,0.25072,0.31469,0.58039,0.34419,0.68545,0.027521,0.054284,0.82841,0.47801,0.80004,-0.51689,-0.66429,1.2702,0.58537,1.3297,-0.12911,0.21711,-0.69585,-0.27749,0.60942,-0.006782,-1.292,1.5543,1.0238,0.96305,-0.84893,-0.39642,1.3288,0.81664,-0.18136,0.70264,-0.59725,-0.81328,-0.28895,0.075441,0.2152,-0.11248,-0.93689,-0.31111,-0.097996,-0.013485,-1.0913,-0.33187,0.76582,0.72571,-0.83777,-1.6713,0.90999,0.52238,-1.5387,-0.62165,0.11724,0.8442,-0.33357,0.43618,0.21982,0.32475,0.60186,0.66008,0.98209,0.66145,-0.95417,0.22694,0.23161,0.20968,-0.29487,0.366,0.60419,-0.25997,0.057489,0.37445,0.82077,-0.3446,0.024617,0.3696,0.63662,-0.063075,-0.27384,-0.2279,-0.37295,-0.16548,0.53662,0.47401,-0.38551,0.34539,0.4133,0.11728,0.25054,0.21926,0.41548,-1.0725,-0.022909,0.45378,0.86901,0.40298,0.49508,-0.30215,0.57167,-1.8716,-0.0078284,-0.50964,-0.53253,-0.15655,-0.7787,0.66991,-1.1171,0.75155,-0.10526,0.55796,-0.41464,0.74185,0.47571,-1.1545,-0.85174,-0.85635,0.68034,0.13684,0.41062,-0.00345,-0.1767,-0.21517,0.14208,0.12417,-0.014222,-0.34404,-0.243,-0.15491,0.70524,0.15541,-0.94758,0.082519,0.074705,0.15117,-0.54453,-1.1118,0.09333,0.29621,0.068407,-0.69635,-0.33467,-0.089326,-0.30119,0.79654,-0.39327,0.11825,0.38977,0.77774,-1.1134,-0.12026,0.15963,-0.04085,0.14213,1.1956,0.36051,-0.21809,0.41789,0.51193,0.49265,0.039296,0.63795,0.79105,1.3226,0.41846,1.1934,1.2855,0.95213,0.0075537,0.27771,0.15561,1.1598,-0.84733,0.49923,0.54301,0.46205,-0.6227,-0.051694,0.23907,1.4435,-0.29597,1.1415,1.482,1.3753,-0.31696,1.0824,1.7125,1.3009,-0.77961,0.14803,0.13602,0.74298,-0.43613,0.94045,0.73104,-0.43243,1.142,0.050748,1.1217,0.26821,1.0008,-0.55626,-0.14915,0.35291,1.2536,-0.81307,-1.081,0.31512,0.95052,-0.78713,-0.6595,0.079309,1.0014,-0.98504,1.0766,-0.22178,1.9155,0.29463,1.7264,0.55006,0.091185,0.31334,1.2368,0.58639,0.29002,0.20917,1.2069,0.25202,0.019262,0.58463,1.3426,0.41613,-0.031949,0.089587,0.18228,0.26026,0.28848,-0.53363,1.35,1.1549,0.63487,-0.025743,0.97826,1.1058,0.17854,-1.1092,-0.27328,0.71782,0.034542,1.1766,0.94393,0.050099,0.039006,1.3819,0.47829,0.9422,0.8861,0.96025,-0.019441,0.5756,0.97596,0.72092,0.26703,-0.057456,0.65987,0.028985,-0.85968,-0.40919,-0.084836,-0.04862,-0.35041,0.47695,-0.13241,0.3531,0.28804,0.70975,-0.25274,0.77912,0.043137,1.3181,0.63418,-0.04789,0.16931,0.13554,0.62567,-0.18706,0.23766,0.37912,0.039559,1.111,0.69629,0.13289,-0.024945,0.84713,0.66404,-0.40091,0.39872,0.45847,-0.15123,0.68657,-0.59295,-0.44654,-0.39561,0.41424,0.39468,0.76954,0.7516,0.85821,0.92259,0.3736,0.46243,1.1049,-0.12394,0.3439,0.75762,1.512,-0.097336,-0.92709,-0.79899,0.244,0.27649,0.91847,0.40891,0.46165,0.64219,0.2399,1.0847,0.23689,-0.45731,-0.81601,0.28651,0.046385,-0.15457,0.13654,-0.6159,-0.7375,0.037984,0.069941,-1.3816,-0.61164,-0.25361,0.27301,0.14233,0.52429,0.51325,-0.21154,0.18951,-0.45238,-0.16941,-0.29266,-2.0419,0.33005,0.074098,-0.52648,-0.07695,-0.62979,-0.40931,0.3444,0.039601,-0.48451,-0.17991,1.2513,-0.80946,0.77196,0.48735,0.06966,-0.046508,0.37007,-0.30376,1.143,-1.8009,0.21672,0.40786,-0.24678,0.19161,0.7512,0.405,-0.8101,0.29491,0.95292,-0.18886,-0.31138,-1.2524,-0.96798,-0.28906,-1.1032,-0.5277,0.061631,-0.50449,-0.79072,-0.69209,0.46194,0.38079,-0.89885,0.38652,-0.38422,0.76568,0.2911,0.78165,-0.39601,-1.0878,-0.28117,-0.71559,-0.45738,-0.026767,-0.10111,0.13223,-0.58437,-0.48292,-1.099,0.59268,-1.069,0.4151,1.321,0.72573,-1.2672,0.15484,0.16976,0.45492,-0.92545,-0.51602,0.50086,0.24876,-1.2782,0.27814,-0.3304,0.23315,-0.10978,-0.10484,-0.10376,-1.5183,0.54969,-0.15378,-0.78339,0.79421,0.072645,-0.72549,-0.28282,-1.2287,-0.62498,-0.5124,0.5779,0.12877,-0.89214,-0.16568,-1.2887,-0.045048,-0.38184,-0.57375,-0.49135,-0.39908,0.12974,-0.082606,-0.85242,0.67791,-0.55,-0.35571,-0.3244,-0.3233,0.50091,-0.62074,-0.75881,0.17335,-0.10977,0.74171,0.0027565,-0.21738,-0.057235,-0.57485,0.11451,-0.69416,-0.43072,-0.60537,-0.62593,-0.06315,0.083961,-0.80199,-1.1124,0.2946,0.048183,-1.1196,-0.41214,-0.33361,-2.0002,0.28383,-0.54141,-0.51786,-0.3929,-0.54039,0.13143,-0.55709,-1.2025,0.31874,-0.88011,1.0108,-0.74154,0.11351,0.13891,-0.86486,-0.72557,-0.022359,0.32429,-0.13728,-0.74834,-0.78897,0.056628,-0.26791,0.12378,0.25772,-0.42316,0.30969,0.0050581,-0.010497,0.67887,0.17146,0.31104,0.5588,0.60374,-0.72343,-0.67366,-0.34954,-0.27771,-0.16834,0.10911,-0.021604,0.042732,-0.45314,-0.028167,0.51921,-0.13146,-0.39399,-0.60436,-0.0093014,-0.48711,-0.23347,0.7979,-0.8571,0.14897,-0.57731,-0.020084,-0.61712,-0.15525,-1.4003,-0.39741,0.33764,0.51666,-1.5216,-1.1212,0.96275,-0.45461,-0.46537,-0.94802,-0.14004,0.82766,0.28281,0.46141,0.54003,0.49602,-0.41782,0.52554,-0.36916,-0.64541,-0.90735,-1.2351,-0.87924,0.32585,-0.26835,-0.91328,0.16877,0.74545,0.60034,0.4648,1.3061,0.43394,-0.47967,1.0401,0.43824,0.055803,-0.4541,-0.15713,0.52776,0.45734,-0.63445,-0.43531,-0.88587,1.5341,-0.76083,0.92126,0.76727,-0.11973,-0.48483,0.78574,0.056954,-0.22002,-0.48793,-0.61752,-0.12725,-0.10368,1.105,0.63662,0.64307,-0.661,0.20789,0.42387,0.99987,-0.23409,-0.82159,0.19065,0.053242,1.2175,-0.92589,0.3094,0.25242,0.52735,-0.14805,-0.27103,0.46792,0.87361,0.78768,-0.35085,-0.46811,0.10089,0.044133,-0.33398,-0.81476,-0.57257,-0.59448,0.14386,-1.0595,0.059115,-0.21121,0.40877,-0.84573,0.52326,0.45075,-0.068925,-0.71525,0.12966,0.22626,0.19698,-1.2402,1.1434,1.1141,0.48822,1.2977,-0.25073,-0.11348,-0.18495,-0.074513,0.81945,-1.2786,-0.4837,0.15084,0.017918,-0.18558,-0.14474,0.21589,1.227,-0.15287,0.93141,0.46789,0.0045577,0.14142,0.11326,0.31329,0.16774,-0.1363,0.62723,1.0213,0.29697,-1.7444,-0.62173,-0.0069469,0.45659,-0.083507,0.2401,-0.51371,0.036668,0.31416,-0.27992,0.4306,-0.64495,-1.5353,-0.24747,-0.10017,0.17367,0.32557,-0.30304,-0.58777,0.33586,0.14873,-0.53163,-0.73467,-0.55197,1.245,0.29053,-0.56171,0.24225,-0.53205,0.43084,-0.72182,-0.26876,0.53129,-0.18727,-1.0819,-0.2403,-0.09306,0.16485,0.586,0.53926,0.13228,-0.48537,0.011025,-0.21344,-0.32024,0.53534,0.66551,0.40068,-1.1864,0.40064,0.12841,-0.56918,-1.011,-0.59689,0.058017,0.45403,-1.063,1.0236,0.96009,0.092976,-0.99369,-1.2159,-0.14839,-0.47703,0.69707,-0.52488,-0.15927,0.46203,-0.03178,0.15621,-0.28656,0.45641,0.11295,0.034295,0.32023,-0.45471,-0.031068,-0.40971,-0.44907,-0.20426,0.25796,-0.35473,-0.2239,-0.12663,-1.3261,-0.29858,0.98364,0.66877
-0.52752,-0.60625,0.31618,0.63397,-0.75992,-0.33712,-0.28513,1.7009,0.79157,-0.208,-1.2331,-1.4616,-1.0926,-1.4152,-0.6963,-1.7586,-0.14159,-0.52741,-0.37237,-0.76824,-0.79382,-1.4642,-0.78648,-0.3307,-0.46945,0.22797,-0.97012,-0.6956,0.13676,0.30125,-0.1132,0.040105,-0.50038,0.81812,0.2062,1.1877,-0.39817,-0.27674,0.027871,0.39516,-0.057334,-0.52289,-0.85166,0.13675,-0.69025,-0.95594,-0.48873,-0.91748,-0.35282,-0.53459,-0.062735,0.081334,-1.2559,0.6075,1.1709,1.5626,0.99775,0.11045,-0.87523,0.075176,1.5145,0.078406,0.00034998,-0.3364,1.2996,1.3309,1.4731,1.0293,0.80013,0.88237,1.5896,1.5363,0.44986,0.79159,-0.56342,0.19713,1.0474,-0.33564,-0.030578,0.57619,0.70446,0.81882,0.019531,0.086304,0.40278,0.60692,0.072213,-0.07867,-0.72762,-1.6117,0.018376,-1.0041,-0.83258,-0.76909,-1.8323,-1.2901,-0.16961,0.91791,-0.12875,-0.36207,-0.63862,-1.0439,0.88105,0.90304,0.34988,0.58778,0.11685,-0.0082918,-1.3962,-1.4573,-2.6433,-0.98356,-0.59393,-0.93299,-1.5149,-1.4724,-1.7059,-0.43291,-0.98832,-0.94944,-2.4812,-0.87496,0.55006,-1.2577,-1.2144,-2.0503,-1.1195,0.22713,-0.68525,-0.47971,-0.95024,-0.49746,-0.37722,-0.34894,-1.3025,-0.80337,-0.7556,-0.50252,0.56836,0.26352,0.66773,-0.7068,-0.49528,0.44785,1.0772,-0.35545,-0.77339,-1.5686,-2.2022,-0.25051,-0.69586,-1.1721,-1.4134,-1.8977,-1.0714,0.92157,0.40423,0.45889,0.076286,0.82341,1.6165,1.696,2.7588,1.5125,1.616,2.7631,2.3604,2.4161,2.0056,1.7139,2.2456,1.7189,1.3118,0.2224,-0.22885,-0.5798,0.10465,-0.69006,-1.5837,-1.5681,-0.16736,-0.84222,-0.89735,-1.6702,-1.2552,-0.22254,-0.41736,-1.5821,-1.8139,-2.1183,-0.68113,-0.56191,-0.58436,-1.8205,-0.98685,-0.55337,-0.096391,-0.51468,-1.7312,-0.9958,0.6521,0.72765,1.6915,1.7801,1.51,1.8724,3.0095,3.0052,2.5099,1.9898,2.9034,2.5498,2.8174,1.7039,2.0414,1.7429,0.51047,0.50669,0.4965,-0.50985,-1.1076,-1.4494,-1.197,-0.67177,-1.1689,-0.71694,-1.7675,-1.3375,-1.2903,-1.1673,-1.6746,-1.7711,-1.4058,0.065363,-1.1377,-0.93047,-1.1388,-1.6087,-1.8066,-1.1611,-0.91661,0.041569,-0.15966,1.2092,2.3035,2.3514,2.6073,2.2733,2.8818,0.91647,0.6057,-1.0508,-0.90287,-1.6644,-1.4441,-1.0019,-1.683,-0.81642,-0.54936,0.22902,1.0403,0.2393,1.4679,1.7329,2.7183,2.8427,1.6672,1.3819,-0.2505,-0.01414,0.89,1.6173,1.5948,0.55811,0.53868,2.0827,1.6087,1.4516,1.1377,1.7373,1.8027,0.88834,2.0822,1.5263,1.2379,0.10722,0.7923,-1.1831,-1.3165,-0.66637,-0.35548,-1.4414,-1.3012,-1.11,-0.23335,-1.1225,-0.92411,-0.93523,-1.0315,-0.079846,-0.40885,-0.29364,-1.6589,-0.9563,0.4,-0.44021,-0.29596,-1.0403,-0.53543,0.72742,0.24986,0.79873,0.22608,-0.42375,1.2948,0.70741,0.66485,0.76573,1.3008,1.6436,1.2386,0.87815,0.7248,0.77908,0.43148,1.7099,0.00165,0.84518,0.21006,0.34902,1.4755,0.54852,0.67611,-1.0679,-0.2342,-0.75689,0.46875,0.50813,-0.36394,-0.33934,-0.28033,0.84377,1.0262,0.40832,0.36231,0.67671,0.18003,0.06095,-0.35385,-0.81712,0.70895,0.21217,1.4689,1.4852,1.6891,0.31278,0.32928,0.34044,-1.0355,-1.9726,-1.6619,-2.5488,-0.44901,-0.62357,-0.39725,-0.80191,-0.73674,-1.0293,-0.50458,0.19994,-1.0268,-0.88035,-1.7852,-1.2315,-0.36162,-1.0229,-0.78915,-0.18765,1.1393,1.8432,2.068,1.3018,1.8795,1.4422,0.95337,0.50728,0.05713,-0.21388,0.15034,-0.56388,-0.30434,-0.74985,-0.36349,-0.23253,0.35275,1.2009,0.30723,0.84243,1.5781,1.2892,0.98604,0.50585,0.22115,-0.010747,-0.59647,-0.97967,-0.37785,-1.0812,-0.94873,0.48636,-0.34558,-0.73342,-1.2756,-0.55068,-0.71976,0.25723,0.50867,0.72865,1.8225,2.1665,2.0918,1.6396,0.75586,-0.89529,-0.8189,0.62883,-0.55085,-0.10634,-0.45829,-0.13142,0.08438,0.56398,-0.55484,-0.2029,-0.8299,-0.056865,-0.7906,-0.82623,-1.382,-0.88408,0.38912,-0.3394,-0.4919,-1.4091,-0.59124,-0.63136,-0.69498,-0.97504,-1.4368,-0.42706,0.69232,1.2576,1.5588,1.1481,1.8431,2.0227,2.5262,1.7222,1.867,2.5268,3.2125,1.5411,1.907,-0.29705,0.28472,-0.1061,0.92689,0.23663,0.04141,0.76823,1.5819,0.72236,1.7944,1.4683,1.1572,2.2594,1.8155,1.1715,1.4215,-0.37867,0.23742,-0.35156,-0.93893,-1.2692,-1.5218,-1.0162,-1.0298,-1.41,-2.4619,-3.0087,-1.9974,-1.6008,-1.8578,-1.8719,-1.1237,-1.1608,-0.98385,-0.90362,-1.5965,-0.039278,0.20036,0.1742,0.68709,0.1061,0.46568,1.923,2.1909,1.9741,1.9137,1.5809,1.8164,2.3566,1.551,0.50931,-0.19808,0.2416,-0.7989,-0.74024,-0.82965,-1.1741,-1.3912,-0.53944,-0.87211,-0.73813,-1.271,-1.3389,-1.0025,-0.46856,-0.11169,-0.14095,-0.5595,1.2924,1.0169,1.336,0.28683,0.7637,0.30255,0.80219,-0.80542,-1.3465,-1.1347,-1.7784,-0.23153,-0.48469,-0.77255,-1.088,-1.8003,0.089517,-1.4387,-1.5257,-1.4345,-1.2545,-0.079414,0.19391,-0.50821,-0.051174,0.24412,-0.3565,0.01874,0.41943,0.48698,-0.41097,0.023928,-0.0047393,0.61095,-0.28478,-0.041583,-0.15731,-0.51437,0.52235,0.96841,0.71115,-0.33236,-0.42041,0.8511,-0.65848,0.71802,0.0065814,-0.12037,0.35508,0.51182,1.1194,1.3274,-0.16567,0.98085,0.38292,0.4391,-0.084956,-0.80071,-0.19264,0.35147,0.29924,0.50693,0.43768,0.55263,1.1842,1.2217,0.70193,-0.15189,0.34533,0.23175,0.060996,-1.0586,-0.78499,-0.89036,-1.2248,0.40105,0.18375,1.0394,1.4576,1.105,3.2908,2.0085,1.6565,0.65133,0.95313,0.57234,0.93268,-0.24343,-0.98968,-0.37842,-0.57737,1.5639,2.1285,1.785,1.0827,0.79582,1.1673,1.2187,0.56991,-0.29588,-0.53302,-1.0765,-1.449,-1.1171,-1.827,-2.4442,-1.0012,-1.0987,0.28681,-0.17931,0.070775,-0.30879,-0.18107,0.32423,0.13978,-0.46165,-0.25982,-0.061312,-0.016528,-1.13,-2.4319,-1.8553,-1.6851,-1.5691,-1.8894,-1.0945,-1.8712,-0.89971,-0.45975,0.65601,-1.0956,-0.27814,0.88372,1.03,-0.086751,1.4465,1.0242,0.9151,2.1883,1.0692,0.89308,-0.47189,-1.1235,-0.65583,-0.22575,-1.5979,-1.1175,-0.35767,-0.49067,-0.65834,-1.1243,-1.8399,-2.6289,-2.0647,-1.2625,-0.68449,-1.4416,-2.3755,-1.582,-0.99798,-0.66421,-0.66682,-0.49224,0.35394,1.0374,0.85381,0.42545,1.1339,1.5269,2.5896,2.1519,1.75,1.2752,-0.47576,-1.5274,-1.4635,-1.7785,-2.4524,-1.7881,-0.23052,-0.63343,-1.2908,-1.7849,-0.99316,0.031083,-0.061607,-1.0276,0.40427,0.966,1.6198,2.3299,0.94302,0.96266,1.0193,1.3924,1.1557,0.40272,0.095493,0.35661,1.7588,1.3489,0.68897,-0.21889,1.1443,0.71496,-0.8888,0.19897,-0.37276,-0.85273,-1.0189,-1.5154,-1.9537,-3.0299,-2.192,-0.96179,-1.3791,-1.6036,-2.5027,-1.8702,-1.1711,-1.3938,-1.3125,-0.47309,-2.5183,-0.92463,-0.32051,0.15827,0.15964,0.38472,1.571,2.2396,1.7509,1.5709,0.62268,0.39307,0.82239,1.5769,0.67268,1.1216,0.34754,-0.037215,0.15673,-0.83261,-1.8531,-2.1879,-3.0294,-1.0158,-1.0412,-1.0972,0.14129,-0.088953,0.95165,1.1208,1.3061,1.354,0.67894,1.8309,1.151,-0.034918,0.93211,-0.6103,1.7258,1.6009,0.52966,-0.87415,-0.70553,-1.2068,-0.58002,-1.6458,-2.0334,-2.5943,-3.1589,-1.444,-1.7002,-2.2119,-2.4127,-2.1244,-2.0835,-1.1106,-0.77034,-0.80824,-0.16538,0.53525,1.4055,1.0538,0.9277,0.36857,1.2241,0.63296,0.27389,-0.69071,-1.5338,-1.5289,-2.5593,-1.9018,-2.0125,-2.0722,-1.0925,-1.982,-1.7526,-2.1851,-1.5364,-0.29401,-0.38124,0.67875,-0.35251,-0.033769,0.76714,-0.26679,-0.96774,-1.7673,-1.71,-1.3767,-1.0731,-1.3063,-1.5977,-0.53641,-0.16214,0.29427,0.53348,1.0868,1.6526,1.6498,1.8174,1.7233,1.8325,0.85216,1.4364,1.1963,0.1589,0.43197,0.80017,1.2549,1.3772,1.3334,1.4346,1.823,1.5775,1.2622,0.93991,-0.19571,0.40212,0.23146,-0.80339,0.33241,0.081118,0.27573,0.68262,-0.15385,-0.87889,-0.72775,-0.13704,-0.91077,-1.0555,-0.90377,-1.9627,-0.80183,-1.3672,-1.153,-1.5122,-1.5228,-0.1492,-0.33555,-0.6056,-0.38786,-0.27203,0.30661,0.663,-0.097746,-0.68281,0.52041,0.63552,-0.20418,0.060945,-0.22539,0.63545,0.53514,0.33897,0.32372,0.91837,0.68936,1.211,0.40893,0.46492,0.26534,0.20997,0.23568,-0.10606,-0.23987,0.66668,-0.91964,0.24057,0.65443,-0.25867,-0.44645,0.70021,0.59465,0.96148,0.38604,0.48233,1.3188,0.63853,0.76689,-1.411,-0.8984,-0.20663,0.061403,-1.2745,-1.5915,0.16215,0.21521,-0.036892,0.12008,-1.2568,-1.092,-0.67083,-0.32914,-0.3982,-1.4442,-1.0685,0.44267,1.3657,2.1082,2.0964,1.2725,1.8754,1.8211,1.8117,3.4974,3.1822,2.9233,2.7658,3.2857,2.5148,1.9709,0.98294,0.24113,0.47139,0.14594,-0.87577,-1.343,-2.1852,-1.0709,-1.0187,-0.9083,-2.1723,-2.2312,-1.3423,-0.35833,-1.3314,-1.2331,-2.5233,-0.56449,-0.73004,-1.1748,-0.67716,-1.4932,-0.39554,-0.76199,1.2017,-0.20203,1.5085,0.98365,0.9371,2.3559,2.4398,1.8863,2.7866,1.6366,1.6239,0.99342,0.75177,-0.32939,-0.93178,0.20466,0.29616,-0.81775,-0.22111,1.0235,1.5491,2.2849,2.0157,2.6775,2.0357,1.3729,1.2229,1.238,1.2745,0.14562,-1.1182,-0.46988,-0.37845,0.10151,2.1057,0.31245,-0.68541,-0.078792,0.399,0.30876,-0.83687,-1.3032,-0.55952,-0.45804,-1.2656,-1.8239,-1.8381,-1.2091,-0.46493,-1.7552,-1.1922,-2.5101,-1.4263,-0.93959,-0.44651,0.11448,-0.71787,-1.2053,0.27063,0.8508,0.99568,1.0768,0.28857,1.5891,1.56,1.4917,1.38,0.94481,1.6562,2.2742,1.2936,0.060777,-0.24346,0.010451,0.18585,-0.49287,-1.0774,-1.0287,-0.72856,-0.40898,-0.35684,-1.2359,-1.2885,-0.76713,-0.17405,-0.1556,0.39758,1.3293,0.80087,1.1512,2.2623,1.4241,1.6384,0.52404,0.65436,1.1348,0.23186,0.52489,0.04801,0.24564,0.36554,-0.7078,-1.5156,-2.1308,-1.3319,-1.7243,-1.5797,-1.3637,-1.3888,-0.19608,0.87696,0.62929,0.68061,0.89746,2.4169,1.7263,0.71097,1.0504,-0.44716,0.92638,1.3284,0.7481,-0.54574,-0.4584,-0.86187,-0.92015,-1.4167,-0.10786,0.34057,0.34808,0.73787,2.6665,1.4968,0.44976,0.47112,-0.52285,0.059896,0.24544,0.11763,0.14371,0.14461,0.60951,0.12144,-0.20566,-0.67932,-0.76457,-1.1646,-1.1218,-0.78239,-0.9544,-0.42502,-0.058739,0.0036309,0.25955,-2.4094,-1.1397,-1.081,-0.82576,-0.6345,-1.3194,-0.60473,0.68378,1.2616,1.0322,0.67337,1.0288,1.536,2.0152,1.544,1.4766,1.5235,2.6532,2.3747,2.4488,0.9279,0.92618,1.0906,0.44321,-0.32453,-1.4155,-1.8433,-2.691,-1.0638,-2.1907,-2.7099,-2.1999,-1.3821,-0.52614,-0.44262,-0.63717,-1.0594,-1.4473,-0.4312,-1.0524,-0.37494,-1.5495,-1.8493,-0.49771,-1.122,-1.9153,-0.060441,-0.68657,-0.006526,-0.54398,-0.051219
-0.56396,-0.60638,-1.1699,-0.7343,-0.74619,-0.28954,-0.33579,-1.3977,-0.26912,-0.59523,0.23125,0.16045,-1.6529,-1.2502,-1.1193,-0.72833,0.25548,-0.84785,-0.75506,-0.1809,-0.23993,-0.2275,-0.62264,-1.1852,-0.74171,-1.2173,-0.14862,0.51591,-0.73753,-0.2064,0.041802,1.2601,1.1329,0.43364,1.2011,0.48112,1.0377,1.2495,0.62884,0.17696,0.91091,0.73175,-0.068342,-0.11402,-1.5399,-1.1027,-0.78918,-0.62184,0.23808,-0.29095,0.37752,0.19682,1.6766,1.293,0.66563,0.56476,0.64292,0.18211,1.5009,0.029306,0.28966,-0.23303,1.1797,0.57719,1.4947,0.55624,1.6066,2.0185,3.0534,3.4556,3.1023,2.7176,2.704,1.7732,1.0812,0.45687,-1.5531,-0.94395,-1.7183,-0.10344,-0.42779,-2.2737,-0.42269,0.80599,1.0875,1.5675,-1.2805,-0.18135,-0.46983,-0.83339,-2.0034,-1.9521,-0.97933,-0.68612,0.03882,0.70259,0.23814,-0.54732,-0.46382,0.79056,-0.022622,-0.043768,-2.1045,-0.4319,0.60234,0.66679,0.1285,-1.3445,-1.238,-0.82487,-1.0811,-1.037,-1.8499,-0.89776,-0.45836,-0.53042,-1.08,-1.7581,-1.5554,-0.90597,-0.74222,-0.28784,-1.2379,-1.3533,-1.6224,-0.94074,-0.92573,-1.0833,-1.4376,0.16324,0.61232,-0.22463,-0.86459,-0.5352,-0.4176,-0.81731,-0.169,0.63308,-0.25899,-0.24573,-0.40543,0.60514,0.91266,0.18719,-0.22257,-0.29051,0.97806,-0.65395,-0.53236,-1.8943,-1.1167,-0.2042,-0.52269,0.27742,-0.56522,-0.30372,1.64,0.88192,1.6109,1.428,0.7881,1.8781,2.2017,1.8438,2.7644,1.9992,2.125,1.8848,2.7615,2.2642,2.1621,0.79679,0.47677,0.51758,0.73918,-0.32488,-1.0077,-1.6283,-0.7908,-1.2083,-1.0201,-1.341,-1.682,-0.92069,-0.29036,-1.4463,-1.3692,-1.9624,-1.3042,-0.84266,-1.7469,-2.1564,-0.48046,-0.70333,-0.4087,-0.88997,-0.15991,-0.99414,0.39848,0.33263,-0.13344,0.14123,0.34394,1.11,1.7246,1.551,2.2314,1.9795,2.3265,3.2367,2.9119,3.5178,2.0419,2.4743,1.7233,2.0534,2.1632,-0.43317,0.39368,-0.88596,-0.30443,-0.22381,-1.8594,-1.8511,-1.9242,-1.2215,-0.30053,-1.521,-1.5596,-1.4857,-0.9471,-0.84647,-2.3928,-1.8912,-1.7246,-1.7505,-1.4756,-2.1845,-2.3471,-2.0445,-0.86499,0.12402,0.57728,0.7559,1.6797,1.6172,2.69,1.5417,1.0677,-0.54424,-0.26798,-0.18585,-0.04707,-1.0467,-2.3163,-2.1613,-2.5349,-1.1061,-0.21578,-2.1797,-0.8611,0.076261,1.3643,1.6867,1.9114,0.82208,-0.19329,0.42057,0.25195,1.4144,0.72809,0.97737,2.1375,2.5024,2.356,1.6552,0.57109,0.87279,1.0325,1.7672,2.2546,2.2853,1.0441,1.2514,1.1967,1.3548,0.10154,1.0204,0.47415,-1.4166,-1.9235,-1.3682,-1.1317,-0.81473,-1.6619,-2.0509,-1.9933,-0.31045,-0.4318,-2.9361,-2.701,-2.143,-1.0473,-1.478,-1.5716,-2.0275,-2.0434,-1.4134,-0.5389,-1.0873,-1.2487,-0.7855,-0.66988,-0.37007,-1.0215,-0.33793,0.53768,1.3518,1.4511,1.1019,1.0239,0.29658,0.42763,1.0969,1.0513,0.29288,0.98093,1.284,1.8242,1.494,0.47434,0.54215,-0.31602,0.055541,0.036565,-1.1924,-1.2262,-1.2874,-0.54635,0.072881,-0.86891,0.44122,0.7856,1.8461,1.5129,-0.15726,0.15511,-0.01457,0.42157,1.6961,2.7478,2.0139,1.818,2.0517,2.3466,2.6534,1.6325,-0.91503,-1.6843,-1.9557,-1.967,-1.7045,-2.7742,-1.941,-1.7588,-1.3369,-0.76468,-2.4225,-1.8996,-1.5709,-1.8848,-1.2338,-0.93623,-1.9285,-1.4521,-1.459,0.085318,0.62948,0.27885,1.4592,0.2817,2.0707,1.6024,0.95716,0.36017,0.33865,1.3586,0.39836,-1.5288,-1.4541,-0.22881,0.6123,-0.36736,-0.95099,0.80496,1.2483,1.59,1.9694,2.3959,1.8853,1.3079,1.7169,1.141,-0.056166,-0.80463,-1.445,-0.38808,0.29238,0.67603,-1.598,-1.0037,-1.4693,-1.0777,-1.1324,-0.65947,0.39041,0.85699,1.9736,1.649,1.3157,1.11,0.68815,0.072057,-0.13284,-1.8849,-1.1408,-1.4305,0.5653,-0.31839,-0.33422,-0.25301,0.2229,-0.53057,0.10894,-1.0385,-1.3077,-1.4067,-1.2488,-0.81446,-0.88444,-1.4123,-0.29327,-1.6873,-0.4106,-0.070084,-2.0092,-2.1646,-1.0933,-0.89741,-0.063141,-1.0192,0.42265,1.0174,2.3284,2.6867,2.5089,1.8843,2.6384,1.9459,1.8952,1.1811,0.9372,0.28071,0.35046,-0.80327,-1.2228,-0.31973,-0.016062,0.93777,0.66404,0.0036679,1.8182,1.7168,1.7072,2.0793,1.7827,1.158,1.4583,1.5846,1.5317,0.37125,-1.3373,-2.4665,-0.87262,-1.4119,-1.8331,-2.2509,-2.5847,-2.1176,-1.3896,-2.3803,-2.5928,-2.4005,-2.2471,-1.0312,-1.406,-0.64148,-0.65693,-0.79906,-0.13138,-1.4163,-0.86236,-0.67902,0.89035,1.9996,1.8833,1.9754,1.819,2.1486,2.9075,1.7149,0.94581,0.79052,1.1848,1.4977,1.5568,-0.39803,-1.1883,-1.3863,-0.79043,-1.2585,-1.9202,-1.7473,-1.5322,-0.4936,-0.61375,-1.7527,-1.2644,-0.87494,0.22156,0.70244,0.54275,0.63595,0.6356,1.1027,2.2927,1.8134,0.43062,-1.2248,-0.46624,-1.3077,-0.60628,-2.3973,-2.8469,-2.5509,-1.8532,-0.49704,-1.4765,-2.907,-2.7947,-1.1183,0.080355,0.099345,-0.59656,-0.2871,0.021413,-0.77716,0.16394,0.62358,0.24939,-0.2471,0.54239,0.38873,0.19197,-1.3206,-1.3492,-1.0876,-0.74508,-0.60224,-1.6559,-1.7737,-0.47313,-0.26882,0.32985,0.25409,-0.32705,0.96106,0.5709,0.047268,-0.37042,-0.67467,0.15056,-0.011898,0.072522,-0.86063,-0.24515,0.033499,0.33482,0.34624,0.22982,-0.52232,0.48976,0.5358,1.8433,2.5137,1.533,1.5729,1.7027,2.2411,1.3767,-0.0040981,-0.68387,-0.25846,-1.066,0.18223,-0.1543,-0.54787,0.83375,1.0108,1.3223,2.4107,2.0575,1.4463,2.579,1.2754,0.39687,0.022942,-0.79008,-1.0567,0.63486,0.15207,1.2641,0.85192,1.4956,2.0779,1.965,2.3623,2.0161,1.7135,1.1868,0.80381,1.1031,0.0086286,-0.78808,-1.569,-1.7029,0.62474,-0.61499,-1.1471,-0.62958,-1.8547,-0.19691,-0.52666,-1.0731,-0.71226,-0.69808,0.50045,0.14227,-0.4609,-0.75714,-0.79768,-0.51413,-1.0438,-1.5226,-2.6859,-1.3242,-1.4095,-0.20043,0.42467,0.57444,0.33702,2.0392,1.5014,1.6465,1.7856,1.9738,2.0549,2.6126,2.1167,2.0255,1.466,2.1107,1.373,0.94844,-0.81383,-0.46721,-0.17942,-0.22681,-0.37911,-0.4843,-1.3315,-1.7852,-1.9114,-1.7815,-0.85282,-1.624,-0.31038,-0.38525,-0.049773,-0.69011,-1.1074,-0.43672,-0.60903,0.11598,1.2493,1.1473,1.2369,0.61289,2.016,2.1807,2.0679,1.2732,0.76561,0.60192,0.1556,-0.90533,-1.4608,-2.1662,-0.56031,-0.051158,-0.57214,-0.21182,0.042054,0.25953,-0.50269,-1.0963,-0.64611,-0.20325,1.3119,2.6283,1.7533,0.60443,1.1612,2.0884,1.6572,0.023386,0.49094,0.54116,0.71525,1.4914,0.29333,0.25037,0.54572,0.90057,1.6742,0.93794,0.50204,0.072319,0.58029,0.050664,-1.1956,-1.188,-1.2286,-0.31958,-0.82743,-1.9861,-2.4216,-1.5814,-1.7817,-1.4035,-2.6834,-1.4321,-1.7343,-1.6996,0.0055235,-0.59307,0.11485,0.81966,1.6039,1.5345,2.1206,1.4671,1.4161,1.438,1.2939,2.1229,1.7381,1.4227,2.0523,1.5302,1.3194,1.9289,0.36914,-0.67448,-0.70471,-1.3032,-1.4502,-2.2449,-1.4644,-1.1463,0.39461,1.7937,1.2707,0.77316,1.8156,1.9256,2.4116,1.7814,1.25,2.286,1.4696,2.9193,0.92281,1.7451,0.72603,-0.11652,-0.2994,-1.1429,-2.4757,-2.5832,-1.519,-1.9767,-1.5909,-2.741,-2.1901,-1.8582,-1.1365,-2.0171,-1.311,-1.249,-0.82075,1.3845,0.99035,0.75199,1.9311,1.7929,2.0536,2.2456,1.8241,1.0848,0.85152,0.95142,-0.8089,-2.1262,-2.372,-2.1267,-2.2786,-2.6049,-2.2029,-2.4226,-2.7376,-1.2691,-1.1175,-0.82317,-1.3146,0.1567,0.43969,0.7699,-0.20465,-1.1857,-1.7033,-1.3699,-1.6824,-1.6845,-2.3484,-0.54604,-1.105,-1.4184,-0.92995,-0.14225,1.0694,1.3801,1.8977,2.0201,1.5081,1.879,1.6161,1.2972,0.63498,1.5508,1.4681,1.9691,1.7039,1.2565,1.9668,1.9483,2.6626,2.5321,2.0814,1.8199,1.2578,0.6489,0.17501,-0.6069,0.18595,-0.015587,-0.3451,-0.65731,-0.17502,-0.851,-0.78704,-0.41745,-0.59219,-1.7894,-1.2096,-1.4436,-1.1003,-1.2352,-1.9762,-2.8014,-1.4194,-1.7929,-2.0172,-1.5189,-1.2893,-0.77565,-1.2269,-1.5815,-1.495,-0.78784,-0.56696,-0.67165,-0.73582,-0.63482,-0.65328,-0.52055,-0.58042,-0.068964,0.074859,-0.097854,0.18476,-0.71558,-0.97939,-0.43648,-0.031608,-1.2907,-0.2656,-0.59591,-1.0193,-0.23705,-0.16946,-0.39895,-0.8206,-0.51528,0.57253,0.12371,-0.10264,-0.3118,0.21814,1.5672,1.6372,0.61155,0.44882,-0.058878,-0.14351,0.086033,-1.0382,-0.87566,-0.64322,-0.53452,0.27553,-1.5327,-2.4437,-0.57167,-1.0221,-1.6774,-0.72541,-1.1594,-1.2375,-1.3415,0.87114,0.94208,0.39636,0.64546,1.9328,2.3436,2.1145,2.4158,2.0358,1.4311,1.9277,2.4513,2.4992,2.0918,1.5451,1.2352,0.80094,0.77111,-1.0559,-2.1197,-2.1958,-1.7212,-1.7426,-2.1116,-3.1534,-2.5499,-2.3836,-2.4607,-1.8629,-2.4011,-2.3509,-2.4297,-2.2436,-1.5587,-2.2213,-2.2853,-2.0134,-1.5143,-0.6266,0.00073712,-0.85727,0.33192,0.52075,2.3916,2.5225,2.7114,1.4627,2.2579,1.2905,1.8585,0.35252,-0.55316,-0.91451,-0.39556,0.37156,-1.1931,-1.0348,-0.048839,0.5354,0.79227,2.9847,1.8734,2.4105,2.739,2.8385,2.8641,1.6974,0.75487,0.45593,-0.057885,0.48202,-1.2539,-0.85421,-0.28556,0.3225,1.5984,1.2162,0.70679,0.59548,0.071569,0.030857,0.16936,-1.3221,-1.8335,-2.2593,-1.8809,-1.5314,-1.5863,-1.8365,-1.8381,-2.5622,-1.0402,-0.049315,-0.89571,-0.87636,-0.74454,0.76138,1.7621,1.0842,1.2182,1.6295,2.0879,2.3009,2.3976,1.4667,1.9159,2.8271,2.2938,2.4789,1.3096,1.824,1.5101,0.96903,-0.5901,-1.7903,-0.79001,-1.5734,-0.36499,-0.51127,-1.6621,-0.76042,-1.6381,-0.79674,-0.28584,-1.1378,-0.5117,0.75113,0.86422,2.051,2.1409,1.412,1.7051,1.5631,1.87,1.7469,0.86933,2.0942,1.6414,2.3157,2.4135,1.2029,0.72403,-0.25973,-0.75441,-1.3812,-2.1296,-1.5204,-1.2503,-0.35791,-0.63595,0.36027,0.63821,1.3168,1.7708,0.23919,0.21318,1.2292,1.464,2.4082,2.1178,1.3645,1.3009,1.1376,0.34987,-0.61474,-1.2627,-0.45016,0.39579,0.76488,1.7173,1.9457,1.9753,1.4295,1.3255,0.50641,-0.084559,-0.76018,-0.97126,0.28646,0.54468,1.3768,0.91909,0.76667,0.20511,0.38452,0.36154,-0.86609,-1.7902,-1.5211,-1.3362,-1.1907,-1.4806,-2.1604,-2.3477,-2.0348,-1.4155,-1.8245,-1.7149,-2.0081,-0.22762,-0.012824,-0.038699,0.65803,1.2288,1.8499,1.4734,3.1174,2.4958,2.6617,2.1287,2.5375,2.624,1.1093,0.80796,0.68444,1.158,0.55284,-0.11125,-0.92185,-1.2523,-1.1013,-1.7582,-2.0233,-2.0581,-2.3564,-2.2366,-2.3172,-2.0691,-1.7839,-2.358,-1.1715,-1.1185,-1.7938,-1.3031,-1.3461,-1.4527,-0.90627,-2.1479,-1.6242,-0.92706,-0.43682,-0.32201,-1.8614,-1.6654,-0.31117
-0.83739,-0.64404,0.89263,-0.006098,-0.20877,-1.3217,-0.63626,0.27479,0.73554,0.20295,-0.38554,-1.4442,-0.82237,-0.77061,-0.74594,-1.2551,-1.8963,-1.3377,-1.5086,-0.75445,-1.2446,-1.0516,-0.69085,-1.2287,-1.185,-1.5847,-1.6794,-1.7529,-1.6764,-0.41001,-0.98656,-1.4251,-1.3598,-0.78973,-0.77443,-1.1878,-1.1374,-1.6302,-1.0322,-1.5463,-0.5258,-0.77372,-1.3195,-1.7272,-0.86268,-0.56513,-0.50421,-1.6139,0.049084,0.088949,-0.074457,0.58505,-0.035549,0.22696,0.12374,0.64488,0.60012,0.48464,-0.65677,-1.0867,-0.59661,-0.64366,-1.1269,-1.736,-1.4465,-0.43077,-0.91884,-0.72392,-1.1519,-1.1361,-0.12223,-0.32728,0.066309,0.50403,-0.79588,-1.2649,-1.3739,-0.80738,-1.9236,-2.4277,-1.4561,-0.58333,0.50794,0.10478,0.063917,-0.016986,1.6801,0.84225,0.13468,0.0079212,0.97008,1.3099,0.28695,1.0384,0.34985,0.3,1.4592,1.4935,2.0808,1.7549,1.0137,1.3802,-0.076803,-0.10384,0.046236,-1.0032,-0.33658,-0.12777,1.1136,0.63601,0.96137,0.21879,1.1112,1.2013,1.3122,1.1864,0.81367,1.2797,1.5678,0.61634,-0.64625,-0.97492,-0.47959,-0.10037,-0.027787,-0.92642,-1.2464,-0.98226,-0.20429,-0.28324,-1.5383,-0.79107,-0.41485,-0.24118,-0.17614,-0.39521,0.012425,0.23479,1.8772,2.8937,4.1291,3.0999,2.7566,2.209,1.7002,0.35127,1.0225,0.70728,-0.17001,-0.88098,-0.84136,-0.29695,-0.29155,-0.50304,-0.31766,0.66817,-0.68238,0.082981,-0.79457,-1.145,-1.629,-1.6415,-0.67428,-0.44705,-0.328,0.6814,0.28024,1.3615,0.50532,0.82573,0.47793,1.5537,1.4143,1.3171,0.7599,0.82459,1.452,1.7766,0.58317,-0.32047,0.0064248,0.70514,0.28645,0.17116,-0.92996,-0.83179,-0.21678,0.12967,-0.65889,-1.2293,-1.029,-0.38463,-0.42798,-0.90636,-1.2079,-0.98087,-1.0251,-0.22118,-1.0207,-0.65772,0.1176,0.067563,0.19432,0.048546,-0.37952,0.33047,-0.7383,-0.62168,-0.11564,-0.053848,-0.8867,-0.17334,-0.41573,0.53223,0.25,-0.3494,-0.85082,-1.2529,-1.599,-0.29324,-0.44974,-0.62999,-0.96711,0.0042277,1.4916,1.6104,0.93057,0.84359,1.1078,0.40835,0.23233,0.47413,-0.16219,0.28385,1.3626,1.4012,0.19981,0.22189,-0.35215,0.24774,0.52894,-0.45194,1.0048,0.7205,0.70488,1.4099,1.5865,0.70619,1.5658,2.1155,2.1055,0.97365,0.18904,-0.54426,0.049895,0.73352,-0.65933,-1.3067,-1.8083,-0.64407,0.33903,0.10223,0.47777,0.1724,0.41225,0.18663,1.3461,0.76957,-0.79715,-0.1321,-0.003852,0.089933,0.40093,0.13473,-1.1481,-0.34591,-0.42541,-0.59413,-0.36606,-0.1498,0.083693,0.34399,1.2517,1.5334,2.0358,1.5478,2.3018,1.9615,1.1415,1.2935,2.312,1.4088,-0.56647,-0.41567,-0.98439,-0.1998,-0.62485,-1.1502,-1.2055,-0.4592,-0.6745,-0.67251,-0.95243,-1.3457,-0.75523,-0.95688,-0.83777,-0.7129,-1.0592,-1.2545,-0.63993,-0.89596,-1.391,-1.3028,-1.0518,0.012809,0.46173,0.29732,-0.06478,0.50128,0.5369,0.45125,0.88585,0.17549,-0.29282,0.35917,0.46379,0.81042,0.70091,0.73983,2.0138,2.6016,2.2607,1.6138,0.77327,-0.12737,-1.0002,-0.3555,-1.1007,-1.1828,-0.032488,-0.23713,0.084228,-0.36798,0.28279,0.98676,0.40234,0.092411,0.1568,0.10665,-0.2009,1.3872,1.9264,2.6958,2.8834,1.7629,0.89687,1.1833,0.020761,-0.91974,-2.0729,-2.3149,-2.494,-2.3219,-2.1085,-1.7165,-2.8212,-1.0874,-0.50692,-0.38519,-0.30309,-1.0048,-0.5111,-0.75183,-1.4506,-2.411,-2.6729,-1.4477,-1.5387,-0.10207,0.8606,1.1453,1.6247,0.88401,1.5941,2.0947,2.5463,2.0882,2.7637,2.2441,1.7114,0.01863,-0.31981,0.35936,0.87692,0.9663,0.63817,0.59004,0.58029,0.62362,0.1798,-0.92535,-0.55094,-1.7289,-1.6698,-0.61697,-1.1734,-1.8881,-1.608,-0.97164,-0.33434,-0.42755,-0.35555,-1.4088,-0.4923,-0.17903,0.25463,-0.19557,0.35453,1.774,1.6442,0.25748,-0.48216,-0.35059,-0.54653,-0.034653,2.1015,1.4795,1.7787,1.7376,2.5657,1.3624,1.1177,0.38835,0.2723,0.10629,-0.67011,-0.48516,-0.74093,-1.5649,-0.89791,-0.94366,-0.69114,-1.153,-1.0019,-0.99428,-0.87506,-1.1461,-1.3325,-1.2902,-1.6433,-0.93724,-0.2228,-0.88397,-0.58832,-0.50045,-0.10408,0.41704,0.16163,-0.20431,0.1733,-0.0053717,-0.13181,-0.70014,-1.0299,-0.9159,-2.4059,-2.326,-1.8558,-2.3541,-0.57273,-0.22611,0.85886,0.8527,1.1998,1.3444,2.3741,2.4744,1.8504,1.8058,1.433,0.24329,-0.90662,-1.4021,-2.1921,-1.5214,-1.5649,-0.64849,-1.4298,-0.59585,-0.72511,-0.72477,-1.0828,-0.72469,-2.3946,-0.99281,-0.71665,-1.4444,-0.84612,-1.0918,-1.1258,-1.2806,-1.1268,-1.2841,-0.18241,-0.65911,0.47434,0.79727,0.9118,0.5833,0.69909,0.52414,-0.020091,-0.81692,-0.86139,-1.301,-0.69406,-0.17133,-0.77176,-1.2992,-1.7496,-1.3846,-1.2172,-1.1147,-1.2151,-2.4251,-1.3093,-1.0607,-0.96657,-0.73215,-1.1937,-0.16517,0.19837,0.69745,0.88568,1.1692,1.1013,1.1145,0.71816,-0.34826,-1.1014,-1.5691,-1.0391,-0.64121,-1.4103,-0.58868,-2.7034,-1.0408,-0.49284,-0.72045,0.36943,-0.35606,0.21885,1.604,2.6294,1.3214,2.9504,1.3602,0.66175,0.57529,0.83881,0.86487,0.52638,0.25516,0.14233,0.046652,0.23979,-0.18214,-0.11122,-0.47824,0.053082,-0.036963,-0.80125,-0.44435,-0.10118,0.88593,1.2103,1.3145,0.60505,0.61056,1.2562,2.1665,1.0173,1.1498,0.86896,1.8683,1.5891,1.8233,1.5223,1.3423,1.278,0.667,0.86769,0.88148,-0.29174,0.67385,1.4068,1.0085,1.0066,0.52767,0.072167,0.32821,0.82616,0.78745,-0.098095,-0.40216,-0.48105,0.64311,1.3852,0.15277,0.42061,0.53324,1.0447,0.84069,1.3578,0.26578,0.1653,-0.28518,0.55066,0.3891,-1.1105,0.033032,-0.10284,0.89321,1.9958,1.7914,1.1217,0.88343,1.6445,2.2206,1.0789,0.5861,-0.39001,-0.40184,-0.3292,0.075051,-1.2405,-1.475,-0.83718,-1.3705,-0.53336,-1.4555,-1.3507,-1.2233,-0.55277,1.0952,1.8315,2.047,2.5292,3.3568,3.0556,1.8197,-0.36571,-1.0094,-1.1742,-0.48175,-0.7283,0.17398,0.2181,0.4422,0.85767,0.13167,0.77555,0.24012,1.605,0.71667,0.94732,0.070474,0.43908,0.67131,1.671,1.5616,0.39164,-0.98096,-0.42503,-0.20191,-1.6846,-0.58995,-1.8539,-1.6598,-1.9075,-0.62534,-0.77148,-1.7935,-0.82899,-0.74774,-0.50479,0.35741,0.30723,-0.22108,0.11752,0.53279,1.0381,0.1378,0.48992,0.48084,-0.043732,0.9564,1.4237,1.1681,1.6903,1.714,1.0225,0.64142,-0.407,-0.71282,-0.87326,-1.3761,-1.6173,-2.0914,-1.0979,0.1257,0.90467,1.5168,2.2077,2.8125,2.3287,2.2241,1.0923,0.96721,1.0265,1.6542,1.4726,1.1811,-0.44835,0.54843,-0.12638,0.72233,-0.83575,0.3611,0.16546,0.82323,1.0379,2.0249,2.2441,1.9544,2.6203,1.9911,1.2616,0.47798,0.9918,0.38594,0.55116,-0.51723,-0.64413,-0.85673,-0.62256,-1.1439,-0.65003,-0.80826,-0.79947,-0.53969,-0.030135,0.020396,-0.51227,-0.52588,-0.12828,0.9217,1.1218,0.88331,1.5821,1.85,2.0265,2.0739,1.6625,1.5509,2.1975,2.4931,2.3901,1.9618,1.438,0.071551,0.10086,-0.33647,-1.0547,-2.5479,-2.8787,-1.9511,-1.7902,-0.62169,-1.0992,0.11455,-0.15063,1.2162,1.5612,1.9622,0.72295,1.2914,0.37191,0.99039,1.3395,1.4553,1.0271,0.8421,1.2979,0.97656,-1.2272,-1.4364,-1.4715,-1.5967,-2.9341,-3.0238,-1.8051,-1.1862,-0.43444,-1.1349,-2.0939,-1.5724,-1.4752,-1.4377,-0.11349,-0.0013418,0.18442,0.39035,0.47612,1.6449,1.3232,1.6702,1.8308,2.5088,0.91993,-0.69482,-1.1122,-1.9739,-1.0129,-1.3555,-0.97186,-0.76824,-1.3441,-1.3443,-1.1145,-1.8114,-1.7938,-0.15039,1.2464,2.3336,1.6362,2.2658,1.5209,0.73955,0.2308,-0.70535,-1.4882,-1.8475,-1.561,-1.4187,-2.4862,-1.5311,0.20184,1.5034,2.3034,1.9342,2.2961,2.7727,3.1363,2.3256,0.97376,0.2531,0.077437,0.67066,1.7356,0.95676,0.70324,2.0172,2.1222,2.6194,2.2038,2.1438,2.2659,1.917,1.9398,0.91098,0.0053588,0.1612,0.016704,-1.0981,-1.0426,-0.89316,-1.3633,-0.8817,-1.2042,-1.0017,-0.52102,-0.12345,-1.0225,-0.48464,-1.0498,-0.014967,0.74847,0.28889,0.073184,-0.5396,-0.86936,-0.93776,-0.82269,-1.28,-1.1759,-1.1347,-0.37523,-1.38,-0.73324,-0.76918,-1.3088,-1.4391,-1.3566,-1.9,-2.3794,-1.8135,-1.6078,-1.5673,-1.5294,-1.3859,-1.1867,-0.92934,-1.1921,-0.95832,-0.99228,-1.1825,-1.0122,-1.1696,-2.3667,-1.4827,-0.96398,-1.3325,-1.5506,-1.5232,-0.93923,0.13161,0.97942,1.2318,1.4214,2.2959,3.0865,2.8964,1.8697,0.52122,-0.29434,1.2748,-0.015838,-0.67148,-2.3946,-0.47647,0.25055,-0.27966,-0.16232,-0.61365,-0.89443,-1.2582,-1.0143,-0.18048,-1.3834,-1.2174,-0.57273,1.0762,0.40153,0.19551,0.46701,-0.17367,0.042513,0.24727,0.49612,0.72898,0.63263,0.31472,1.0594,0.50481,0.21585,-0.90878,-1.4722,-1.7048,-1.1947,-1.9935,-1.6477,-1.8824,-1.3894,-0.31991,-1.1877,-1.4572,-0.95772,-0.7532,-0.49848,-0.55209,-0.79321,-1.6499,-1.4094,-1.8257,-1.3088,-1.4211,-1.978,-1.8293,-0.24711,0.54822,0.93756,0.015104,0.26297,0.069985,1.3012,0.84126,0.69783,-0.99254,-0.9313,0.2769,0.040274,-0.51451,-0.83337,-1.099,-0.186,0.43619,0.40864,-0.5711,-0.44612,0.72761,0.78674,0.83317,0.38754,-0.6293,-0.96311,-1.0649,-0.72865,-1.3026,-1.6873,-2.0706,-1.0879,-1.4818,1.4654,1.2989,0.79857,2.3522,2.4634,2.3426,0.71039,-0.049739,-1.0195,-1.7554,-1.3243,-1.272,-0.9803,-0.93842,-0.90406,-0.8099,-1.5554,-1.9817,-1.7921,-1.4521,-1.9934,-0.55381,-0.10776,-0.19113,0.040116,0.56087,0.43383,0.43099,0.779,0.50721,1.2558,1.6967,2.5667,1.4208,2.4236,3.0256,2.7566,1.8685,0.46612,-0.69256,-0.75684,-1.0982,-1.3718,-1.7667,-2.3327,-1.6164,-1.8438,-1.6749,-2.3226,-1.5828,-0.54916,-0.3966,-0.23458,0.50578,0.90015,1.3762,2.8377,3.251,3.7967,2.9216,2.5234,1.9058,0.73006,-0.18517,-1.2467,-1.7493,-1.6501,-1.3167,-1.3047,-2.2659,-1.5704,-1.0588,-1.0165,-1.0857,-1.2018,-0.54379,-0.40092,1.2683,0.50761,1.6837,2.2424,2.9057,2.5595,2.3559,2.0713,1.811,2.3052,1.7318,1.2525,-0.025531,-0.37259,-0.60264,0.52489,1.7654,1.1694,1.6947,2.0913,2.405,3.1513,2.4594,1.1049,-0.034001,-0.68182,0.0056285,0.61122,1.9459,1.1577,2.0385,3.1769,3.0395,1.7622,-0.36384,-1.7702,-1.5018,-1.9451,-2.1763,-2.1386,-2.2875,-1.2365,-2.2939,-2.7055,-3.5148,-2.8213,-1.6822,-0.66462,-1.392,-1.4996,-1.4617,-0.20671,0.10173,0.76963,1.5929,2.0412,1.4968,1.6075,2.4827,0.79082,0.032017,1.1711,2.4144,2.3644,2.3978,1.8555,1.8176,0.96497,0.090501,-1.0162,-1.4333,-0.61631,-0.42278,-0.23398,-1.446,-1.5618,-1.5616,-1.4909,-1.8938,-1.8979,-2.4704,-1.6436,-0.86824,-0.57242,-1.3496,-1.8759,-1.5123,-0.80821,-1.2759,-1.8583,-1.9486,-0.86596,-0.47419,-0.3893
-1.231,-2.0689,-1.4262,-0.26771,-0.75164,-1.048,-0.79141,0.21298,0.54957,0.14606,-0.68058,-1.4771,-0.5998,0.0024005,-0.4151,0.031977,-0.85317,-0.63079,-0.16018,-0.16795,-0.82894,-0.9587,-1.3224,-0.59353,-0.70965,-0.80117,-1.5661,-1.5252,-0.61921,-0.17742,-1.1134,-1.3097,-1.1298,-0.61553,-0.94787,-1.0093,-1.361,-1.4512,-1.4606,-0.96605,-1.6188,-1.5504,-2.1978,-1.7865,-1.6722,-0.94988,-1.4153,-2.0823,-0.024047,0.32407,0.84597,1.1871,0.60105,-0.99572,0.655,-0.92436,-0.79545,-1.6549,-2.2957,-1.7027,-1.1357,-0.91266,-1.3562,-2.5143,-2.0111,-0.63987,-1.1999,-0.8211,-1.6439,-1.6296,-1.2856,-0.22614,-1.3638,-1.2265,-2.5671,-2.0086,-1.6646,-2.0893,-1.5977,-1.9158,-0.85794,-0.1704,-1.0031,-0.52338,-0.25615,0.10964,0.59217,0.63932,-0.41241,1.097,1.6594,1.2895,0.51033,0.91601,1.1873,-0.20294,0.12852,0.6269,1.3789,0.23663,-0.21936,0.4718,-0.8523,-0.6661,-0.86922,-1.7951,-0.92929,0.63026,1.2579,1.3101,1.4168,1.1333,2.5493,2.0472,2.6175,2.1378,2.1546,2.2812,2.7561,1.4489,1.3777,1.2225,1.1918,0.60623,0.60478,-0.7036,-0.60364,-0.81277,-0.88213,-1.1749,-1.9016,-1.5164,-0.57102,-0.098234,-0.8455,-0.12358,-0.38019,-0.43726,0.48235,0.97805,1.3909,0.92668,0.48618,1.1892,1.3919,1.8038,0.919,0.37594,-0.13459,0.2119,0.5923,1.2104,1.4175,0.24963,0.15197,1.4556,0.27321,-0.41876,-0.57379,-0.6948,-0.53869,-1.3606,-0.32024,-0.829,-0.94362,0.16422,0.85208,0.76591,0.7607,0.46857,1.3065,1.6849,2.5025,2.5485,1.6868,2.4123,2.9825,3.1153,2.3835,1.8642,2.2777,2.3385,1.0002,0.37409,-0.51637,-0.097844,-0.33162,-0.09956,-0.75837,-1.6781,-1.7458,-0.8444,-1.0128,-1.482,-1.2434,-0.878,-0.49907,-0.39877,-1.1243,-2.0673,-1.9676,-0.56459,-0.36388,-1.2664,-0.59792,-0.63373,-1.0857,-0.38789,0.051269,-0.64354,-0.87511,-0.5858,0.27319,0.29393,-0.29952,0.064953,-0.4144,-0.062501,-1.2723,0.22956,0.20461,-0.29844,-0.13528,0.86391,1.114,1.2052,0.91877,0.81677,1.2146,0.82116,0.5991,1.1738,0.24957,1.0232,1.5298,1.553,0.85471,0.71276,1.0128,0.77536,0.37217,-0.67835,-0.62731,0.57741,-0.055335,0.44889,0.78239,0.82054,1.6727,1.9525,1.904,2.1373,1.5554,1.7849,1.8165,0.93724,1.8735,-0.30081,-1.1136,-0.79311,0.17842,-0.47891,-1.0748,-0.59252,-0.31856,1.125,0.87639,0.53354,-0.070111,-0.54263,-0.31352,-0.13669,-0.27166,-1.218,-1.589,-0.37054,0.056078,-0.088649,-0.27371,-0.768,-0.38553,-1.2468,-0.4624,0.2746,0.62795,1.1326,1.2688,1.4115,1.6333,1.7469,1.8701,1.3117,0.3611,-0.37069,0.4282,0.59136,-0.19544,-0.92835,-0.90218,-0.61099,-0.48594,-1.0291,-0.61276,-1.1503,-1.0916,-0.42892,0.064084,-0.93486,-1.3557,-0.65122,-0.15353,-0.33078,-0.84557,-0.75676,-0.50131,0.4142,0.27086,0.0031057,-0.056266,0.42621,0.43885,0.68457,0.44197,0.087022,-0.76482,0.36033,0.87851,0.48498,0.62375,1.2274,0.61086,1.1877,1.7757,2.2118,2.2221,2.0056,1.506,1.435,0.6764,0.020769,-0.20169,-0.70979,-1.0483,-0.96875,-0.56988,0.56451,0.41139,0.077615,0.39578,-1.6251,-1.631,-0.97496,0.74669,0.66924,1.2461,1.1997,1.8968,2.0025,2.189,1.4903,0.77104,-0.43555,-0.65744,-1.0423,-0.51015,-1.0156,-1.8459,-0.91543,0.38594,-0.62777,-0.38216,-0.54682,-0.86266,-0.4774,-0.70316,0.21405,-1.4249,-1.002,-0.63321,-0.54468,-0.084633,-0.052219,-0.033285,-0.04746,0.22899,0.74915,-0.058212,0.11444,0.63636,0.70875,0.37418,-0.30657,-0.49073,-0.31563,-0.96903,-0.63712,-0.21249,-0.79219,-1.1014,0.12682,0.5839,0.5534,1.6148,0.006468,0.31336,0.28275,-0.43619,-2.0028,-1.7237,-0.80738,0.31852,1.011,-0.25582,-1.2597,-0.76988,-0.71784,-0.89933,-2.1567,-1.356,-0.79398,-0.98718,-1.3179,-1.4948,-0.50966,-1.2129,0.16762,0.66942,0.79388,0.22079,0.047609,1.4134,0.96837,1.0903,0.46569,0.54652,1.2545,-0.19144,0.31319,-0.20542,-0.77555,-0.3157,-0.40232,-0.25694,-0.98823,-0.85831,0.13744,-0.47782,-0.089444,-0.34126,-0.13897,-0.44917,-0.42636,-0.67972,-0.30741,-1.2224,-1.0344,-0.71955,-1.0095,-0.34186,-0.14534,-0.06015,0.15251,-0.0077743,-0.18153,-0.30131,-0.56888,-1.7574,-1.1284,-1.9969,-2.0656,-1.237,-1.4772,-0.75339,-0.29241,-1.1414,0.070823,0.40491,0.78561,1.0016,0.99555,1.3955,2.1631,1.6493,1.4703,1.0125,0.13951,0.47115,0.12666,0.76088,-0.033045,-0.27781,0.59107,-0.016617,-0.11345,-0.73565,-0.16511,0.84901,0.027122,0.25622,-0.41512,-0.081032,-0.23714,-1.0468,-1.1801,-1.313,-1.9495,0.082805,0.048947,0.65584,0.23867,0.73869,1.0119,0.29949,0.056986,-0.13757,-0.35384,0.24156,0.28987,0.46348,-0.052447,-0.91445,-0.157,-0.66118,-0.74364,-1.971,-2.3705,-0.74686,-0.97723,-0.24654,-0.71415,-1.5391,-1.2388,-0.17933,-0.09289,0.20197,0.89737,0.52575,1.5983,1.6829,1.1408,1.4206,-0.45552,-0.3388,0.40478,-0.1803,-1.1171,-1.6468,-1.6538,-0.5396,-0.65629,0.49407,0.48862,0.69848,1.0768,1.6883,1.2231,1.1591,0.66439,0.1582,-0.80353,0.31775,0.49739,0.23125,0.49062,-0.12031,-0.005556,0.86203,0.18313,0.68046,0.13879,0.65097,0.56093,0.37673,-0.28455,-0.63924,1.6048,1.4025,1.3696,0.74904,0.70881,0.78137,1.0083,0.92643,0.99389,0.75956,1.6152,2.038,1.9429,1.2515,1.8571,1.6058,1.5338,1.4596,0.66349,-0.15996,0.61795,0.12034,-0.049936,-0.43808,-0.6615,-0.1042,0.16186,-0.37143,-0.11587,-0.79261,-0.39222,-0.74994,-0.30647,0.12482,-0.59905,-0.61517,0.41168,0.71011,1.1152,0.89402,0.72036,2.3749,1.3017,1.7676,0.091635,0.046896,0.21954,-0.49277,0.13677,1.037,1.1496,0.53974,0.41115,1.391,1.2408,1.2618,1.266,0.85182,1.1634,0.87851,0.30486,-1.3321,-1.3896,-0.68764,-1.1616,0.39928,-0.15973,-0.32239,0.37066,0.53086,0.84495,0.78814,0.48483,1.1729,1.8753,2.7528,2.3296,0.74435,0.50726,-0.017723,0.91391,0.55839,-0.79937,0.56049,0.80814,0.57186,0.37875,-0.0079639,0.97413,0.62369,1.0761,-0.11179,-0.054492,1.0728,0.48534,1.2536,1.156,1.1944,1.2107,1.6352,1.5714,0.41538,-0.033017,-0.99025,-0.98673,-1.0869,-0.33587,-0.39487,-2.1675,-1.6283,-0.80229,0.12439,0.66758,0.35155,0.66174,1.4669,1.1257,0.6566,-0.61852,-0.50931,0.093064,-0.47978,-0.077374,0.2152,0.51866,0.82643,1.1656,1.3407,1.1258,0.91182,1.2741,1.8145,1.2845,-0.25534,-1.2341,-0.46323,-0.24354,0.25062,-0.69735,0.011724,0.82121,1.0869,1.495,0.26112,-0.55588,1.2586,1.7446,1.1907,2.4255,0.61195,0.65391,0.69915,-0.34046,-1.4464,-1.1295,-0.22662,0.042421,0.048856,0.34214,0.40016,1.0568,1.8262,1.9964,1.2628,1.8044,2.4348,2.9422,1.3452,0.45176,-0.29942,-0.35243,-0.078919,-1.3545,-1.0177,-0.95101,-0.78079,-0.97712,-0.83391,-0.28261,-1.6682,-1.0286,-1.1545,-0.26307,-0.1717,-0.307,0.091537,0.99895,1.479,1.6027,0.49039,0.62004,0.17535,0.68082,0.63043,1.7319,1.1882,0.93189,1.1184,1.9371,-0.050849,-0.66515,-1.3244,-1.4468,-1.5851,-0.91447,-1.9804,-2.334,-1.2304,-1.3291,-0.85626,-0.1174,-1.0904,0.098805,-0.26595,-0.48079,-1.0443,-1.8751,-1.6585,-0.4201,0.81304,0.587,0.26868,-0.29346,0.35937,0.73746,-0.66868,-0.16211,0.055018,0.17555,0.076649,-0.39323,-1.973,-0.32008,-0.59511,-1.1929,-1.3849,-1.3166,-0.88774,-0.56741,-0.76798,-0.18596,-0.68328,-0.77931,1.4964,2.179,1.5168,1.0998,1.491,1.3084,0.72043,-0.017191,-0.37505,-0.21833,-1.0388,-0.86486,-0.96154,-0.87469,-2.0052,-0.40391,0.57145,0.51709,-0.14573,0.17042,0.98631,0.32937,0.35348,0.071695,-0.30015,-0.44862,-1.048,-1.1886,-2.3866,-1.9334,-1.385,0.010595,-1.1761,-0.50063,-0.70239,0.025143,0.51546,0.37835,-0.8688,-1.0797,-0.8335,-0.50953,-0.011787,0.11724,-0.89403,0.4947,0.89481,0.56502,0.16054,-0.16776,1.5753,1.5137,1.419,1.1862,1.3449,1.0271,0.33462,-0.86027,-1.0037,-0.99996,-1.1136,-0.73534,-1.1653,-1.1588,-0.64561,-0.73809,-0.48863,-0.087887,0.30627,1.2526,1.9167,1.4838,0.68698,0.23261,-0.58368,-0.03099,-1.0875,-1.3897,-1.1399,-1.1947,-0.83903,-0.55936,-1.2289,-0.57302,-0.49395,-0.22662,-1.4931,-1.0563,-0.98771,-1.0326,-1.0517,-1.3801,-1.2188,-0.88679,-0.56562,-1.2431,-1.4965,-0.87736,-1.5426,-0.46951,-0.78346,-1.5028,-1.8319,-1.3598,-1.5529,-0.82453,-2.6311,-1.8671,-0.83193,-1.7654,-0.16208,-0.50004,-0.74998,1.1091,0.89796,1.0041,-0.46295,-1.0177,-0.57632,-0.42788,-1.0851,-1.7124,-1.9972,0.019666,-0.047151,-0.1823,-0.75849,-0.31515,-1.1074,-0.53058,-0.58616,-0.9917,-1.1219,-2.2608,-0.92994,-0.16548,0.030458,0.014939,0.14374,-1.0261,-0.39496,-0.4636,-0.14322,0.59457,-0.40684,0.17863,1.4076,0.93207,1.2468,0.33209,0.79328,0.36124,-0.11829,-1.1604,-1.2116,-2.504,-1.3182,-1.1179,-0.98861,-1.9355,-1.3089,-1.0446,-1.2358,-1.0596,-1.0743,-2.0561,-1.1399,-1.3324,-1.2004,-2.1935,-2.1696,-2.7502,-1.0308,0.23541,-0.66266,-0.3716,-0.46528,-0.4852,1.4047,0.38849,0.75094,0.029731,0.035712,1.1091,0.76211,0.24325,-1.1636,-1.472,-1.4551,-1.4669,-1.0754,-1.6722,-1.1514,-0.92373,-0.0041505,0.18938,0.69176,0.14478,0.17974,0.64502,-0.040439,-1.1239,-1.956,-1.3525,-0.82828,-0.84808,-0.13975,0.58696,-0.25863,1.3071,1.1907,1.6369,0.97716,0.078032,0.16996,-0.56323,-0.86466,-1.3984,-1.031,-1.2176,-0.11908,-0.58861,-0.35124,-0.74009,-1.5185,-0.25675,-0.40409,0.40418,0.91634,0.44963,0.9427,-0.04141,0.73792,0.29691,0.48245,0.96155,0.15024,0.67925,0.59007,0.40627,0.30431,0.97206,1.3473,0.98346,0.087167,-0.41849,-0.4317,-0.6977,-0.8331,-2.0086,-1.7583,-1.2651,-1.3063,-1.3978,-1.4784,0.092948,-0.23027,0.59202,1.0237,0.448,-0.22237,0.91675,1.1799,1.4868,2.3988,2.0637,1.6468,1.9205,2.0403,1.9025,0.90417,0.046592,-0.063803,0.10213,-0.29845,-1.2274,-0.39711,-0.23918,-0.65368,-0.78989,-0.65207,-0.093788,-0.17145,0.65221,0.12983,-0.24969,1.0005,1.4201,1.8384,1.9672,1.7651,2.0787,2.0551,2.7478,1.3695,1.1116,0.508,1.0273,0.96765,0.98722,0.58514,0.53318,0.74652,0.88806,1.8324,1.9591,2.6482,2.254,1.8434,2.3364,1.7348,1.474,0.32972,0.91915,0.9954,1.7552,0.10672,0.037311,0.15261,0.23619,-0.48136,-1.0226,-2.3285,-2.0881,-1.2991,-1.8577,-1.1137,-1.8127,-1.384,-1.0543,-0.42627,-0.96144,-1.1213,-0.52116,-0.57704,0.030951,0.12031,-0.17022,0.58051,0.026528,-0.74932,0.31044,-0.32248,-1.2056,-0.45519,1.0273,0.7458,0.02379,1.3313,2.2069,1.961,2.0144,0.9871,1.113,1.2549,1.4621,0.66511,-0.38565,-0.18733,-0.76285,-0.92171,-0.77721,-1.4468,-1.2988,-1.6622,-0.18169,-0.18075,0.018037,-0.62403,-0.24675,1.0362,0.022743,-1.002,-0.89807,-0.55667,0.18458,-0.28476
0.96373,-0.3267,0.5641,0.07991,0.41038,0.37626,-0.022415,0.34207,0.71821,0.37801,-0.0092746,-0.38873,-0.22056,-0.50667,-0.3644,-0.22218,0.22095,-0.60282,-0.67727,-0.78836,-0.40852,-0.62794,-0.96253,-0.0067869,0.60179,0.3557,-0.32629,0.11171,0.066912,0.87431,0.22986,-0.1949,-0.2647,0.69989,0.27343,0.44096,0.25992,0.44321,-0.30817,0.19331,0.31932,0.055347,-0.26938,-0.4547,-0.23618,-0.34384,-0.94363,-1.1578,-0.89927,-0.20162,0.59478,0.59786,0.13877,0.898,0.41213,-0.1012,0.21349,0.68197,-0.31362,0.11033,-0.17528,0.22383,0.66308,-0.48348,0.31196,-0.46905,0.18925,0.42529,0.63004,0.10933,0.92066,0.84466,1.7896,1.0227,0.74869,-0.35764,0.74768,0.23528,0.11296,-0.14691,-0.73321,-0.55169,0.25323,0.35589,-0.39073,-0.31232,0.0090888,-0.65353,-0.47746,-1.8928,-1.424,-0.61894,-1.8784,-1.3225,-1.2919,-1.1227,-1.3126,-0.25485,-0.32581,-0.0084914,-0.42446,-1.6159,-2.2906,-0.76478,-1.5574,-0.62213,-1.5694,-1.1835,-0.25105,-0.93198,-0.90731,-0.88976,-0.0067485,0.29386,0.11114,-0.13838,0.79401,-0.28986,-0.0051798,-0.15272,-0.66534,0.17952,0.5649,0.30911,0.34428,-1.4606,-0.52322,0.26983,-0.20722,0.51188,0.12653,-0.36577,0.31476,-0.19013,0.14426,0.019216,-1.2989,-2.0194,-1.185,-1.0307,-1.1342,-1.1243,-1.2402,-1.2193,-0.42917,-0.36554,-1.1777,-1.9519,-1.9699,-0.63931,-0.63678,-1.5688,-0.80971,-0.72042,-0.71248,0.035888,0.28034,-0.33976,-0.67043,0.13078,0.27018,0.77818,1.1124,1.1008,0.84722,0.97559,1.8633,1.2303,1.2089,1.7802,1.9882,0.87462,0.92985,1.0435,0.23004,-0.42565,-0.37321,-0.76237,-0.36598,-1.0598,-1.1811,-1.6476,-0.84283,-0.63165,-0.64926,-1.2691,-0.99076,-0.49365,-0.75427,-1.2561,-0.21093,-0.99208,-1.3727,-1.3258,-0.97572,-0.70406,-0.13785,-0.87098,-0.42087,-1.2434,-0.97269,-0.11577,0.80637,0.70281,1.2003,1.0602,1.9275,2.7119,1.7772,1.9484,2.3815,1.7664,1.7264,1.3192,1.6679,0.41939,-0.019541,-0.7927,0.49031,0.72321,-0.69213,-0.82632,-0.79352,-0.089435,-0.86219,-1.1857,-1.8229,-1.2762,-0.99529,-1.1787,-1.5945,-1.0612,-0.73918,-0.15985,-1.0255,-0.89715,-1.108,-0.027577,-0.13714,-0.39463,-0.44246,0.72026,0.51655,1.2108,1.9075,1.6407,1.6326,2.2418,1.7228,-0.13455,0.84934,0.45377,-0.54602,-0.10929,-0.66254,-0.4985,-1.3896,-0.6205,0.128,-0.5142,-0.015376,-0.20649,1.2322,0.40727,0.95328,1.2429,0.17693,0.29298,0.57831,-0.10317,0.2189,1.2461,1.177,0.91591,0.93908,1.7457,1.5712,1.0813,0.58509,1.3755,2.0983,1.039,1.6139,1.5234,2.1599,-0.80054,0.59666,-0.85778,-0.20615,-0.53544,0.77754,0.87629,1.0967,1.6246,1.9973,1.8679,2.3778,1.4624,0.68995,0.59211,1.5395,1.4147,1.3325,0.55012,0.86398,1.1343,0.86071,0.84156,0.5258,-0.16159,-0.13382,0.20588,0.046642,0.0065856,0.010216,-0.31618,0.28753,0.74971,1.0219,0.92666,1.0085,0.58564,0.94045,1.0799,1.0581,0.41578,0.80377,1.3327,1.0902,0.46808,0.55354,0.69004,0.33226,-0.54759,-0.23868,-0.20226,0.26882,0.7554,0.68742,-0.29293,-0.84128,-0.0078717,0.73673,0.26185,0.3178,0.27286,0.080685,-0.057786,0.29066,0.67512,0.92455,-0.18534,-0.0010157,0.97755,0.79012,0.694,0.44918,0.27933,-0.49581,-0.27291,-1.5839,-1.6586,-1.8121,-0.63222,-0.68535,-0.51387,-1.443,-1.4414,-1.3993,-1.671,-1.3436,-1.6225,-0.8511,-0.44101,0.43792,0.27686,1.8729,0.24598,0.33493,1.3396,0.75375,0.29312,0.96119,0.24775,0.24291,-0.27917,0.77039,1.0541,1.4453,1.9551,2.9521,2.8296,2.7211,1.4401,1.4774,-0.010889,0.17332,0.37069,-0.44253,0.52298,0.32694,-0.27353,-0.20591,-0.087964,-0.56872,-0.089718,-0.16538,-1.2489,0.020266,-0.82958,-0.85802,-0.36484,-0.72118,-0.66781,-0.20308,0.82066,0.18438,-0.1578,0.15123,-1.8359,-0.85485,-0.57371,-0.88678,-1.2996,-2.7389,-2.134,-2.3868,-1.9009,-1.8453,-1.9147,-1.0968,-0.39333,-1.1079,-0.6473,-2.1266,-1.552,-0.92968,-2.0479,-2.2149,-1.9303,-1.103,0.012677,0.1936,0.43047,0.5267,-0.44668,0.46982,-0.41821,-1.2487,-1.0901,-1.5028,-0.2315,0.63353,0.24685,0.052264,0.56121,0.45721,0.94804,-0.23163,-0.29537,1.0755,-0.40336,0.20749,-0.072921,-0.10562,0.22901,-0.074739,-0.15693,-0.098735,0.010216,0.47128,0.23061,1.2168,-0.05246,0.71485,0.86626,1.1721,0.94085,0.74741,0.17228,0.49519,0.31502,-0.58239,-0.72186,-1.2446,-1.7525,-1.5049,-2.083,-1.8541,-2.0616,-1.9857,-1.5547,-1.5463,-1.13,-1.4523,-1.5593,-0.92273,-0.36559,-0.0009138,0.013259,0.24083,0.87336,0.82188,-0.26352,0.020358,0.51487,0.41131,1.7083,1.5802,1.2534,0.86455,1.6457,0.82219,0.77493,0.022323,0.0086246,-0.58191,-1.073,-1.0324,-1.3013,-1.4167,-1.3388,-2.048,-0.42732,-0.58765,-0.79316,-0.94604,-0.71249,-0.91752,0.075342,-1.0824,-0.42186,0.58981,0.78484,1.2178,0.52565,0.48532,0.22892,-0.065015,-0.074164,-0.43096,-0.2116,-1.83,-1.4111,-0.27237,-1.6877,-2.2071,-1.7643,-1.7376,-1.8167,-1.2745,-1.814,-1.1133,-1.4486,-1.2102,-1.3857,-0.54316,-0.8088,-0.32638,-0.028628,0.35863,0.92788,0.55417,-0.14928,-0.085685,-0.12993,-0.70012,-0.60451,-0.27203,-0.69641,-0.77255,-0.080371,0.10772,0.055783,-0.0078709,-0.10312,0.78052,0.51808,0.89166,0.99683,1.6842,1.5285,2.0416,1.5071,0.594,0.74496,1.1342,0.79428,-0.437,0.83845,0.94648,0.87691,0.80071,1.4119,0.94059,1.1513,0.76212,0.8359,0.37466,0.35411,0.082837,0.73714,0.74993,0.055283,-0.75577,-0.20511,0.034598,-0.30014,-0.52865,0.24317,0.34809,0.58922,0.72914,0.91475,-0.049652,-0.011361,-0.44128,-1.0187,-1.3253,-1.0595,-0.27919,-0.45752,-0.37797,-0.93825,-0.64423,0.098704,-0.3715,-0.72917,-0.43199,0.014669,-0.80566,-0.41075,-2.0226,-1.425,-1.4511,-1.3381,-1.0135,-1.4636,-2.2248,-2.166,-2.008,-0.92103,-2.226,-1.3278,-0.63041,-1.206,-1.2192,-0.43767,-0.82913,-1.0579,-1.2214,-1.6288,-1.7478,-1.7719,-1.3417,-0.71824,-0.83166,-0.59739,-0.77541,-0.80066,-0.33442,-0.47465,0.28009,0.097986,0.73664,0.085482,1.1239,0.20272,-0.0859,-0.05779,-0.26998,0.034866,-0.78222,-1.7997,0.0091385,0.80824,2.0647,2.8532,1.9827,1.326,1.8353,1.3647,0.067036,-1.3576,-1.6132,-1.2963,-1.256,-0.15934,0.85857,0.24876,-1.0133,-0.11682,0.46026,-0.29201,-0.69289,0.19164,0.78051,1.1182,0.50191,0.16386,0.51873,0.15912,0.73292,0.37107,0.49062,-0.29477,-0.42336,-0.89535,-1.6833,-1.4548,-0.65062,-0.98454,-1.6305,-0.53923,-0.62483,-0.44573,0.67145,0.2903,0.94024,1.1071,0.92697,1.3204,0.69693,0.63082,1.3185,0.26,0.64796,0.15533,-0.75519,-0.32928,-0.27963,0.14891,-0.15555,0.67183,0.3036,0.47926,1.1788,0.44228,1.2755,2.1898,2.1017,2.7646,2.9161,2.0996,1.7485,0.78873,1.5697,1.3757,0.60124,-0.58812,-0.50941,-0.51885,-0.79076,-0.44616,-0.28689,0.29727,-0.087109,1.0759,1.1196,0.53886,0.64478,1.0473,1.1782,1.2856,1.4886,0.79793,1.0637,0.4968,0.5449,0.88886,0.53455,-0.054176,-0.3799,-0.35028,-0.040008,-0.72489,-0.77898,-0.95556,-0.7801,-0.45758,0.14143,-0.62759,1.2677,0.99121,1.0772,1.3058,0.31275,0.49441,0.87511,-0.1807,-0.63813,0.43497,-0.10618,0.57838,0.36892,1.0233,1.0919,1.1646,1.8398,1.5401,1.7635,1.8558,0.40017,1.0318,0.82207,0.57119,1.1499,0.081708,-1.11,-0.88615,-0.60293,-0.24369,0.27158,0.61953,1.8777,1.7552,1.2559,-0.17484,0.4822,0.068776,0.059094,0.12332,-1.0582,-0.56153,-1.1617,-1.0134,-1.8064,-1.9952,-1.5011,-1.5119,-0.98264,-1.2565,-1.4889,-1.4231,-0.6581,-0.10882,1.0349,-0.58363,-0.23443,-0.035709,-1.1189,-0.53402,-0.52398,-0.12034,-0.80887,-0.48383,-1.1599,-0.18963,0.73242,0.83531,1.2684,1.5779,1.7882,1.4935,1.6735,1.3772,0.7183,0.45583,-0.049533,0.21846,-0.10122,0.13539,-0.077374,0.52001,0.89663,1.0049,0.64969,0.7665,0.60552,0.48609,0.42462,-0.55615,-0.31843,-0.4542,0.027413,-0.13173,-0.40007,-0.010545,-0.33921,-0.058401,-0.82938,-0.9026,-1.5988,-2.43,-1.6059,-1.4614,-1.6479,-1.5984,-1.2106,-1.287,-0.72828,-0.84367,0.6414,1.1479,1.1667,0.91942,1.0667,1.8078,3.0535,2.4765,1.8929,2.3467,2.3756,1.8529,2.0054,1.9229,2.0458,2.468,2.4297,2.3303,2.1898,2.7749,2.6894,1.9607,2.5112,1.4517,1.9569,1.4368,0.47177,1.4083,1.0294,0.80137,1.6588,2.3465,1.2309,1.2506,1.0939,1.5871,0.98406,1.3448,0.12253,0.27807,0.060344,0.41167,-0.88684,-0.9634,-0.614,-0.084033,0.5248,-0.39199,-0.54349,-0.79368,0.6096,0.12502,-0.40493,-0.53915,-0.68609,-0.54768,0.56198,-0.18455,-0.43491,0.20366,1.6033,1.101,1.1622,1.5874,0.75759,1.4966,1.3013,2.0459,2.3574,2.3023,1.8887,1.721,2.3263,2.416,3.4018,2.8132,2.4664,2.7524,1.8661,1.5663,-0.0033049,0.1368,-0.94118,-1.6049,-1.4097,-2.4657,-2.5643,-2.2403,-1.2635,-0.93046,-2.3494,-1.0386,-1.2455,-0.57162,-0.61958,0.1913,0.11572,-0.963,0.035053,0.36477,0.33222,0.66771,1.4676,1.0124,0.2429,0.81298,0.78931,0.071284,0.29143,0.65691,0.21787,0.48433,-0.18684,-0.11744,0.1392,0.23024,1.083,1.4052,0.85444,1.593,1.1784,1.0867,0.88514,0.63166,0.36129,0.24108,-0.30321,-0.52496,-1.4239,-0.96442,-1.2044,-1.3056,-1.8276,-1.5704,-1.559,-1.0965,-0.60262,0.27088,-0.12623,-1.1439,-2.1053,-2.5954,-2.9881,-2.2702,-2.186,-2.3396,-1.4735,-1.3731,-2.0257,-1.8577,-2.075,-1.4023,-1.6407,0.18908,-0.89732,-1.147,-0.64129,-0.00070666,0.096523,0.3665,0.023587,1.2704,0.66878,0.42736,0.71826,0.65587,-0.25483,0.36521,0.1342,-0.4951,-0.24776,-1.0658,-0.54906,-0.79152,-0.53648,-1.1206,-0.61796,-0.89211,-0.85396,-1.3604,-2.0391,-1.829,-0.97811,-1.2594,-0.42073,0.11643,0.61137,1.5434,0.94845,0.6244,1.3847,1.8878,2.2367,2.2764,2.2854,2.2366,1.8749,1.6569,1.5409,2.5267,2.4267,0.84108,-0.040479,-0.60224,-1.0871,-1.2236,-1.6224,-0.83476,-0.59593,-0.48656,-0.64291,-0.24667,-0.32483,0.26172,0.76385,0.19705,0.19117,-0.86682,-0.015994,-0.38126,-1.6579,-1.3606,-1.7108,-2.128,-1.7872,-0.37285,-0.59149,0.092251,-1.1495,-0.15044,-0.37598,-1.0737,0.63307,-0.061076,-0.56534,-1.008,-0.61374,0.57423,-0.47975,-0.9754,-0.81667,-0.28647,-0.047583,-1.5529,-0.62007,-0.75396,-2.0078,-1.8104,-2.7218,-3.2003,-2.1795,-1.9879,-2.7609,-1.8824,-2.3368,-1.7313,-1.5496,-1.6518,-2.565,-1.3075,-0.18627,-0.11157,-0.031667,0.2299,0.33573,-0.42506,0.20319,-0.94572,-0.27392,0.10863,-0.33791,0.23517,-0.095276,0.15598,1.3883,2.4362,3.2995,3.6197,2.8297,2.7501,2.7925,1.7075,-0.66091,-0.62195,-1.3108,-1.0101,-1.832,-1.085,-1.4362,-1.8477,-0.95835,-1.482,-2.213,-1.129,-1.8142,-1.6888,-1.366,-1.6297,-1.2518,-0.82173,-0.82098,-1.4672,-1.3892
-0.553,-0.74654,-0.45695,-0.58352,-0.49186,-0.54927,-1.5382,-0.35163,-0.45956,0.4024,-1.3198,-0.10154,-0.43734,-0.98088,-0.48535,-0.6502,-1.0565,0.20388,-0.091945,-0.54579,0.43131,-1.5453,-0.49433,-0.31149,-0.63775,-0.23194,-0.59642,-0.47454,-0.080736,-0.28116,0.16096,-0.28653,-1.0385,-1.596,-0.34065,-0.0096044,-1.5508,-0.52609,-1.0495,-0.60175,-1.0139,-1.1058,-1.215,-1.1345,-0.11551,-0.18933,-0.46993,-0.72578,-0.56372,-0.068484,-0.015445,-0.38619,-0.76428,-1.064,-0.028401,0.33025,-1.0814,0.21059,-0.47523,0.37595,-0.7153,-1.3695,0.50313,-0.12547,-0.2741,0.015857,0.040812,-0.25909,-0.57746,-0.62968,-0.43836,-0.50985,0.51174,-0.11785,-0.047977,0.85861,-0.046509,-1.0442,0.77178,-0.76027,-1.0703,-0.27393,0.87846,0.096553,-0.42092,-0.5025,-0.71051,-0.19684,-0.62004,-1.1265,-0.21658,0.012372,-0.27678,-0.38923,-0.29481,-1.1805,-1.042,-0.45076,-0.011735,-0.88743,-0.79665,0.3994,0.033399,-0.019708,0.1192,-0.48112,0.48796,0.27649,0.049644,-0.075935,-0.021375,-0.62785,-0.15678,0.18035,1.198,0.57639,-0.19926,-0.83297,0.78018,-0.53115,-0.40112,-0.063889,0.84649,0.84952,0.19744,-0.060083,0.15356,0.35855,1.2355,1.4158,0.40152,0.43187,0.050694,0.6621,0.24826,1.0136,0.10197,0.1146,0.017425,-0.35824,0.6343,0.30424,-0.16055,0.039602,0.15663,0.37001,0.36121,0.19277,0.16876,1.1295,0.11545,-1.0152,0.35419,0.42434,-0.071238,0.12441,2.0397,0.30809,0.22931,-0.2974,0.51304,-0.15767,-0.30271,0.41216,0.29563,0.52893,-0.4502,-0.63529,0.0086429,-0.64184,-1.3218,-0.79154,-0.38555,-0.62558,-0.51004,-1.1885,-0.51079,0.19661,-0.81131,-0.68771,0.31973,-0.63025,-0.059394,-0.0060752,-0.49606,-0.37271,0.45614,0.40198,0.80836,0.41109,1.1356,0.81859,1.6679,0.27681,0.36404,0.28549,1.3773,0.51841,0.03544,1.6355,1.3429,0.87728,1.8359,0.80999,0.84883,-0.36434,0.55378,0.013073,0.29894,-0.10667,-0.20981,-0.079166,-0.85661,-0.33361,0.034999,-1.29,-0.29452,-1.6774,-0.83593,-0.37402,-0.60075,-0.23303,-0.10813,-0.84069,-0.11931,0.54192,-0.44138,-0.50324,-0.095476,0.73585,-0.094307,-0.2213,0.12711,0.45453,0.30765,0.15607,-0.027504,0.67036,0.33956,1.1664,0.83469,0.96042,0.68489,0.12769,0.14851,0.13673,0.4444,-0.24875,0.10776,-0.6165,-1.0142,0.077907,0.53554,0.077734,-0.54856,-0.030513,0.4702,-0.61763,-0.56026,-0.026138,-0.51556,0.83276,0.058384,-0.073596,-0.85475,-0.65119,0.45545,1.2074,0.22217,-1.0863,-0.033365,1.218,0.33335,0.40483,-0.69243,0.17604,0.38383,0.3392,0.27818,0.0025865,0.05163,0.38765,-0.65056,-0.63638,-0.14252,-0.052377,-0.25087,-0.16932,-0.63915,-0.74009,-0.8437,-0.64276,-0.00040801,-0.11025,-0.090261,0.13098,1.3898,0.84485,0.44037,0.45156,0.066444,0.27248,0.084524,-0.067663,0.29498,0.37751,0.38321,0.13253,0.23701,0.50557,1.1084,0.45744,0.7112,0.20918,-0.31398,1.0047,0.79425,-0.2947,0.76609,-0.015568,0.75393,0.20449,-0.71137,-0.036926,1.1202,0.46413,-0.055958,-0.55888,0.21534,0.014733,-0.24716,-0.16891,-0.86539,-0.72984,-1.892,0.28428,0.2421,-0.57511,-0.064586,-0.98089,-0.13296,0.36849,0.053404,-0.87907,-0.087013,0.84534,0.58536,1.499,-0.029721,0.23428,-0.19736,-0.66886,-1.0564,-0.49528,-1.039,-0.50336,-0.23178,-0.43716,0.084807,0.16321,-0.67443,0.15208,0.69616,0.30715,0.82522,0.62947,-0.0043289,-0.29018,0.19883,-0.74805,0.14227,-0.89039,-0.1309,-0.15707,-0.82072,0.060581,-0.10006,0.42613,0.43151,0.6708,0.039625,0.7523,0.44917,0.6957,1.1992,0.40992,0.22031,-0.27709,0.96259,0.90143,1.6022,0.31872,0.0060992,1.2303,1.0833,1.138,-0.022027,0.3632,0.13169,0.81371,0.21959,0.92036,0.3102,0.60915,0.67028,1.2695,1.368,0.3194,0.088227,0.11395,0.5722,0.8236,-0.45387,0.82541,0.07612,0.40431,0.67389,0.61186,-0.365,0.33711,0.11456,0.69239,0.29705,0.76704,0.38452,-0.035696,-0.093968,-0.24763,0.29825,-0.34997,-0.65485,1.2332,0.13964,0.39262,1.2072,1.3687,0.62258,0.29437,0.27159,-0.057183,-0.056875,1.3059,0.8055,0.45274,0.12722,0.45988,-0.55104,0.19276,0.31346,-0.1026,0.60844,0.97333,-0.1552,0.33443,0.58738,0.88112,-0.18626,-0.22346,-0.043436,0.42626,0.041026,0.42484,0.7357,0.37982,-0.26709,0.90597,0.58731,0.993,0.064243,0.11011,-0.13483,0.30837,0.45772,0.023513,-0.27873,-0.5193,-0.91684,-0.51106,0.55101,-0.29081,-1.1776,0.010728,0.5648,-0.85665,-0.87215,1.2657,0.76229,0.15431,-0.3128,1.4694,0.67562,0.83455,0.55978,1.9602,0.81558,1.0383,1.2397,0.3587,0.46342,0.01504,0.80949,0.44748,0.77067,0.4242,0.078588,0.54915,0.72129,-0.23906,0.0027512,0.14536,0.96378,-0.45852,0.57387,0.27713,-0.48132,0.31774,0.13424,0.91848,1.1691,0.71754,-0.39079,0.36909,0.47734,0.98066,0.95076,0.48133,0.61934,0.81455,1.3799,-0.4758,-0.051082,0.23347,1.3313,-0.64794,0.1645,0.27302,-0.16536,-0.45203,0.68607,0.20892,-0.17414,-0.36906,0.17126,1.1889,0.13846,0.41714,0.022255,0.97957,0.62323,-0.01014,0.20734,-0.62393,-0.65137,-0.99333,-0.16087,-0.57165,-0.082404,-0.60177,-0.75233,-0.57588,0.1548,-0.49542,0.31676,-0.55866,-0.22799,0.5617,-0.0094389,0.3091,-0.4196,-0.047477,-0.23884,-0.13946,-1.0465,-1.1874,-0.69955,-0.97079,0.0069355,-0.039071,-0.13153,-0.40999,-0.072328,-0.12488,-0.99685,-0.67061,-0.10894,-0.88533,-0.37904,0.50572,0.4751,0.77423,-0.53094,-0.038513,0.44595,-0.10077,1.0182,0.38706,0.19824,0.73738,1.3203,0.35868,0.61733,0.33129,0.85745,1.0065,-0.056152,-0.28286,0.85295,1.7048,0.33478,0.085817,0.22193,-0.35414,-0.59237,-0.4658,-0.55418,-0.70912,-1.0669,0.10203,-0.76228,1.0679,-0.94585,-1.1972,-0.84824,1.2999,-1.3243,-0.74128,-0.46491,-1.2973,-0.9058,-0.30377,-1.1578,-1.1318,-0.43319,-0.17499,-0.26088,0.64988,-0.00035605,-0.92601,-1.7444,0.14346,1.0433,-0.54609,-0.75141,-0.23555,0.19391,0.16287,-0.23233,0.59734,-0.073175,0.88299,-0.095945,0.73457,0.87069,-0.76931,0.61874,1.8205,0.32858,-0.40472,0.30881,1.1955,-0.26586,0.53992,0.12319,-0.51864,-0.19165,-1.0945,0.46341,-0.13314,0.10755,-0.98424,0.27798,0.36773,-0.55821,-0.95069,-0.72668,0.063404,0.38831,0.14535,-0.91489,-0.64354,0.65003,0.40361,0.31513,-1.1704,1.3684,0.63306,0.84402,1.1725,0.77952,0.7255,1.1338,0.85546,0.69077,0.31425,0.29759,-0.82469,0.95271,0.18404,0.060407,-0.37866,-0.1236,-0.1836,0.39046,-0.25259,-0.84731,-1.2055,0.082365,1.0222,-0.49927,-1.596,0.34829,-0.37756,-0.51805,-1.8638,-0.19628,-0.079304,-0.44338,-0.29192,0.11209,-0.20905,-1.7291,-1.4982,-0.023665,0.094794,0.068719,0.23025,-0.66449,0.29706,-0.46095,0.73024,0.59908,0.29219,-0.12939,-0.83909,0.0055126,-0.95318,0.17162,-0.67508,-0.28906,-0.54034,0.1322,-0.02307,-0.2267,1.4416,-0.49995,0.66811,0.37935,1.4483,0.60883,0.92748,0.12513,0.68697,1.791,0.97082,0.3195,0.96255,1.802,0.92898,1.2562,-0.052889,-0.29476,0.43417,-0.46225,0.38504,1.3783,-0.83756,-0.93927,-0.71683,-0.89288,-0.52595,-0.75751,-0.6444,-0.19741,-0.16043,-0.44401,0.44999,-0.12248,0.34652,-0.52075,0.31978,0.36513,0.5885,-1.3759,-0.11814,-0.68031,-0.1865,-0.66171,-1.4498,-0.67854,0.37715,-0.73612,-1.4419,-0.75199,0.029479,0.11852,-0.57767,0.65477,0.50537,-0.66382,0.30431,0.70012,-0.65688,-0.26494,0.081995,0.5241,0.54853,0.45133,-0.1253,0.9074,2.1436,0.97735,0.003956,1.1291,1.0552,0.95238,-0.017965,-1.0805,-0.1858,-1.1579,-0.78588,-1.4994,-0.24326,-0.44377,-0.91858,1.1712,0.37883,0.2687,0.38026,0.13,0.60686,0.2615,0.63712,0.17492,-0.56968,0.16746,-0.40033,0.59157,0.10389,-0.056533,0.095491,0.90279,-0.39322,-0.0097191,0.32772,-0.0093696,0.06489,-0.21616,0.022224,0.7181,0.46446,0.0078702,-0.55434,-1.0395,-0.65212,0.1201,-0.29205,0.56516,-0.39655,-0.57618,0.11152,-0.36104,-0.51494,-0.5803,-0.41205,-0.074371,-0.39175,-0.36059,-0.41418,-1.0153,-0.44295,-0.31183,-0.42145,-0.75901,-0.25513,-0.079176,-0.058378,-0.49386,-0.10425,-0.29128,-0.10158,0.42429,-0.16243,0.25068,0.95258,0.32051,0.65001,-0.0215,0.33508,0.49071,-0.49044,0.046891,-0.013455,-0.68112,0.18966,0.69459,0.455,0.74109,0.74955,0.13094,-0.10651,-0.18117,0.16296,0.83968,-0.4003,0.22463,-0.1282,-0.007768,0.90217,-0.59435,0.085189,-0.3425,-0.15335,-0.24141,-0.49808,-0.58955,-0.025853,0.21511,-0.35848,0.18178,-0.26838,0.18484,-0.24308,0.65278,-0.86234,0.30315,-0.75705,-0.080527,-0.10158,-0.73898,-1.4854,-0.40538,-0.38363,0.0048524,-0.64062,0.7526,-0.15514,0.42202,-0.73311,0.41706,-0.71756,-0.18439,0.73678,1.323,0.51627,-0.23826,0.010657,0.45241,-0.10425,-0.01348,0.89488,1.8814,0.54003,-0.84485,0.46553,-0.39853,-0.31796,-0.068725,-1.1712,-0.76408,-0.60329,-0.91783,-1.1719,-0.021307,-0.78255,-0.89107,-1.316,-1.8781,-0.82582,-0.99574,-0.55112,-0.13248,-0.91604,-0.9937,0.0026375,-0.61415,0.57905,0.32812,0.86743,-0.8324,-0.76888,-0.31157,1.281,-0.40259,-0.29888,0.50974,0.29584,-0.25395,1.1768,0.50881,1.1063,0.16491,0.13613,0.31314,0.92963,-0.51616,-0.69694,-0.65445,-0.4772,0.05805,-1.1239,-0.16574,-0.81686,-0.32833,-0.74353,-0.88673,0.32915,-0.10699,-0.60759,0.33616,-0.18423,0.50044,-0.39663,-0.78628,-1.0194,-1.3264,-0.26916,-0.90633,0.17355,-0.32136,-0.0074605,-0.81707,-0.7794,-0.25709,-0.29119,-0.010199,-0.5112,-0.37563,-0.11248,-0.11483,-0.34318,-0.24535,0.7089,-0.16733,0.00018969,1.125,0.90537,0.34968,0.90616,0.34898,0.79645,0.19058,0.35545,-0.88642,0.10528,0.25345,0.17555,0.78362,-0.24603,-1.4434,-0.36805,-1.0886,-0.041839,-0.52949,-0.42533,1.0508,-0.42447,-0.70379,-0.6853,-0.78797,-0.56476,-0.63612,-1.9813,-0.81862,-0.26072,-0.65293,-0.21288,-0.4034,-0.82709,0.068045,0.25754,0.78668,0.519,-0.14052,0.09952,0.026957,0.018797,1.0034,0.23044,0.57351,-0.73991,-0.86041,-0.64453,-0.72953,-0.32176,-0.64335,-0.058772,-0.0055909,0.3202,-0.53861,-0.41172,0.16362,0.229,0.98673,0.35201,1.2664,0.79712,0.83674,1.674,-0.38218,0.57642,1.2356,0.033663,-0.40745,-0.39222,-0.16859,0.34308,0.25628,-1.2568,-0.29831,-0.64288,0.27479,0.06278,-0.98272,-0.685,-0.10988,-1.1497,-0.8578,-0.80001,0.71988,0.22828,-0.73591,-0.38366,0.38103,-0.87775,-0.58411,-0.83876,0.6829,0.60852,0.1655,0.30993,-0.12356,-0.54871,-1.5027,-0.14805,-0.0051131,0.82769,-0.88194,1.0763,0.30831,0.47318,-0.12109,0.041116,0.57944,-0.1587,0.044733,0.54135,0.76933,0.51441,0.87196,0.37381,0.8361,-0.1999,0.97251,0.51376,-0.11854,0.24263,-0.077529,1.0939,0.3827,-0.51511,-0.18998,-0.11495,-0.70233,-0.94877,-0.76671,0.19087,0.47112,-0.95158,-0.68065,-0.34792,0.067426,-0.20973,0.065744,0.59171,0.69042,0.36546,0.60673,0.86546,0.9688,-0.093995,1.0429,0.93662,0.42909,0.53107,-0.36207,0.36932,0.37867,0.090125,0.53995,0.92267,0.50528,-0.65538,0.3602,1.0376,0.18077
-1.4197,-0.10644,-0.20913,-0.73435,-0.73937,0.44059,-0.55308,0.097013,-0.7402,-1.0943,-0.80933,-0.28214,-0.088483,-0.32286,0.25675,-0.8178,0.17278,0.09614,0.09733,0.25011,-0.86666,0.24508,0.17963,0.18482,-1.3598,0.42333,0.12801,-0.70321,-0.021509,0.596,0.26288,-0.20162,0.24904,-0.36864,-1.266,0.35354,-0.64871,0.20107,-0.6712,-0.3666,-1.0125,-0.86639,-0.66723,-0.47193,-0.061135,-0.59457,-0.96406,-0.095637,-0.12502,0.26353,-0.22273,0.32849,0.11938,-0.083449,0.02423,0.43483,-0.55856,-0.19438,-0.44493,-0.25542,-0.61293,-0.23273,0.96789,-0.86618,0.26534,0.23333,-0.092817,0.24797,-0.51171,0.2429,-0.23002,-0.063133,-0.050579,-0.39085,-0.12443,0.38634,0.067523,0.42468,-0.47811,0.3462,-0.53536,0.45962,0.34042,-0.19748,-0.92984,-0.17964,0.38434,-0.26731,-0.56457,1.1516,-0.10425,-0.55401,-0.068075,-0.53691,-1.1163,-1.1335,-0.74558,-0.8422,-0.64216,-0.87292,-1.3907,-0.12448,-1.3036,-1.4385,-0.37019,0.56234,-0.3694,0.083224,0.49262,-1.1712,-1.0322,-0.38823,0.41111,0.1926,-0.27589,-0.19765,-0.2774,0.54173,0.65189,-0.63433,-0.71692,-0.67811,-0.77386,-0.31563,0.30382,-0.064474,0.14676,0.0085994,0.30321,0.74096,0.10397,0.53206,0.17509,0.92435,0.14258,0.13286,0.22794,0.49191,0.11142,0.76119,-0.72921,-0.84055,-1.0804,0.88739,-0.45452,0.072505,-0.5763,-0.22282,0.49405,-0.018507,1.0734,-0.3686,-1.5321,0.52829,0.71537,-0.19582,0.57688,1.0599,0.23466,-0.06254,1.0329,0.2716,0.031705,-0.55237,-0.062544,-0.87565,-0.47007,-0.30929,-0.52402,-0.13763,-0.43559,-0.80864,-0.18834,-1.1092,-0.88111,-0.7531,-0.44211,-0.48297,-0.089244,-0.44515,0.47391,0.13264,-0.0002758,-0.7162,-0.083501,0.1352,0.42232,0.25114,0.36578,0.15836,-0.11492,0.24815,0.74891,-0.027554,-0.14998,0.77139,0.44703,1.0878,0.13737,0.3665,1.3772,0.35545,1.045,0.57333,-0.13742,0.1409,0.24038,-0.036697,-0.11431,-0.85797,0.316,0.44579,-0.18767,0.084707,1.3237,-0.34088,0.46792,0.16829,0.0061947,-0.055934,-0.13202,0.37264,0.35701,0.26298,-0.31493,0.14379,0.070005,-0.011959,0.40737,0.92194,-0.022034,-0.26709,-0.15479,0.35875,-0.15855,0.057877,0.74576,0.46492,-0.17928,-0.13771,0.13935,0.41896,1.0211,0.18659,0.7849,-0.030928,0.61763,0.7739,0.49771,0.90178,-0.0094767,0.059951,0.28783,-0.47171,1.4531,-1.3078,1.469,-0.35875,0.41013,-0.21763,0.10206,0.78495,-0.29502,0.50681,-0.14755,-0.491,0.62235,0.54525,-0.072948,0.93347,0.4001,1.0904,0.60946,0.12879,1.2075,0.46754,0.7942,0.48619,0.91925,0.82698,0.59675,0.26842,-0.092036,0.42416,-0.23126,-0.14984,-0.58557,0.89194,-0.80518,-0.73339,-0.41462,-0.50128,0.059586,-0.13986,0.10243,-0.12848,1.0057,-0.68371,0.56074,0.55346,1.5597,1.1623,0.42882,0.20431,0.75744,-0.10584,0.27141,-0.095421,0.89459,0.83518,0.2007,0.17849,0.14862,0.034836,0.3796,-0.20039,0.50605,0.25685,0.7352,0.51767,1.2135,0.62821,-0.022358,-0.29585,1.6763,1.3902,0.15089,0.62647,0.66097,0.1036,1.2986,1.0459,0.29639,1.1983,-0.24802,1.3325,1.0025,-0.22162,0.13467,-0.11595,0.19377,-0.064151,-0.67797,0.26243,0.82383,0.31178,-0.54266,0.97748,0.13913,0.36431,0.65648,-0.77311,0.76382,-1.0879,-0.28387,-0.015558,0.4234,-0.26523,-0.60358,0.26976,-0.53485,0.57833,1.0428,0.79082,0.30299,-0.2003,0.65976,0.67837,0.19097,-0.46724,-0.026519,0.04708,-0.14113,-0.64646,-0.84876,0.29464,-0.52457,0.41401,0.80543,-0.054036,0.22438,0.38053,0.26115,0.69671,0.84848,-0.47598,0.082536,-0.19272,0.99967,0.47684,0.48657,0.066754,0.40493,1.2392,0.37353,0.26283,-0.29191,0.40431,0.57448,0.387,0.17578,-0.35318,0.42522,-0.0010148,0.60615,0.031876,1.5643,-0.30456,1.3024,0.05921,0.88864,0.44425,0.22799,0.77253,0.98585,1.0193,0.3259,-0.23141,0.3949,0.59988,0.192,1.209,-0.22008,1.984,1.33,0.005849,-0.023905,-0.094917,0.40771,-0.1246,0.43397,0.83537,-0.31307,0.63527,0.88626,0.55822,-0.13632,0.40259,0.70701,0.5842,1.3008,0.62407,0.66386,0.2935,-0.31879,0.44886,0.23316,0.50015,-0.17542,-0.67571,0.92083,0.33721,-0.93415,-0.36517,0.18159,0.15433,-0.17786,-0.58061,-0.29619,0.13531,-0.043102,0.29347,0.58974,-0.33561,0.53223,0.86706,0.64279,-1.0768,0.35507,0.51588,0.37042,-0.28963,-0.31739,0.26651,-0.46124,0.44328,-0.74177,-0.72441,0.8223,-0.2384,0.043654,-0.35275,-0.43357,-0.24527,0.12962,-0.026802,-0.35261,-0.57645,-0.60818,0.32515,0.13791,0.16692,0.093877,-0.084196,1.0871,0.51764,-0.40465,-0.57146,-0.02251,-0.24129,0.3572,-0.26082,0.93026,-0.23092,0.16384,0.038057,0.481,-0.5816,-0.70459,0.024809,0.35822,-0.12618,-0.16386,0.6107,-1.3603,1.0607,0.077115,0.9152,0.19685,0.52714,0.7991,0.54875,0.16507,-0.3875,1.5119,0.30964,-0.088192,0.87819,-0.10518,-0.84268,-1.1654,0.89542,-0.30354,-0.59144,0.23864,0.17071,0.14828,0.59941,0.18262,0.16946,-0.031101,-0.14262,0.78353,0.27517,1.8555,-0.12973,0.45367,1.2436,-0.31646,-0.44924,0.36243,-1.0929,-0.38672,-0.84177,-0.94599,-0.72259,-0.63993,0.1105,-0.0084397,-0.21783,-0.6889,-0.87745,-0.15041,-0.57256,-0.52427,0.21867,0.40662,-0.45239,-0.35465,-0.16925,0.96559,-0.12245,-0.55322,-1.054,-0.46823,-0.37386,-0.65813,-1.2401,0.022665,-0.92808,-0.14007,-1.2003,-0.24542,-0.82603,0.67849,-1.1436,-0.078918,0.055326,-0.39779,0.15472,-0.39156,0.64376,0.48943,-0.39103,1.0334,0.42814,0.063028,-0.76689,0.026648,0.62585,0.33164,0.328,0.045416,0.40799,-0.76618,-0.16692,-0.13971,-0.46355,0.23519,-0.70542,-0.68521,-0.15694,-0.29923,-1.1858,-1.6916,-0.31716,-0.34924,-0.16981,-1.9368,0.15393,-0.25223,-0.59347,-1.2771,0.35803,-0.81886,-0.23532,-0.50671,0.10998,0.2946,-0.33522,-0.50392,-0.82806,-0.11345,-0.024028,-0.30332,0.59512,-0.5494,-0.67845,-0.080007,-1.1177,1.6851,-0.73784,-0.31611,0.21346,0.034419,-0.29867,0.65136,-0.020257,0.28198,0.7076,-0.45801,-0.21977,1.1292,0.021525,-0.045587,-0.22125,0.02185,-0.22412,-0.26205,-0.097599,0.42363,-0.46415,-0.31731,0.99508,-0.41509,-0.84159,-0.25771,-0.10056,-0.056656,0.68224,-0.49187,0.15537,-0.72824,-0.56994,0.30633,-0.59305,1.4091,-0.37936,-0.10914,-1.336,-0.097159,1.7513,0.12195,-0.69215,0.063556,-1.2459,-1.0445,0.85606,1.3976,0.75638,0.52785,-0.06747,-0.14121,0.7125,0.018335,0.57415,0.53328,0.92929,0.87873,0.51908,-0.37948,-0.62754,-0.55605,-0.44346,-0.33386,-0.27779,0.55726,0.26598,-0.065147,-0.69489,-0.61975,-0.059761,-0.53283,-0.30166,-1.1362,-0.70393,-0.5289,-0.76835,-0.42396,-0.74497,0.23567,-1.0007,-1.4546,-0.72108,-0.6943,-0.8541,-0.63401,-0.10576,-0.1781,0.88489,0.29401,-0.83354,-1.6808,-1.0552,0.12754,-0.4309,-0.96919,-0.32488,-0.65671,-0.27074,-0.87854,-0.10462,1.0699,-0.23996,0.91563,0.059493,0.60489,1.9907,0.31978,0.72196,0.18522,1.0944,0.30859,0.62826,0.17699,0.88188,-0.049078,-0.31397,0.1285,-0.5464,-0.32645,-0.066021,-0.26384,0.18545,-0.30966,-0.726,-0.14504,-1.7664,-1.3686,0.278,-1.0937,-0.5634,-0.63922,-0.98686,-0.86655,-0.069784,-0.020319,-0.33582,-0.3531,-0.4581,-0.6981,-0.50433,-1.3003,-1.4637,-1.4269,-0.67628,-0.14842,-0.22335,-0.27162,-0.71379,-1.6494,-1.1192,-0.47679,-0.45932,0.68311,-0.068322,-0.89959,0.69553,0.24191,-0.32791,-0.35604,-0.34315,-0.81327,0.56319,0.0605,0.2641,0.080442,1.2283,0.79124,0.90649,0.16456,-0.48792,1.1565,0.87715,-0.71936,-0.91984,-0.33733,0.53553,-0.25505,0.10593,-0.12795,0.097512,0.40637,-0.58763,0.7289,0.090808,-0.15806,-0.011088,-0.022584,0.89641,0.1095,-0.99191,0.43438,-0.64162,0.28129,-0.87474,0.26572,0.45657,-0.11302,-0.45695,-0.5297,-0.72362,0.4606,-0.23368,0.24528,-0.78292,0.41437,-0.39941,-0.63645,-0.92549,0.74248,-0.20951,-0.48412,-1.3958,-0.099009,-0.46258,-0.93129,-0.24171,0.077037,-0.66755,0.1391,-1.0974,0.12677,-1.1196,-0.25398,-0.52059,-0.52939,-0.74096,-1.1477,-0.11224,-1.0984,-0.53793,-0.14383,-1.2251,-0.34356,-0.18184,-0.20251,0.016605,-0.092291,-0.47477,-0.63102,0.45361,0.80664,0.061645,-0.23281,-0.099393,0.42402,0.25561,0.14255,-0.12519,-0.052432,0.10858,-0.36153,-0.17169,-0.15029,0.11235,0.35055,0.066042,-0.00095851,-0.1297,0.10078,0.10046,0.076344,-0.68693,-0.29318,0.54046,0.16584,0.45873,-0.57846,-0.33594,0.66701,0.17088,-0.23149,-0.80869,-0.33912,0.10472,-0.089032,-0.63267,-0.18925,-1.5187,-1.0858,-0.88114,0.22178,-0.3768,0.34265,0.43655,-0.66836,-1.2553,-0.27603,-0.47645,0.39687,-1.9183,0.32618,-1.1213,0.38474,-0.6901,0.21138,-0.41438,0.18185,-0.47283,1.4698,0.73248,-1.0668,1.5917,0.015594,-0.15564,-0.14498,0.4852,0.41352,0.90208,0.49817,-0.5797,0.56527,0.017581,-0.99629,-0.38414,-0.82679,-0.87384,0.22698,0.044864,-0.91149,-0.51533,-0.66692,-0.19422,-0.7763,-0.87208,-1.5767,-1.3017,-0.89953,0.20297,-0.51715,-0.39067,-0.82103,-0.64268,0.37313,-0.46597,-0.95984,0.51201,0.14135,-0.17894,-0.29033,1.649,-0.34024,0.93356,-0.7223,0.6049,0.5983,1.2385,0.7481,0.90234,-0.10491,-0.4901,-0.51426,0.33346,0.27346,-0.52719,-0.69253,0.42299,-0.13903,-0.52489,-0.22375,-1.3047,-0.35327,-0.72578,-0.74935,-0.56661,0.84195,-0.13113,0.48072,1.2533,0.43708,0.7796,0.31491,-0.41588,-0.34225,-0.29611,0.74049,0.78533,0.84001,0.13149,-0.018715,0.8242,0.5712,0.093513,0.057309,-0.087531,-0.28834,-0.12591,0.18395,-1.2611,0.55883,0.50017,0.28826,0.1826,0.64718,-0.18423,1.8812,0.30634,0.40396,0.58295,1.0943,-0.68071,0.558,-0.36521,0.78159,0.8554,0.47809,0.22059,-0.23793,0.35692,-0.74046,-1.1037,-0.39566,-0.28433,0.34495,0.59424,-1.3878,-0.84186,-0.55009,-0.4259,-0.79409,-0.79052,-0.85305,0.3258,0.88275,0.44101,-0.13264,1.1038,0.70464,0.75326,0.35685,0.61087,0.27428,0.43757,0.37603,0.76441,0.64352,0.13709,-0.43487,0.14721,-0.1169,-0.62892,-0.93612,-0.1387,-0.42611,0.93127,-0.72428,0.20004,0.32487,-0.19919,-0.64662,0.46734,-0.022197,0.515,1.4068,0.6808,0.90058,1.2948,-0.20144,0.96062,0.43654,1.1239,-0.33588,0.5498,1.039,0.62314,0.46972,-0.025864,-0.63061,0.43449,0.61036,0.13217,-1.1849,-0.76916,0.40603,-0.078158,0.28324,-1.0111,0.22075,-0.10111,-0.90005,-0.4227,0.04143,-0.79047,-1.499,-0.58892,0.88091,0.13051,-0.25748,0.25378,1.4736,0.18978,-0.59891,-1.1931,-0.33424,-0.24803,0.093001,1.0422,1.5201,0.93552,0.21364,0.53302,0.39014,0.14301,1.0809,0.57649,0.9302,-0.41032,0.8839,0.18526,0.86221,0.88589,0.58011,0.71112,0.34739,0.59458,-0.17203,0.9026,0.37492,0.39991,0.80069,0.9327,0.016155,-0.70594,-0.55518,1.2716,-0.094416,-0.14442,-0.32805,-0.71232,0.44468,-0.30698,-0.52411,-0.51629,1.0464,0.8006,0.43577,0.25622,1.5307,-0.066309,0.033715,0.92828,1.109,0.00052833,0.80921,-0.26064,0.38971,0.59175,0.63951,0.65502,-0.21208,0.47573,1.3356,1.6357,-0.72815
0.42156,-0.33526,0.32519,-1.0748,0.35139,0.40068,-0.10724,0.11819,-0.66606,-1.1597,-0.66738,-0.5102,1.0587,-0.5502,-0.36726,-0.17416,0.61201,-0.69219,0.90599,-0.81578,0.062625,0.21308,0.36666,-0.542,-0.84581,-0.44982,-0.40682,-0.20774,0.435,-0.52366,0.00035345,-0.067326,-0.038162,0.15383,-1.3513,-0.54605,-0.48678,0.77345,-0.079574,-0.59969,-1.0888,-1.0013,0.77469,0.14051,-0.21395,-0.060436,-0.29493,0.46281,-0.6293,-0.17325,-0.25612,0.25047,-0.20504,-0.27771,-0.30674,0.95298,-1.5266,-1.7018,0.77392,0.47935,-0.88296,-0.53605,-0.013175,0.33639,-0.37262,0.046687,-0.70444,-0.10485,-0.76213,0.016828,-0.22749,0.1178,-1.2354,0.41692,0.46177,-0.15604,-0.31251,-0.30654,-1.1523,0.15075,-0.50506,0.63362,-0.66065,-0.13998,-0.51769,-0.38225,-0.29686,-0.52591,0.65902,0.37007,-0.26573,-1.1087,-1.641,-2.5747,0.24795,1.0877,-0.26446,0.085813,0.34071,-0.35905,0.26886,0.0014351,-0.55177,0.29763,-1.3069,0.38743,0.53467,-0.037516,-0.84969,-1.066,0.11544,0.83566,-0.53399,-1.3647,-0.8514,-0.27319,-0.65911,-0.0067635,-0.82515,0.82907,0.39153,0.50976,-0.65042,-0.22907,-0.033639,-0.19765,0.22235,-0.13121,-0.1318,0.38909,0.6021,-0.21639,-0.040088,0.30169,0.090516,0.15078,0.23284,1.0541,0.0066107,0.37093,-0.28316,0.8549,0.70129,1.0753,0.25659,0.25754,-0.37515,0.58188,0.73264,2.0538,0.97077,0.15465,0.76955,1.4752,0.63543,1.0158,-0.30515,0.51086,0.88374,0.46813,0.1446,-0.091282,-0.44594,-0.057818,0.25446,0.41155,0.19449,-0.33473,-0.38262,0.10691,-0.067469,-0.58197,0.34219,-0.26631,-0.46973,0.52692,-0.19796,-0.4971,0.38109,0.54744,0.93345,-0.044691,0.50519,0.55572,1.6067,0.7277,0.95026,-0.0061479,0.60801,0.19329,0.254,0.16462,0.27721,0.2245,0.59059,0.34069,-0.0074484,1.8167,1.1945,0.76792,0.13537,-0.5874,-0.44175,0.35853,-1.2023,-0.38246,-0.31317,-0.74852,-1.111,-1.5378,-0.68478,-0.75555,-1.4557,-1.2816,-0.31853,-1.0391,-0.87307,0.53049,-0.0037138,-1.447,-0.8511,0.36219,0.25124,-0.20014,0.34801,0.344,0.77121,0.56425,0.18232,-0.51961,-0.28342,0.044344,0.54613,-0.28031,0.083697,-0.5813,0.3269,0.60668,-0.063736,-0.72981,-0.30469,-0.87238,0.9125,0.2149,-0.40727,-1.1823,-0.27758,-0.0034146,0.30579,-0.89762,-1.4195,-0.71852,0.10182,0.072998,-0.28261,-0.64002,-1.0682,-0.62789,-0.90781,0.56585,-0.39116,-1.5626,-0.66093,-0.34186,0.50229,-0.44851,-0.61288,-0.37662,0.095551,1.145,-0.20174,-0.50001,-0.79721,0.30963,0.33875,0.20782,-0.61691,-0.7519,0.024861,-0.38696,0.14229,-0.21408,-0.20782,-0.35151,-0.23301,-2.2658,-1.7312,1.0712,0.99815,0.98229,0.61254,0.37293,1.3382,1.6829,1.0263,0.8155,0.81469,0.27216,1.3126,1.4024,0.21591,1.8385,0.85951,0.63594,0.53523,0.42729,0.72759,1.3235,1.8077,0.78515,0.35431,0.67499,1.0996,-0.091842,0.29652,0.28621,0.85412,0.45159,1.2948,0.15124,0.91219,0.12261,-0.060364,0.50431,0.76967,-0.030361,-1.0314,-0.69859,0.7374,-0.021848,0.32152,-0.045502,-0.57189,-1.1218,1.1705,-0.040894,-0.66379,-0.80963,-1.4918,-0.46238,0.39548,-1.4221,0.066771,-0.42895,-0.080263,0.27341,-0.59479,-0.13816,-0.54632,-0.49148,0.50775,0.53443,-0.46124,-1.2149,0.016972,1.0226,0.67286,-0.45486,0.19079,-0.5426,-0.63105,0.75018,0.94558,-1.1309,0.27772,0.47084,0.3723,0.15233,-0.71152,-0.5877,-0.095736,-0.77051,-0.3257,-0.4815,-0.37255,-0.1116,0.32636,0.47704,0.14633,0.11193,0.74799,-0.5854,0.69832,-0.079597,0.58143,-0.24914,-0.13921,1.1344,0.57456,-0.99606,-0.43255,-0.29045,0.050239,0.38894,0.10389,0.13853,-0.019185,0.70438,0.55485,1.0941,-0.20265,0.57195,0.54715,0.019074,-0.6223,-0.60816,0.6445,-0.43606,1.9326,0.38169,0.44363,-1.1238,0.8065,0.48075,0.52256,0.26527,-0.44315,-1.2191,-0.58471,-0.25565,-2.7368,-0.28165,-0.43543,0.24172,-0.024272,-1.6071,-1.1096,0.25767,0.75258,0.57809,0.73624,0.27687,-0.46276,1.7898,0.39433,1.1064,0.57387,0.10911,1.2015,1.3268,1.4121,0.79983,0.42104,0.44772,0.91053,1.1916,0.44629,0.63578,-0.744,0.20631,0.90013,0.13316,-0.59459,-0.32653,0.30605,0.31973,-0.12431,-0.8631,0.28626,0.2265,-0.48604,0.14183,-0.13188,-0.41062,0.47959,0.017712,0.131,-1.0312,-0.15715,-0.59545,-0.26558,-0.86295,-1.5116,0.14139,0.35348,0.042905,-0.64626,-1.6433,0.496,0.069231,0.95991,-0.1347,-0.44127,-0.34051,0.66415,-0.11623,0.72906,-0.42471,0.20045,1.2111,1.0097,0.050125,0.35565,1.4199,0.85242,-0.076882,-0.39629,-0.088239,0.36147,0.12747,-0.37304,0.18738,0.19004,0.20612,0.62916,0.88333,0.5372,-0.15703,-0.61564,-0.11914,0.52468,0.54214,-0.021676,0.39734,-0.040554,0.56975,-0.38242,0.034696,-0.058376,-0.58246,0.64957,-0.036259,0.56414,-0.4419,0.97926,0.21689,-0.1012,0.40599,-1.259,-0.17866,0.82416,1.8819,0.31147,-0.026621,0.027668,0.7251,0.80558,-0.38373,-0.05644,-0.63221,0.3548,0.05326,0.083623,0.2857,-0.31489,0.56219,0.58224,0.83768,-0.22369,0.084929,0.0014426,-0.73734,-0.31837,-1.8914,-0.85303,-1.1066,-1.322,0.31558,1.4366,0.058313,-0.42227,-0.37273,0.077964,0.43461,0.35991,0.12543,0.3048,0.098628,1.3181,-0.33859,-0.41566,0.5042,-0.62709,0.59262,-0.18963,0.42521,0.30499,0.0078406,1.4446,0.0048354,0.72802,-0.84069,0.59886,1.9912,2.2878,0.76901,0.37786,0.67105,0.74575,0.56128,0.70795,0.98865,0.53241,0.78847,1.2114,1.2673,0.41483,0.69317,1.6798,1.5728,1.534,1.053,0.52167,0.90221,0.34273,1.0936,0.89447,-0.12884,-0.2919,0.2878,0.64144,0.47188,-0.070722,0.20306,0.21686,0.84076,0.17904,1.0573,0.39714,-0.12512,0.80802,0.61985,-0.59919,0.9245,0.41109,0.41733,0.40567,0.32088,0.8582,-0.8969,-0.59369,0.65228,1.3731,0.53283,0.41702,1.0912,0.94423,1.5728,2.0409,-1.022,0.40345,-0.2639,1.0325,0.50787,0.3341,-0.6033,1.0347,0.46064,0.93826,-0.33694,0.30294,0.22752,0.52339,1.3289,0.81724,0.7909,-0.50351,0.18135,0.59275,-0.056249,0.087778,0.43654,-0.20848,0.37279,-0.68828,-0.62515,-0.60464,0.14194,0.77831,-0.29919,-0.30732,-0.47839,0.67926,0.59522,-0.82533,0.45929,0.69331,-0.0032457,1.1163,0.56162,1.2528,-0.30889,0.63359,-0.26017,1.1789,-0.1563,-0.081711,0.37535,1.3357,1.314,-0.63202,0.23068,0.18405,0.61519,-0.22543,-0.33178,0.55244,-0.2082,0.73079,-0.51035,0.23437,0.041599,-0.53484,-1.4802,-0.34569,-0.55022,-1.2293,-0.65883,-1.7021,-0.12873,-0.82199,-1.5529,-1.2049,0.23713,0.075924,-0.96589,-0.56403,-0.94928,-0.77923,-0.33606,-0.70193,-0.07598,-1.4703,-0.88671,-1.0014,-0.53951,-1.1107,-1.5166,-1.1813,-0.80007,-0.06251,-0.96943,-1.5579,-0.73304,0.56372,-0.21086,-0.74843,-0.76973,0.29784,0.2339,0.68033,0.036463,1.2461,-0.10762,0.59539,0.96785,0.54383,0.83757,0.57123,1.3496,0.45242,0.97078,-0.42146,0.68022,0.56938,0.35532,-1.2253,-1.575,0.30635,0.38132,0.5482,-1.2819,-0.11985,0.37304,-0.62453,-0.72521,0.078084,-1.1151,-2.5383,-1.2109,-0.84315,0.2359,-0.34007,-0.68452,-0.90104,-0.7039,-0.22629,-0.76433,-1.1466,-1.2788,0.11844,-0.90046,-0.61637,-1.6734,-1.8085,-0.73387,-1.7054,-1.2538,-1.5343,-1.7515,-2.0265,-0.45892,-1.2845,-0.41717,-0.52964,1.0765,0.32156,0.38323,-0.27284,-0.58386,-0.053698,-0.49987,-0.60503,0.65299,-0.084764,0.8915,0.84083,0.88998,1.1732,-1.3754,0.3121,-1.0269,0.84488,-0.81451,-1.4505,-1.0281,-0.80362,-0.5122,-1.564,-1.6476,-1.1838,-0.70208,-0.35204,-0.73396,-0.2119,-0.5167,-0.31392,-0.38907,0.24666,-0.32325,-0.34044,-0.24256,-0.77188,-0.29745,-2.0774,-0.81827,-1.2144,-0.032386,-1.2624,-1.5219,-0.90387,-0.72486,0.020013,-1.0992,-0.61304,-0.8033,-0.69681,-1.4812,-1.1285,-1.3104,0.22081,-0.49727,-0.47655,-2.1636,-0.66465,-0.039889,0.26671,0.054584,-1.3943,-1.1666,-1.1362,-1.2595,-0.52163,-0.46158,-1.4959,-2.0822,-1.3819,-0.52594,-0.58347,-0.40767,-2.2512,-0.92154,0.19902,-2.9557,-0.017845,0.58007,1.1622,-0.33855,0.40411,0.46796,1.0144,1.1302,0.77779,0.02314,0.53317,1.2298,1.0062,1.0514,0.17912,0.047638,0.71496,1.4049,1.1077,0.32499,0.42925,1.5555,0.99279,0.59543,-0.11437,0.68992,1.2103,0.046536,-0.43906,0.39533,0.51683,1.0817,0.24143,-0.16147,0.39546,-0.18418,0.53007,-0.35993,-0.84092,0.017388,0.54673,1.0641,0.0015954,-1.2836,-0.032242,0.020691,0.6178,0.22055,-0.45826,-1.3427,1.2293,1.0675,-0.84721,-1.2302,-2.1796,0.21994,0.19731,-0.75712,-0.9542,0.55585,0.34369,0.32916,0.90575,0.24616,-0.75404,0.65806,1.9772,0.74116,-0.27432,0.18754,-0.39451,0.58521,-0.12035,0.21017,-1.2978,-0.97657,-0.57923,-0.50103,0.15857,-1.4913,-1.56,-1.3669,-0.66595,-0.73606,-0.36985,-1.1529,-1.7329,-0.7252,-1.2499,-0.15404,-0.35844,-2.0952,-0.94922,-0.29981,-0.98926,-0.10038,-1.0304,-0.58064,1.1769,0.45825,0.40099,-0.26041,-0.89196,-0.2203,0.10277,-0.62096,-0.84873,0.35163,-1.1968,1.8055,-0.89779,-0.47942,-0.61991,0.76831,0.66137,0.094607,0.15289,-0.93804,-0.33523,-0.097629,0.25601,-1.1201,-0.21128,-1.121,-1.2059,-1.6433,-0.72757,-1.2287,-0.58679,-2.001,0.95562,-0.15611,0.66992,-0.50921,-0.66462,0.15632,0.85836,-0.56755,-0.0037869,-0.58584,0.0013641,-0.063976,-1.0122,-0.41902,-0.56118,-0.38139,-0.074608,-0.57138,-1.3097,-1.872,-2.0044,0.593,0.44062,1.3533,0.71086,-0.80932,0.94798,2.0718,0.25647,0.22996,0.66567,0.8369,1.5239,0.47669,1.1088,0.3781,0.32344,0.80901,0.34704,0.51616,0.27728,1.0728,-0.26904,1.7189,0.32051,0.60127,-0.050978,-0.41023,0.15288,0.56357,-0.059749,-0.97033,-0.25092,0.44972,0.48338,0.32169,-0.93949,0.34064,0.93818,0.63583,-0.092456,-0.67674,-0.02618,0.4001,0.56903,0.42114,0.51032,0.6585,0.84876,0.51088,1.5304,0.46458,-1.0968,-0.092163,0.68028,0.81943,0.61157,-0.17964,0.30527,-0.24268,0.77314,1.2563,0.065447,1.2674,1.2584,0.84921,1.2085,1.1261,0.71709,2.1032,1.169,1.9263,1.6686,1.6064,0.10203,0.70855,1.207,0.37519,-0.052513,0.92305,0.14118,-0.052757,-0.97081,-0.51902,0.33561,0.8649,-0.093362,-1.2721,-0.33427,-0.52005,0.40917,-1.2495,0.093964,-0.5986,-0.35616,0.0077283,0.5916,-0.312,-1.366,-0.13514,0.41422,-0.60605,-0.51232,-0.57807,-1.3075,-0.75954,0.85793,1.5672,-0.10713,-0.95387,0.84553,-0.027553,0.82774,0.74945,0.016942,0.098513,0.63709,0.23453,-0.29556,-0.0038522,-1.043,-0.16457,0.74097,-0.83364,0.77462,0.45506,0.53641,-0.16955,0.12086,-0.75666,0.51881,-0.71071,-1.3646,-0.80965,-1.0964,0.21515,0.66409,0.46371,0.21935,-1.1371,-0.62524,-0.65626,1.5654,0.15195,-0.77005,0.41847,0.85701,1.371,0.77549,-0.13414,-0.0051714,1.0974,1.5916,0.52813,0.13143,0.37217,0.19488,0.7867,1.078,-1.1356,-0.46072,1.2329,0.89585,-0.11148,0.31608,-0.18142,-0.95938,0.65082,-0.20593,1.1117,-1.8862
-0.69207,-0.70406,-0.86724,-0.46206,-0.6694,-0.080553,-1.096,-0.79063,0.45412,-1.757,-0.95817,-0.6782,-0.46501,-0.80257,-0.87579,-1.542,0.18599,-0.45626,-0.020551,0.37569,-0.33137,-0.084156,-0.67917,-0.27577,-0.72932,-0.22006,-0.21861,-1.0014,-1.4181,-0.54395,-0.53416,-0.23501,-1.6426,-0.12216,-1.0402,0.44762,-0.88455,-0.86274,-0.98142,0.17553,-0.99084,-0.92067,-1.2406,-0.96831,-0.907,-0.95582,0.30784,-0.50066,-0.88067,-0.6512,-0.11423,-0.072298,-0.75346,-0.88381,-0.40093,0.11178,-1.6378,0.53964,-1.2301,0.63861,-1.3363,0.19673,0.29545,-1.4944,-1.3476,0.4201,-0.63999,0.15876,-1.1187,-0.98288,0.54339,-0.64928,-1.7302,0.64679,0.53539,0.56691,-0.16437,-0.88042,0.15363,-0.22274,-1.0658,0.89263,-0.69984,-0.10308,-0.42693,-0.67877,0.65379,-0.37505,-0.23182,-0.99603,0.30045,-1.2332,-1.0138,-0.45061,-0.93251,-2.137,-1.0296,-1.0624,-0.0096642,-1.334,-1.2802,-1.0223,-2.3652,-0.74087,-0.74289,0.056345,-0.2593,-1.6045,-1.1899,-1.4462,-0.28705,0.066555,-0.40811,0.37574,0.55381,-0.55683,-0.52711,0.29075,0.4312,-1.1793,-0.89382,0.2875,-0.54004,0.13399,0.44093,-0.029335,0.20583,-0.023897,0.44152,0.60309,0.6981,0.55048,0.96826,0.75206,-0.0516,0.67204,0.89112,-0.40124,0.1321,0.17772,0.10138,0.16001,-0.39555,-0.025972,-0.27641,0.90818,-0.85346,0.20711,-0.29029,-0.3868,-1.1169,0.032542,-0.74662,0.37512,-0.058401,1.1632,1.0332,0.14668,-0.32145,-1.1127,0.90183,-0.29505,-1.0039,1.1677,-0.37605,-0.56282,-0.1198,0.16989,-0.37269,-0.43411,-0.97541,-0.6025,-1.0195,-0.7918,-1.0585,-0.62593,-0.055784,-0.38138,-0.03624,-0.58733,-0.94206,0.66747,0.29995,-0.20608,0.00037777,-0.19988,0.82541,-0.4839,1.0098,0.17045,-0.26893,0.25751,0.99904,-0.090238,-0.54432,-0.0069447,0.15723,0.39275,2.2765,0.81149,0.94093,0.26557,0.67646,0.89034,-0.50269,0.0047286,0.0522,-0.52975,0.010209,-0.059549,-0.12514,0.61366,0.40034,-0.24342,0.33739,-0.42987,-0.056927,0.22273,0.03122,-0.020836,-0.47858,-0.96435,-0.87254,0.093451,0.30484,0.21996,0.60416,0.39738,-0.33153,1.0295,-0.58928,0.23205,0.45563,0.79148,0.31955,0.50848,0.92898,-0.15503,-0.55497,0.68356,0.09955,0.13024,0.98498,1.1653,1.0194,-0.11612,1.047,-0.50091,0.056411,1.0622,-0.40322,-0.31006,-0.46865,-0.66215,0.97628,0.1506,1.3139,0.28529,0.095365,1.0226,0.50626,-0.57375,0.85247,1.118,-0.21901,0.030126,0.77092,1.1199,0.68626,1.9004,1.2374,1.0599,0.84714,0.58445,1.2746,1.2132,0.58129,0.051627,1.018,0.10489,0.53793,0.92769,0.16728,-0.26448,-0.79502,-0.024724,-0.17784,-0.075342,-0.65738,-1.7119,-0.25791,0.0075295,0.9492,-0.020085,-0.096568,0.35655,1.3167,0.18574,0.67821,0.67112,1.3763,1.6518,-0.15869,0.22743,0.99583,-0.63514,0.033829,1.3035,1.3528,0.62647,0.3675,0.62188,0.75352,0.52528,-0.43095,-0.20703,0.055868,0.53987,1.3551,0.50657,0.5516,0.90465,-0.037489,0.74974,0.46793,-0.3848,-0.47593,0.49419,0.13552,-0.96276,0.42679,0.038412,-0.72774,0.39428,-0.19157,0.27367,0.36911,-1.1806,0.26424,0.70981,0.050415,1.1371,-1.1065,-0.18583,-0.6152,0.57716,-0.66338,-0.17759,-0.67463,0.039208,-0.33035,-0.27427,0.074697,-0.33916,-0.85556,0.42343,-0.19623,-0.44376,-0.83163,-0.20736,-0.62469,0.30088,-0.10327,-0.11931,0.25397,-0.097311,-0.1409,-1.1427,0.7368,-0.48379,-0.084689,-0.18532,-0.76142,-0.65632,-0.85852,0.42114,0.39819,0.72579,1.4717,-0.2101,0.19712,0.081476,-0.21642,0.69951,0.05103,0.36903,0.39633,0.99972,0.77527,1.7054,0.51301,1.2552,0.60442,0.86269,1.256,1.1883,0.44151,0.21625,1.0876,0.05479,-0.18588,0.33434,0.49789,-0.38739,-0.26911,0.52053,1.1778,0.22921,0.74962,-0.23282,0.20842,0.24586,0.42598,0.062026,0.40403,0.87268,0.57602,0.068953,-0.092669,0.34157,-0.20231,0.94667,0.45302,1.1844,0.95452,0.33373,0.30027,-0.91091,-0.25723,-0.15206,-0.25889,1.3533,-0.13996,0.542,-0.41336,0.57014,0.55485,0.29461,0.64,-0.34255,0.37228,1.0015,0.55772,0.7033,-0.06505,0.26734,0.67707,0.11211,0.71787,0.36798,0.62688,1.044,0.52346,0.58989,-0.066481,-0.077237,0.52002,0.28867,0.62228,-0.50187,-0.11399,0.38807,0.44449,-0.81903,0.36445,0.36041,0.47207,-0.27099,1.5385,0.45011,0.21731,-0.9022,0.11286,-0.17141,-0.068863,-0.29494,-0.84816,-0.65604,-0.26672,-1.0274,-0.33485,0.1477,0.13412,-0.10234,0.78744,-0.29407,0.028561,0.10737,1.1507,1.0954,0.35378,0.088515,0.16769,0.88419,0.027844,-0.64137,0.85959,-0.68333,-0.017253,-0.75513,-0.12314,0.86504,0.63595,0.53011,1.0635,1.0577,0.5207,0.29291,-0.168,0.3292,-0.19873,0.68068,-0.21288,1.526,0.056788,-1.0071,0.54008,0.21581,-0.30436,1.187,0.68686,0.26576,0.69024,0.28664,0.71484,0.047967,0.40439,1.1715,0.46561,0.79271,0.035149,1.1651,-0.50559,0.32859,-0.3562,0.024072,0.17261,0.15654,1.2918,0.68784,-1.2284,0.30074,0.93269,0.92962,0.32425,2.057,1.4128,0.56936,-0.41666,-0.17334,0.036842,-0.39603,-0.072242,0.36371,0.63214,0.66331,-0.062862,-0.66887,0.33547,-0.56663,-0.50581,-0.4288,-0.52541,0.14626,-0.021464,0.28561,-0.10634,-0.077209,0.00083417,-0.23712,0.5549,-0.70745,-1.0269,-0.11604,0.21381,0.16179,-0.81297,-0.5685,0.25903,0.24937,0.48301,-0.45416,0.56486,-0.49795,0.61229,0.028607,0.61212,-0.032432,0.50314,-0.21282,-0.13134,1.1646,-0.2325,0.30287,-0.17228,0.65743,-0.14722,-0.01789,-0.2998,0.75202,0.20959,0.92498,0.49031,1.028,-0.64872,0.30647,0.18621,0.1893,0.56332,1.1662,-0.64301,-0.82799,-0.55524,-0.55734,-0.88225,-0.32101,-0.83849,0.12428,1.2385,-1.2889,-0.6316,-0.89103,-0.41551,0.56853,-0.31313,-0.13873,0.12365,-0.49424,-0.42928,-1.7582,-0.22264,-1.0886,-0.10578,-2.1975,0.61679,0.15146,-0.44546,-0.42301,0.16119,-1.0922,-0.088257,-1.4899,0.25643,0.68338,0.17024,-0.0060296,0.9789,-0.11122,-0.012232,0.39527,0.31991,0.34199,0.92428,-0.31184,0.97904,-0.42828,0.99409,0.33629,-0.29553,1.6222,0.26739,-0.097913,0.15111,0.95717,-0.39782,-1.1973,0.2157,-0.10947,-0.23501,-0.62476,0.26501,-0.077866,-0.79001,-1.1628,0.17479,-0.082441,0.95912,-0.62864,1.1948,-1.0065,0.76385,0.8348,1.357,0.71434,0.58423,-0.84765,0.8681,1.1019,1.626,0.44741,-0.35233,0.44867,-0.088827,0.026411,0.80294,-0.11764,0.53346,-0.098152,1.0753,-0.69022,-0.15634,-0.25378,0.28153,-0.43333,-0.64307,-0.70634,0.42643,-0.8071,-0.5809,-1.309,0.10933,0.23733,-1.0378,0.10864,0.1454,-0.32355,-0.16802,-0.584,0.10001,-0.044416,-0.89587,0.27116,-0.52871,-0.3521,0.35954,-1.0004,-0.027289,0.74613,0.41457,0.79097,0.80295,0.034116,-0.054458,-0.46024,-0.56993,-0.15845,-0.31698,-0.38122,-0.7195,-0.092099,-0.61279,-0.48609,0.50654,0.68603,1.0362,0.90581,1.1525,1.328,0.043762,0.99494,0.56932,1.6399,0.71346,1.9395,1.0491,0.80289,0.20514,1.1584,1.5037,0.26517,0.75311,0.08384,-0.27735,0.44764,0.2328,0.45552,0.82206,-0.82897,0.053413,-0.50962,-0.43753,-0.6487,-0.63509,-0.2719,-0.91154,0.90831,-0.1865,-0.22801,-0.18308,-0.16249,-0.37745,0.6205,0.28622,0.046423,-0.032964,-0.70526,-0.31652,-1.2794,-0.25241,-0.83262,-1.4115,-0.049826,0.84703,-0.83023,-0.18015,-0.0066545,0.04019,0.12262,0.52778,0.44751,0.7236,1.4502,-0.79153,0.86442,0.77037,0.69751,-0.2434,0.47789,2.0045,1.5113,0.45998,0.80506,0.96074,0.70888,1.5321,-0.28775,1.1458,-0.73141,-0.57494,-0.61831,0.29439,0.34022,-0.62324,-0.80707,0.72753,0.29224,0.28403,-0.096332,0.55524,0.45443,1.3498,0.40179,1.1753,0.32983,0.88707,0.33697,-0.099338,0.16704,-0.086706,0.13806,0.057446,0.34249,0.89309,-0.52588,0.57801,0.13208,0.66379,0.28217,0.53831,1.5413,0.41352,-0.17807,0.63133,0.23128,0.45197,1.0611,-0.3771,0.43699,1.8225,0.71402,0.59636,-0.12979,0.81745,-0.27812,0.22849,0.3015,-0.11932,-0.32711,-0.27456,-1.0899,0.38676,-0.67718,-0.48266,-0.045282,-0.12896,-0.35219,-0.15919,0.012594,0.70494,0.39678,0.36969,-0.3858,-0.17256,-0.034828,-0.11129,-0.31266,-0.42644,0.088618,0.46145,1.0422,0.20226,-0.36513,-0.039502,0.059413,-0.3766,0.54978,-0.027388,-0.89435,-0.30086,0.44417,0.020625,0.12781,0.21055,-0.91162,0.35997,-0.1553,0.01691,-0.0043978,-0.51055,0.15997,-0.098524,-0.34407,-0.38334,-0.51642,-1.2201,0.077122,0.03849,-0.025876,-0.24167,-0.47062,-1.8637,-0.32039,0.84022,-0.18276,0.59889,-0.54108,-1.377,1.1218,-0.93409,0.21,-0.62686,-0.73155,0.020647,-0.0045762,-0.074576,-1.2276,0.40674,1.0357,1.0253,-0.030075,-0.14054,-0.15258,-0.37651,0.77204,0.3092,0.97857,-0.058235,-0.026573,0.51013,0.29515,-0.28915,0.45444,0.67392,0.14112,0.04596,-0.50281,0.02871,-0.29517,-0.60717,0.85206,-0.94999,0.22798,-1.4786,-1.3503,-0.72375,-0.69373,-0.76559,-0.22249,-0.22823,-0.14766,0.17947,0.97748,-0.96701,0.10361,-1.4054,-0.61967,0.53441,-0.58753,-0.61988,-0.44695,-0.59838,0.39442,-0.88188,0.54346,-0.040351,0.99647,-0.37261,0.55501,0.2149,0.71356,-0.63819,0.66607,-0.50431,0.57565,-0.05304,-1.4706,-0.31415,-1.0239,-0.38758,-0.6532,-0.90986,-1.168,0.080084,0.16473,-0.042159,-0.036522,0.92005,0.49601,0.62683,-0.193,-0.97412,-0.82877,0.26404,-0.92638,-0.8329,-0.21829,-0.12839,-1.1588,-0.77677,0.4602,0.0537,-0.37254,-0.67986,-0.12063,0.42896,-1.2366,-0.63507,-0.71971,-0.55542,-1.1134,-0.21832,-0.40843,-1.178,-1.3887,-0.1817,0.16055,0.09599,0.03143,-0.59357,-0.49598,-0.1339,-0.56205,-1.2548,-0.75299,-0.60283,-0.41612,-0.44445,0.53193,0.039812,-0.53067,-1.3775,-0.21286,-1.2331,-0.7123,-0.54145,0.13746,-0.62165,-1.0188,-0.69618,-0.87594,-0.6297,-0.66458,-0.54891,-0.77015,-0.87444,-0.22932,0.58263,0.031604,0.15939,-0.14643,-0.2946,0.060136,-0.019143,-0.90411,0.65765,-0.089043,-0.53563,-1.035,0.78353,-0.036878,0.45591,-0.052494,-0.49246,-0.22062,-0.67454,-0.47919,-0.52071,0.038655,-0.47489,-0.52202,-0.65826,0.52894,0.0573,-0.51978,-0.84613,-0.076461,0.36501,-0.069484,0.64438,0.25438,0.58467,0.28562,-0.2905,-0.17202,0.86512,0.21271,0.42834,-0.029036,0.093302,0.82357,-0.077361,-1.2272,-1.2845,-0.86122,0.311,-0.92246,0.98274,-0.2326,-0.94284,-0.82357,-0.10802,0.25442,-0.22811,-0.83825,-0.30192,-0.097471,0.31345,-0.37628,-0.81945,-0.42414,0.48902,0.86999,-0.43924,-0.77988,1.4954,0.17845,-0.071879,0.38516,0.25399,0.23326,0.11658,-0.32353,-1.2038,0.42962,-0.78995,0.43217,0.42961,-0.070123,1.3367,1.6218,0.15807,0.094146,0.64602,0.62317,-0.30695,-0.74438,-0.27429,-0.19471,-0.16976,0.62097,0.65782,0.43856,-1.043,-0.40751,0.11265,-0.91507,-1.2055,-1.2643,-0.26299,0.46904,-0.39169,-0.17558,-0.4597,-0.36075,0.032572,-0.54824,0.10694,-0.11913,0.64017,-0.24386,0.27555,0.56226,-0.59032,-0.30818,0.46042,0.25491,0.11513,-1.0249,-0.4603,-0.027194,0.020068,0.37559,0.8956,1.268,-0.49717
-2.1836,-2.1668,-2.4115,-1.4856,-1.4039,-1.083,0.30421,0.59986,0.68745,0.77099,1.2738,0.28511,-1.0849,-1.4675,-1.6177,-0.19059,-0.5133,-0.95219,-1.4715,-1.4358,-1.8354,-1.3663,-1.3798,-1.3622,-1.3289,-1.5304,-1.9335,-1.1762,-1.646,-1.3704,-1.6561,-1.4587,-1.1621,-1.6139,-1.9541,-1.7985,-1.7839,-1.6131,-1.1876,-1.5666,-0.91747,-0.59845,-0.28132,-0.50831,-0.15867,-1.1537,-1.2077,-0.78867,0.63492,1.1085,0.78851,1.4669,1.1664,0.81958,0.31942,-0.58648,-1.0144,-0.58801,-1.1145,-0.90751,-1.3906,-1.2366,-1.7104,-1.5634,-1.3223,-1.8075,-1.4588,-1.3498,-1.1354,-0.2407,-0.60786,-0.23374,-0.70353,0.35898,-0.035443,-0.077479,-0.89551,-1.3532,-1.2162,0.14808,-0.75678,-0.26913,0.11401,1.0349,1.9425,1.1421,1.3451,1.1048,0.85784,1.074,0.55513,0.44664,-0.55035,-0.12797,0.52989,1.1646,1.7632,1.6253,1.3063,1.0633,1.2302,0.019617,-1.306,-1.4659,-2.005,-2.0409,-1.2952,-0.30919,-0.3615,0.39179,1.3897,1.2245,1.2548,0.66482,0.72056,1.8748,2.1531,1.2164,1.59,1.2053,1.0346,0.37975,-0.78119,-1.0469,-1.7547,-2.1191,-1.5926,-1.7621,-1.6185,-1.9664,-1.8208,-2.0748,-1.9644,-2.043,-2.1332,-1.8254,-1.2139,0.16985,0.65383,0.73494,1.6444,1.2866,2.0306,2.0132,0.62887,-0.22077,-0.79687,-1.5471,-0.58567,-1.598,-2.0137,-2.4328,-2.0185,-1.2131,-0.98657,-1.067,-1.0907,-0.78799,-0.18113,0.10449,-0.23582,-0.60495,0.0089169,0.008117,0.53016,0.64841,0.63199,0.68951,0.56328,1.2398,1.2384,1.6127,2.2935,2.8331,3.155,3.7068,3.7759,2.895,2.0043,1.6077,0.79256,-0.30847,-1.7847,-1.4151,-2.1285,-2.0583,-2.3536,-2.0062,-2.9683,-2.6654,-2.6748,-2.4881,-3.1762,-2.9021,-2.3133,-2.319,-2.4736,-3.3869,-2.8478,-2.4353,-2.1133,-1.6519,-1.3934,-1.0299,-1.8698,-1.1449,-1.5486,-1.562,-1.7112,-1.1394,-0.64796,-0.18608,0.77612,0.9636,0.60928,1.1624,1.07,1.0846,0.63163,0.80419,-0.022387,0.2212,0.61573,0.44522,0.98504,1.0149,1.3412,0.54594,-0.14815,-0.45618,-0.64194,0.28457,0.70223,1.1106,0.62269,1.2442,1.0929,0.24564,-0.14926,-0.13115,-0.72042,-0.0087078,-0.4164,0.025456,0.47479,0.56249,0.61525,1.4436,2.6301,2.2013,2.5522,2.0583,2.032,2.6014,2.3728,2.4356,2.2477,1.326,0.022903,0.13129,-0.55757,-0.56999,-1.0995,0.039571,1.0459,1.5046,2.0774,1.9097,0.19856,-0.059956,-0.21101,-0.21607,-0.47491,-0.32556,-0.62473,-1.0919,-1.7855,-1.9157,-2.3721,-2.1458,-1.8453,-0.54567,-0.37709,0.14486,0.11305,0.28287,1.0347,2.3497,2.8049,2.6529,2.097,1.8908,1.0994,0.18873,-0.88814,-0.78767,-2.7547,-2.1772,-2.2462,-2.4225,-1.2229,-1.4312,-1.2329,-1.3249,-1.7825,-2.516,-2.5807,-3.0664,-2.912,-2.0967,-2.0953,-2.0078,-1.1866,-0.9601,-0.98085,-0.41976,0.1608,0.34767,0.83323,1.3591,1.5119,1.2531,1.5783,1.5864,1.8294,1.8123,2.0218,1.4761,1.7556,2.3976,2.133,2.2965,2.5366,2.2142,1.2131,0.88844,0.22588,-0.73645,-1.0553,-0.69827,-0.96549,-0.93446,-1.3605,0.14076,0.21641,0.45224,0.30816,0.33308,-0.34563,-0.62273,0.086859,1.3661,1.2447,1.3894,1.7868,3.0098,3.7365,2.4468,1.6554,0.4799,-0.63731,-0.87074,-1.3245,-1.5484,-1.8526,-1.9959,-0.68162,0.046831,-0.21508,-0.39164,0.62272,0.067902,-0.099713,-0.80115,-0.51587,-0.18114,-0.3761,1.0891,0.33644,-0.0479,0.5338,0.15737,1.2831,1.649,1.9974,2.2347,3.0405,2.9237,3.0016,1.3832,-0.16901,-0.44322,-0.34533,-0.71881,-0.077456,-0.3388,0.15074,0.2365,0.19337,0.66989,1.0684,1.0768,1.9683,1.9306,0.62358,1.0448,0.24516,0.24719,0.30635,-0.24941,0.19003,-0.16475,-0.82847,-0.94667,-1.1099,-1.926,-2.0485,-1.1157,-0.87453,-0.039782,-0.030298,0.096822,0.1428,0.0093015,-0.52267,-0.66087,0.94678,1.1918,1.5143,1.5241,1.6547,0.28944,0.20312,-0.47111,-0.24739,-0.48431,-1.711,-1.9889,-0.51147,-1.0868,-1.6622,-2.1659,-1.6264,-0.85183,-0.95435,-1.7505,-1.4836,-1.7051,-1.3134,-0.96433,-0.65495,-0.5938,0.059305,0.34126,-0.1011,-0.25594,-0.041397,-0.51426,-0.17779,0.72325,0.21438,-0.67019,0.062288,-0.76332,-0.53418,-0.45813,-0.90459,-0.22264,-0.36671,0.39717,0.72094,0.59522,0.54423,0.89333,1.4079,2.0989,2.0355,2.6865,3.2107,3.7893,3.6617,3.4337,1.9977,0.20985,-0.52683,-0.30631,-0.39518,-0.11142,-0.28966,0.5355,0.37729,-0.33941,-1.0969,-1.2773,-1.474,-1.1576,-1.1481,-0.5232,-0.53515,-0.66811,-1.1704,-0.87001,-0.96609,-1.2142,-0.23265,-0.3785,0.35315,0.10302,0.7746,2.4058,1.7009,1.0331,0.41398,0.52354,0.46963,1.2258,0.35917,0.41818,0.084101,-1.0161,-0.46965,-0.51546,-1.2833,-1.0929,-2.1458,-2.0118,-1.9773,-1.5462,-0.98518,-0.74847,-0.89723,-1.0254,-0.26202,-0.56072,-0.68554,0.45011,1.0254,1.542,1.0969,0.40507,-0.28241,0.1464,-0.17495,-0.14012,-1.1336,-0.085282,-0.087172,-0.0042353,-0.9992,-0.070456,0.19551,2.0347,2.7856,2.4778,1.969,1.4171,1.0923,0.15086,0.52422,-0.3985,-0.2431,-0.96464,-0.16462,-0.48659,-0.98827,-1.241,-1.4907,-1.0645,-1.095,-1.2017,-1.4602,-1.2948,-0.66946,-0.70905,-0.13504,-0.70639,-0.31715,0.48933,0.99463,0.7792,1.046,1.0718,0.87768,2.2739,2.1908,2.3698,2.2335,2.3954,2.5335,2.0442,2.2058,1.9592,1.5361,1.4808,1.3973,0.74944,0.5724,-0.098422,-0.5733,-0.62733,-1.5027,-1.5237,-1.5082,-1.2203,-0.79822,-0.11449,-0.84251,0.10702,-0.40427,0.73554,1.4035,2.6479,2.3571,2.705,2.8943,2.8569,3.4842,2.1498,1.9252,1.6453,1.1307,1.1956,0.89579,1.8013,2.5411,2.1504,2.6559,2.4349,2.991,2.8285,2.2323,2.2716,2.3205,1.781,0.64636,0.54728,0.80039,1.2255,1.6352,1.6956,2.1273,2.7191,1.8166,1.815,2.5055,2.7533,2.7898,3.2698,3.4196,3.605,3.176,2.066,1.3633,0.32899,-0.43219,0.27447,1.3485,1.8236,2.0004,1.1643,0.72711,0.94701,1.3809,0.76121,0.22452,0.6901,0.46892,0.41032,1.2712,1.3867,1.1702,1.4537,2.537,2.1452,1.0441,-0.4672,-1.4876,-1.5404,-2.0115,-2.691,-1.7415,-2.1437,-1.9011,-1.1571,-1.2201,-0.30414,0.032282,0.54525,1.0299,1.8888,1.6436,0.37374,0.13506,0.60682,0.42494,-0.079365,-0.55588,-0.79602,0.32907,0.70362,1.119,1.84,1.571,2.272,2.5691,1.9555,1.3437,1.3679,0.55774,1.2969,-0.091003,0.58429,0.81097,2.1294,1.9053,1.9806,1.8908,2.0805,1.4333,2.0942,1.7716,1.8094,1.6457,2.4194,1.9838,1.1999,0.11357,0.13601,-1.2364,-0.5558,-1.6944,-1.5116,-0.88199,0.13485,0.55966,1.8408,1.592,1.386,2.0742,2.1674,2.0468,0.49877,-0.42147,-0.67437,-1.2832,-2.0929,-1.6081,-2.2223,-1.5261,-1.3761,-1.3208,-1.1154,-1.0783,-1.616,-0.54829,-1.0171,-0.93345,-0.19302,-0.0145,0.49543,0.81188,0.98282,1.0353,0.80089,0.81752,0.88682,1.6114,1.4185,1.7544,2.4695,2.6841,2.8702,3.0932,1.6932,0.94567,-0.34195,-1.3139,-1.793,-1.7073,-0.90047,-0.83952,-0.5637,-0.91377,0.11635,-0.26321,0.4612,0.83169,1.5462,1.4032,1.0297,1.1134,1.5805,0.62352,2.0597,2.3167,2.6879,2.4194,2.06,0.63197,0.49494,0.24134,0.76063,0.50192,-0.14627,0.32749,-0.2894,-0.67901,-0.86443,-0.92493,-1.4892,-1.4963,-1.0758,-1.1655,-0.88335,-0.88054,-0.34082,0.2967,1.2842,2.0441,2.8633,2.4242,2.669,2.0332,0.33025,-0.97323,-1.7086,-2.0089,-1.6678,-2.0805,-1.999,-2.5739,-1.5698,-1.7288,-1.548,-1.0017,0.097873,0.14883,0.6655,0.57264,0.75347,0.38457,-0.17752,-0.42509,-1.1944,-1.5768,-1.283,-1.2109,-0.93292,-1.1263,-0.21359,-0.55036,-0.53661,0.41981,0.96072,1.1172,1.5782,1.7105,1.8375,1.3322,0.59664,0.98956,0.51287,0.68356,1.4061,0.65325,1.0079,1.1065,1.9532,2.501,2.484,1.9838,1.551,0.71649,0.029349,-0.92172,-0.94064,-1.0924,-1.2572,-1.3855,-1.332,-1.2525,-0.88931,-0.77268,-1.4446,-1.3951,-0.68844,-0.10245,0.32309,0.93187,-0.21059,-0.25574,-0.70847,-1.7673,-3.2603,-3.6131,-2.553,-2.483,-2.3722,-2.5724,-2.6303,-2.1029,-2.258,-2.9291,-2.7811,-2.7706,-2.2296,-2.868,-2.8339,-2.56,-2.2192,-2.0855,-1.7519,-2.349,-1.9783,-1.9946,-1.9269,-2.2781,-1.89,-1.7894,-1.3363,-1.0488,-1.4291,-1.6026,-1.2331,-0.94112,-0.55703,-0.87526,0.1456,1.8577,1.9586,2.8258,1.9565,1.992,1.5247,0.56904,0.21909,-0.50423,-0.66053,-1.1739,-0.68117,-0.24029,-0.58147,-0.30665,-0.66418,-1.5183,0.10291,-1.1878,-1.2311,-1.5041,-1.1581,-1.1686,-1.2283,-1.5996,-0.11273,0.21994,0.066585,0.11634,0.11547,-0.21363,0.48013,-0.17916,0.10768,0.30894,0.72994,1.242,1.1771,0.88387,1.3099,0.88899,-0.25288,-0.96765,-0.80004,-1.1713,-0.91228,-1.1965,-1.2695,-1.1806,-0.98993,-0.94148,-0.61333,-1.0423,-1.7043,-1.8888,-1.6062,-1.6418,-2.587,-2.0503,-2.5193,-1.5077,-1.3963,-0.60584,-0.44117,-0.25921,0.42482,0.43732,0.71718,0.83384,1.3792,1.5503,2.9539,2.6691,2.2979,1.3801,0.54122,-0.17217,-1.5827,-1.2506,-0.84489,-1.2009,-0.98711,-0.26788,0.48191,0.81125,0.50225,0.3747,1.2799,1.4971,0.22055,-0.062617,-0.66052,0.20438,-0.90317,-0.56906,-0.92394,0.063752,1.0243,2.051,2.4012,1.9448,1.5567,0.81162,-0.086286,-1.3122,-2.075,-2.6988,-2.8655,-2.1154,-1.5038,-1.6673,-1.8929,-1.6269,-0.97881,-0.89575,-0.15614,-0.85166,-0.69476,-0.43512,-0.043326,-0.82074,-0.81312,-0.7125,-0.71042,0.13971,-0.75441,-0.77409,0.068145,0.52252,1.0065,1.3326,1.9785,2.3679,2.1059,2.0854,1.2301,0.47959,-0.070623,-0.94619,-1.2115,-0.63049,-0.47292,-0.37553,-0.88109,-0.26719,-0.29712,-0.2127,-0.76036,0.34188,-0.0052771,0.64972,0.87836,1.2229,1.2849,2.1179,3.4793,3.1703,2.5065,1.9388,-0.14134,-0.3914,-1.2769,-1.7176,-2.0837,-1.811,-0.84326,-0.98036,-1.0405,-1.3438,-0.85224,-1.0798,-0.84078,-0.96883,-0.95144,-0.24959,0.5586,0.43698,1.4005,1.9257,1.7215,1.5217,1.7541,1.465,1.0557,1.4622,0.77516,0.7387,0.75878,0.89008,1.3035,1.3549,2.1399,2.5965,2.331,2.6951,2.8983,2.9411,2.7785,1.853,1.554,0.70558,0.43448,0.81754,1.3299,0.94685,0.81009,0.20515,0.51423,-0.95193,-1.5904,-2.2261,-1.7313,-1.9403,-1.8844,-1.4362,-1.4432,-1.572,-0.62031,-1.4133,-1.1206,-1.3926,-1.8713,-1.2755,-2.4411,-2.259,-2.418,-0.93373,-1.4975,0.064724,-0.12238,0.9846,0.3086,0.15166,-0.48547,-1.0326,-1.5261,-0.58905,-0.12399,1.4093,0.86061,0.68524,0.72511,0.17779,0.06362,-0.43863,-0.33604,-1.4983,-2.0041,-1.5518,-2.1214,-2.6589,-3.0127,-2.5459,-2.2857,-2.0808,-1.39,-1.6865,-1.2802,-0.68928,-1.077,-0.86307,-1.3963,-1.1049,-1.4066,-1.5064,-2.4132,-2.3526
-0.47352,-0.58574,-0.29359,-0.42081,-0.27862,0.11287,-0.14854,0.67414,2.4041,2.0915,1.5805,0.23109,1.9051,1.5447,-0.1252,-0.03463,-0.83571,-0.58433,-0.082752,-0.09197,-1.369,-1.1651,-0.64125,-0.77063,-1.2105,-0.83583,-1.3054,-1.1413,-0.53611,-0.2901,-0.040237,-1.3605,-0.49788,-0.31384,-0.77164,-1.0667,-1.3143,-1.0249,-0.49377,-0.084461,0.10771,-0.72264,-0.38698,-0.12339,0.13595,0.90732,-0.77307,-0.97003,-0.1638,0.77575,0.60758,-0.021774,-0.54831,-0.67934,1.299,0.6329,0.63759,-0.71249,0.078096,0.94189,-0.37934,0.15979,-1.072,-1.6718,-1.0708,-0.28074,-0.49899,-0.29946,-0.52534,-0.31843,-0.58452,0.65842,-0.4574,0.53473,0.098979,0.55562,1.4138,1.2494,1.4303,0.70183,1.1399,1.7082,1.0182,0.64557,0.9179,1.1987,1.2778,1.4983,-0.60205,-0.28271,0.44746,1.3793,0.9983,1.633,2.1423,0.97906,1.4413,1.0342,-0.17867,0.020474,-0.5118,-1.3198,0.96296,-0.84216,-0.67286,-0.9074,-0.32936,0.76663,1.218,0.75044,0.39903,0.20739,0.76735,0.69041,0.185,-0.098598,0.78842,1.2034,1.5666,2.2088,0.077925,0.64006,0.44371,0.068503,-0.67605,-2.0941,-1.6866,-0.78125,-0.71888,-0.35478,-0.29771,-0.19408,0.19952,-0.020856,0.81718,0.49306,0.56258,-0.49015,1.7418,0.85849,1.9788,1.3152,0.8428,1.0518,0.26795,1.3752,0.64771,-0.026966,-0.34594,0.30443,0.77165,0.60612,0.2871,-0.48846,-0.37686,1.1343,1.2844,1.1836,1.3617,2.2094,1.4129,2.1935,2.582,1.9202,2.1283,1.6741,1.8429,1.6142,1.6315,0.80338,1.4417,2.1624,1.7047,1.8227,2.0192,1.9177,2.5834,2.2245,1.5493,0.25571,0.27333,0.54777,-0.5463,-1.0395,-2.0247,-1.3508,-1.2966,-1.5965,-1.0124,-1.9016,-1.7405,-1.3009,-1.7945,-2.1756,-2.7717,-2.0681,-1.4281,-0.85368,-0.99747,-1.0261,-1.218,-0.67392,0.00085818,0.086325,0.17204,0.252,-0.53653,0.74947,0.59637,0.31952,-0.21027,0.57514,1.7604,1.2634,1.1615,1.1569,0.96979,1.9055,2.1553,2.3312,1.7336,1.0364,0.98109,1.6667,1.2092,1.076,0.15924,0.17971,0.10525,-0.53923,-0.44885,0.50679,-0.20167,-0.12079,0.82293,0.49384,-0.67345,-0.43949,-0.16808,-0.22978,-0.58814,-1.1751,0.46129,0.91561,0.25868,1.3069,0.019166,0.61649,2.1051,2.0221,1.6094,1.4254,0.6991,1.1174,1.0438,1.2669,1.2333,-0.30648,-0.9963,-0.58802,0.38437,-0.19379,-1.3946,-1.1175,-0.93354,-0.063108,-0.34981,-0.12446,-0.38403,0.1842,0.92161,-0.10168,0.42032,-0.42448,-0.55432,-0.76658,0.031394,-0.30462,-1.1201,-0.9818,-1.509,-1.0841,0.01514,0.2943,0.25031,0.80458,1.6516,1.8402,1.0373,1.2989,0.59774,0.08386,-0.30843,-1.0848,-0.74791,-0.48495,-1.9096,-1.952,-1.7211,-1.6302,-0.58311,-0.61481,-0.62718,-2.1276,-1.3819,-2.1148,-2.0585,-2.7841,-2.4584,-2.0358,-1.5932,-0.84134,-1.8317,-0.88249,-0.043903,-0.043228,-0.26439,0.11272,0.25629,0.67469,0.91697,1.2308,1.0715,1.5593,0.94465,1.7785,1.9678,1.7267,-0.098456,-0.2808,0.42385,0.47783,0.21795,-0.16888,-0.83441,-0.047682,-1.3519,-0.97716,-1.4847,-1.3296,-1.0391,-1.0995,-1.1846,-1.3746,-1.0874,-0.21932,-0.11205,-0.37764,-1.6368,-1.3013,-2.0053,-0.67822,-0.041055,0.3992,0.61593,0.80663,0.81581,0.96651,0.61734,-0.48695,-1.0745,-1.367,-1.0484,-0.61986,0.27566,-0.18727,-0.62693,-0.086568,2.0028,0.63032,0.97428,0.53516,0.061593,1.1368,0.762,1.3785,0.51237,0.1845,0.92423,0.7069,0.40773,0.039179,0.50691,1.2511,0.74835,0.91409,0.24574,0.51354,-0.14033,0.2443,-0.32881,-1.1724,-1.8409,-0.81259,-0.25724,0.31621,0.4798,0.041305,0.18764,0.054891,0.9839,1.205,0.20334,0.73478,0.51115,0.46465,0.7815,-0.2949,-0.71188,-0.35459,0.34097,0.046182,-0.64297,-1.1362,-0.80556,-0.33923,-0.97119,-1.4225,-0.91121,0.22386,1.1408,0.55087,-0.41917,0.70656,0.22369,0.84142,1.5073,0.86554,0.71015,0.42442,0.41519,-0.67592,-1.6606,-2.63,-1.3783,-1.2251,-2.2377,-2.5366,-1.9647,-2.3828,-2.2658,-3.0972,-1.8736,-2.7507,-2.7752,-1.7061,-2.5561,-1.7042,-2.8273,-1.7372,-0.96506,-1.439,-1.3476,0.12833,-0.73615,0.19308,0.54017,0.21846,-0.37659,-0.473,-0.81949,-0.47778,-1.1056,-0.56917,-0.76747,-0.68096,-1.5583,-0.35896,-0.15397,-0.16283,0.16357,-0.044472,0.16349,0.63976,-0.18523,0.30505,1.5822,1.3084,1.1493,0.049216,0.82385,0.41331,0.042545,-1.0167,-1.2913,-1.0495,-1.0176,-0.15474,-0.61155,-1.5655,-1.7908,-1.0715,-0.92046,-1.9266,-2.4966,-0.98499,-0.63361,-1.121,-1.5146,-2.1882,-0.31291,0.54964,-0.32655,-0.52267,-0.16422,0.16251,0.079829,-0.013063,-0.11212,0.59466,0.45927,1.3757,1.344,0.59672,-0.14003,-1.3282,0.25994,-0.04501,-0.56586,-1.158,-0.868,-0.50309,-0.056254,-0.71107,-0.69039,-1.4496,-0.21579,-0.35755,-0.14246,-0.35887,-1.101,-1.6135,-1.0733,-0.28486,-1.1972,-1.1538,-1.5226,-0.34213,-0.39053,-1.3139,-2.4193,-1.9639,-2.2593,-0.079886,-0.63575,-1.2722,-0.78727,-0.53966,-0.56901,0.28788,0.93274,0.11507,0.54259,0.74292,1.8983,1.1118,1.1894,0.47572,-0.017308,-0.75377,-0.51789,0.10699,-0.87298,-1.6077,-1.4098,-1.4844,-1.8039,-2.2777,-1.5277,-1.3013,-0.42453,-1.2304,-1.6347,-1.328,-1.9058,-0.28625,-0.494,-0.50632,-0.050766,-0.24264,1.1,0.72434,-0.26557,-0.12059,1.6507,1.6294,2.0316,1.8612,1.2448,1.6577,1.8126,1.2904,2.2238,0.73989,0.75725,0.57038,1.1928,0.98452,0.44769,-0.28248,-0.68248,0.20074,0.46082,-0.048859,-0.13676,-0.28849,0.11242,0.042306,0.88486,0.83324,0.76525,0.12541,2.2359,2.7392,1.9917,1.3143,1.6728,2.0648,1.9481,1.5753,0.32222,0.44781,1.1019,0.7343,1.5884,1.8477,0.44836,0.20206,1.0158,1.4773,0.91551,0.24454,0.088735,-0.33964,-0.099177,0.56336,-0.80101,-0.70991,0.6051,1.7946,2.2089,1.4545,1.4823,1.7107,1.9737,1.3484,1.2432,0.9571,0.38575,1.1221,1.0301,-0.3059,-0.92771,-0.6681,0.30434,0.32227,-0.55604,-1.466,0.82619,0.88027,0.37254,0.3069,-1.0967,0.24962,0.48281,0.80822,0.69412,0.54081,0.90851,1.7647,2.0063,1.3662,1.323,-0.83599,-0.28402,-0.94899,-1.2661,-1.4803,-1.7878,-1.8605,-0.31647,-0.71455,-0.97361,-0.61248,-1.1134,-0.2943,0.19542,0.19854,1.094,-0.77947,1.5775,1.9312,1.1313,0.36017,0.72892,0.77876,1.0437,2.5835,0.86643,0.8365,0.69451,2.0924,1.8386,1.6054,1.0649,0.63994,0.76218,0.22941,-0.26219,-1.5805,0.67657,-0.047989,-0.025111,-0.5516,-0.8896,0.73285,0.21655,0.73091,-0.32295,-0.04869,0.44924,0.46682,0.32918,-0.24602,-0.10787,-0.57088,-0.0079485,-1.0768,-2.3831,-2.3862,-1.3506,-0.69874,-1.4483,-0.46494,-0.63611,-0.71962,0.3754,0.6698,-0.89967,-0.26133,0.12446,-1.0152,-1.0109,-2.0556,-2.4067,-1.8407,-1.6576,-1.0857,-0.99244,-1.1072,-0.77694,-1.5052,-1.8631,-0.68998,-1.9966,-1.323,-0.29728,0.40957,-0.48508,-0.68809,-1.2805,-0.073922,0.81517,0.85641,0.95863,0.098439,0.50546,0.56296,1.645,1.8269,1.3551,1.2549,1.0376,1.7771,0.99682,0.93842,0.022943,0.75422,-0.47088,-0.48349,-1.1694,-1.8283,-1.8481,-2.0295,-0.72495,-0.67574,-0.676,0.36162,1.5543,0.48936,0.34122,-0.7687,-0.21235,-0.10602,0.92971,1.7818,-0.095284,0.0037178,0.45729,1.7704,1.5943,0.82362,0.92144,0.70171,0.89476,-0.62706,-2.4132,-1.2588,0.25969,-0.27616,-0.3133,-0.96324,-1.1466,0.80264,-0.39386,-0.003367,-0.48305,-0.48678,1.1228,1.6305,1.5822,0.30333,-0.17561,-0.12889,-0.4027,-1.0146,-1.0816,-1.0283,-1.7403,-1.2543,-1.1468,-0.89971,-1.4673,-0.37702,-0.24159,-0.40931,-0.6784,-1.4827,-0.52775,-0.81144,0.15453,-0.87885,-0.85514,-0.77805,-0.58381,-1.1218,-0.9848,-0.58368,-0.046725,0.16879,-0.0081276,-0.67655,-1.0726,0.50529,1.3922,0.62875,0.066389,0.064608,0.5417,0.7387,1.1373,1.6488,0.27378,1.7359,0.76878,1.3093,0.94153,0.23875,1.7653,1.6169,0.59211,1.0696,0.27276,-0.03599,-0.96097,-1.327,-1.4164,-1.3695,-1.7064,-1.538,-1.8868,-2.254,-1.3354,-0.90463,-0.75563,-1.7316,-1.29,-0.29702,-1.025,-0.49943,-1.4475,-2.7825,-1.9591,-2.6991,-3.0312,-3.0221,-3.0275,-2.6493,-2.3904,-2.4963,-3.5395,-2.825,-2.6556,-2.4512,-2.7048,-2.4169,-1.8996,-2.3497,-2.4671,-2.0389,-2.7154,-1.6663,-1.7442,-2.1748,-1.8561,-2.0474,-0.56696,-1.5564,-0.7887,-0.77585,-1.2231,-0.88227,-1.0796,0.58456,-1.0982,-0.92216,0.89069,1.241,0.87849,0.49357,-0.050472,0.98074,0.92261,0.70998,0.022206,-0.14038,-0.46899,1.0746,0.86828,0.43327,-0.53697,0.28973,0.28392,0.14561,0.32484,-0.62267,-0.74498,-0.51855,0.0087926,-1.3446,-1.4934,-1.095,0.0097372,1.0243,1.0797,0.65538,0.84085,-0.90199,0.30323,0.84508,0.1303,0.50157,0.24932,-0.31553,0.50586,0.64544,0.11105,-1.1227,-1.2208,-0.34136,-0.87843,-1.2033,-2.4686,-1.56,-0.90185,0.63672,0.23899,-0.24822,-0.11446,0.36714,-0.50323,-0.66173,-0.91105,-1.8686,-0.50315,0.34395,0.8827,-0.96011,-0.3305,-0.49738,-0.55018,0.42536,1.1358,0.38795,-0.66403,0.82836,1.3594,0.69934,1.9978,0.75272,1.3375,2.1239,1.0931,0.083185,-1.6307,-1.4545,-0.80948,-0.54537,-1.3684,-0.75367,-0.64946,-0.47768,1.022,0.36926,1.638,1.2936,2.1454,1.6168,1.2101,1.2988,1.4468,1.0224,1.8519,1.022,2.5826,2.5805,0.72952,1.8059,2.0947,0.70613,0.17655,-0.4967,-1.1996,-0.57415,-0.024881,-0.65415,-1.2647,-1.658,-1.2199,-1.4009,-0.93239,-1.3098,-0.29339,-0.56348,1.3191,0.97031,1.1645,0.11465,0.18419,-0.36068,0.62928,0.41984,0.72768,0.51121,0.69029,2.4906,1.4681,1.2784,1.158,2.0508,1.4004,2.2844,1.1675,1.4952,2.1372,2.3969,2.2868,1.414,1.5262,1.4644,1.7244,1.4258,0.09952,1.8563,0.70974,0.98007,1.4341,-0.09557,0.051585,0.43202,0.78215,1.5888,1.2245,1.0396,1.6203,1.365,0.84249,-0.054075,-1.7295,-1.1248,-0.73682,0.55824,-1.2221,-0.82072,-1.0253,-0.28257,-0.27387,-1.0466,-0.0016241,0.062163,1.2439,0.64322,-0.55114,0.7623,0.19742,1.1538,1.4853,1.6569,0.20174,0.92966,1.7635,1.9367,1.499,1.2246,1.6603,1.7792,2.2616,2.6397,2.073,1.7911,1.536,2.2382,2.4332,2.4189,2.8757,2.3369,2.0176,0.57982,0.85143,0.57724,-0.83023,1.1168,1.0704,0.52551,-0.77365,-1.4463,-0.62697,0.24784,0.23876,-0.033459,-0.83,-0.17432,0.96738,-0.47166,-0.38412,-0.46554,-0.3236,-0.44087,0.41581,-1.3066,-0.78003,-1.087,-0.30237,-1.0021,-0.92142,-0.55144,0.33901,0.68576,0.57288,1.1112,0.52421,-0.19928,0.6646,1.7311,1.7243,2.2867,1.7486,1.9631,1.3972,0.85189,0.63218,0.59125,0.099012,0.91452,-0.22964,-0.49794,-1.0865,-0.91946,-0.83543,-1.2998,-2.0727,-2.172,-1.2728,0.35196,-0.61593,-1.131,-1.2451,-0.074978,0.17303,1.0289,0.2213,-0.051571,0.36514,0.87878,1.7097
-1.4227,-0.32653,-0.60841,-0.87643,-0.6749,-0.90178,-0.70152,-0.49498,-1.037,-1.2117,-1.1203,-0.45385,-1.3371,-0.46853,-0.73584,-1.0627,-0.7563,-0.42597,-0.35715,-0.55447,-0.30374,-1.0367,-1.1204,-0.47949,-1.2204,-0.44977,-0.32476,-0.68809,-0.32393,-0.0062968,0.038781,-0.96248,-0.36516,-0.68722,-1.0709,0.23044,-0.83092,0.37557,-0.70128,-0.90524,0.35161,-1.8756,-1.0757,-1.166,-0.65971,-1.1077,-0.84539,-0.45921,-0.7148,-1.6324,-0.30171,0.77658,-1.1454,-0.71171,-0.37252,-0.25877,0.67027,-0.58387,-0.52433,-0.39103,-0.65531,0.026133,0.94734,-0.48704,-0.69801,-0.37812,-0.52101,0.36833,-0.34114,0.48469,0.29702,-0.33241,-0.47468,-0.73265,0.060551,-0.14686,-1.568,-0.24916,-0.25832,-0.29977,-0.60395,-0.0087614,0.060701,-0.56338,-0.3328,-0.74163,-1.1206,-0.78004,-0.21944,-0.99344,-0.55965,-0.33735,-0.46721,-0.46144,-0.64163,-1.2815,-1.2086,-0.39964,0.14508,-0.61714,-1.9833,-0.86751,0.84781,-0.14054,-0.71853,0.46505,-0.18998,0.55861,-0.95927,-0.67664,-0.70293,0.82144,-0.53305,-1.0918,0.77126,0.24665,0.039783,0.13317,-0.07663,0.2717,-0.89259,0.31692,0.0030805,0.33114,0.93088,0.59272,0.09075,0.54948,0.50216,0.32049,0.26243,0.4628,0.54199,0.65167,0.51974,0.30577,1.0939,2.1041,-0.097123,0.1488,0.21743,0.32457,0.21645,-0.57615,-0.20485,1.1505,0.3188,-0.47838,-0.27894,-0.5858,0.94861,0.40498,-1.2259,-0.57528,-0.84871,-1.1337,0.24823,0.12293,-0.34701,-0.089721,0.39517,1.0613,-0.71002,0.44964,-0.04578,-0.33751,-1.4753,-0.5295,-0.29649,-0.67081,-1.7617,-0.12985,-0.40872,-1.0512,-0.2034,-0.71389,-0.48769,-0.9742,-0.96316,-0.11504,-0.029468,0.30646,-0.095315,-0.28101,-0.14933,0.41242,0.97293,0.16467,0.24502,-0.0048924,0.37656,-0.19246,-0.066,0.143,0.77798,1.2388,0.88212,0.60511,0.22097,0.32161,2.0086,0.20866,0.9487,1.2799,0.53133,0.18876,-0.06243,0.11469,0.46935,-0.1452,-0.3494,0.28712,-1.1518,-1.015,-0.81548,-0.95565,0.08789,-0.076728,0.23365,-1.122,-0.32368,0.73514,0.24207,0.47374,-0.17381,0.45854,-0.28372,-0.3599,0.46542,0.23833,0.01411,0.17196,0.020499,-0.057953,0.12195,0.27849,0.077791,0.019517,-0.050609,0.9405,0.2186,0.045768,1.3615,0.63687,1.0729,-0.47767,0.62386,0.27278,-0.29539,0.0041936,-0.25502,-0.12558,-0.42519,0.48788,0.059279,-1.3565,0.52027,-0.61497,0.21072,1.2743,0.68458,-0.0005724,0.40822,0.32619,1.5823,0.25102,0.67525,0.67981,0.69152,-0.26,0.88329,1.3099,0.8205,1.3093,-0.070812,1.6404,-0.056255,1.4302,0.70152,0.3224,0.022722,-0.44661,0.18084,0.078434,-0.39392,0.0045151,0.01894,-0.49353,-0.42391,-0.84713,-0.55192,-0.91534,-0.29334,-0.76369,-0.22652,0.75355,1.4928,0.57126,-0.20257,0.67253,1.0231,0.42151,-0.43204,0.79125,1.7764,0.95122,0.60335,0.13218,0.53263,1.4204,0.33461,0.27026,0.7643,0.0029109,0.53256,0.81872,0.97026,-0.036262,1.1784,-0.14208,0.48959,0.046537,-0.26769,-0.38978,0.35459,0.34898,0.12245,0.26782,-0.61087,-1.0105,0.42337,0.47681,-0.69941,-0.255,-0.74324,-0.5424,1.1728,-0.74322,1.9028,1.0055,-0.37116,-0.17883,-0.19269,0.2275,-0.15412,1.6699,-0.031581,0.57002,0.16897,0.80157,0.062072,1.4338,0.40926,0.22785,-0.32778,-0.92725,-0.096444,-0.10284,0.62697,0.24429,-0.88284,1.2537,0.83265,-0.55661,0.16226,0.30086,0.61923,0.91337,-0.075214,-0.011644,0.36241,-1.0239,-0.14734,-0.43475,0.24189,-0.16057,0.94444,0.73773,0.10733,0.46853,1.0377,-0.1916,0.45137,-0.40701,0.59118,0.19676,0.80442,0.49456,0.96067,-0.027305,0.37055,1.1034,1.0578,1.2742,0.8329,0.041707,0.23316,0.76218,-0.22862,0.17233,0.82683,1.5855,0.78403,0.56831,-0.048995,0.32434,1.214,0.25298,0.45701,0.9278,0.5589,0.61548,0.13697,0.42483,0.87404,0.52271,0.80428,0.74057,0.31448,1.0507,1.4892,-0.15866,0.62376,0.6828,0.93644,0.87959,0.19715,-0.19211,-0.051308,-0.11125,0.008707,-0.25105,-0.1142,0.29837,-0.22207,-0.31469,-0.13712,-0.065106,0.68606,1.204,1.1993,0.55512,0.1932,0.099865,0.22464,0.20326,-0.045371,0.68941,-0.29751,-0.039935,1.3841,-0.065639,0.57558,1.4695,0.96856,-0.16074,-0.006328,-0.68054,-1.1952,0.71729,-0.32021,0.86988,0.24759,-0.4094,-0.39506,1.1162,0.59816,0.46819,-0.19882,2.2843,0.99993,0.84561,0.45018,-0.2957,-0.40728,-0.28933,0.30957,-0.37521,-0.12004,0.09331,0.52561,0.32335,0.85119,-0.41505,0.27668,0.68669,1.4509,0.81572,0.46691,0.89952,0.58491,0.57221,0.94171,1.3567,0.595,0.79148,0.4834,1.3635,0.18223,0.25472,-0.023362,0.70175,1.0333,0.025962,1.0003,0.18121,0.55812,-0.4072,-0.36541,0.23372,0.52944,-0.91483,0.58718,1.08,-0.16437,0.20799,0.010263,0.83196,0.35827,-0.054148,0.18471,0.67419,0.7042,1.248,0.51144,0.055892,0.59882,0.096309,1.6027,0.46474,1.1314,1.9418,0.79756,0.2019,-0.22561,0.61082,0.28785,-0.10747,0.38094,1.1315,0.12845,0.6696,0.91015,0.90412,-0.2631,1.1918,1.4047,1.3985,0.096885,0.41971,1.6523,-0.036241,-0.63248,0.49955,-0.18882,0.15523,-0.062091,-0.1895,-0.54627,-0.21225,-0.32001,-0.16219,-0.77464,-0.11303,-0.12977,0.63643,1.331,-0.24774,0.3315,0.31614,0.12913,-0.43359,0.15576,0.40571,-1.8314,0.27418,-0.5754,-1.5298,-0.088586,-0.90318,-0.65079,0.61086,-1.5055,-0.66336,0.72959,-0.88663,-0.4674,-0.34995,0.019665,-0.87137,0.22745,-0.033297,0.23415,-1.087,0.65996,-0.53367,0.27802,0.6836,0.81749,0.2541,0.35962,-0.43073,0.75362,0.6659,0.22475,-0.71171,0.84124,-0.37904,0.58025,-0.28833,-0.057703,-1.0767,-0.47042,-1.5471,-0.6832,-0.30194,-1.5338,-0.75937,0.51471,-0.9104,-0.55806,-0.44755,-1.8794,0.58831,0.22948,-0.95573,0.065085,0.49125,-0.12248,-0.91095,-0.28793,0.21811,0.38618,-0.70764,-0.65299,0.2765,-1.2086,-0.22146,-0.64695,-0.27673,0.20748,-0.5609,-1.019,-0.53556,-0.81114,-1.042,0.61216,-0.1164,0.43787,-0.25358,-0.16428,0.20004,1.2574,-0.86155,1.1141,0.77111,0.30398,0.16741,-0.73609,-0.035881,-0.56373,0.10448,-0.43286,0.24178,-0.99164,-0.91327,-0.28576,0.072206,-0.40156,0.16074,-0.13936,-0.76611,-1.3706,0.46044,0.10345,-0.50947,0.94778,-0.099395,0.15963,0.10728,-0.27188,0.070565,0.74437,0.66609,0.0043989,0.26604,0.23105,1.7377,0.48619,0.2848,-0.30985,-0.26818,0.96942,1.5665,1.0018,0.36322,0.65376,-0.47741,0.37919,0.20322,-0.44819,-0.62867,0.061667,-0.3399,-0.44977,-0.29595,-0.30364,-0.069772,0.25084,0.48288,-0.32069,-0.036912,0.19972,0.50354,-0.82353,0.088498,0.34591,-0.07333,-0.3962,-0.59447,-1.132,-1.359,-0.83912,-0.47216,0.049922,-0.33987,0.16705,0.23217,-0.88779,-0.13772,0.2733,-0.087561,-1.554,-1.0603,0.20996,0.087938,0.49138,-0.87981,-0.91977,0.13817,0.36909,-0.6012,1.1563,0.22417,0.5851,0.61887,-0.0058875,0.90048,-0.10974,0.70393,0.27723,0.87591,0.30941,-0.22635,1.0664,0.42596,0.23478,0.088519,0.1984,0.4872,0.88442,-0.10411,-0.46551,0.5571,-0.72657,-0.56159,-1.1886,-0.50279,-0.89196,-0.033749,-0.34936,-0.93253,-0.20049,0.059394,0.19533,-0.58588,0.28161,0.30224,-0.085809,0.068233,0.473,0.1851,-0.70771,0.88124,0.20588,0.21822,0.03357,-0.91867,-0.33382,-0.93767,-0.7018,-0.60605,-0.40384,-0.062901,-0.55748,-0.14615,-0.17974,0.728,-0.21813,0.092059,-0.085766,0.21364,0.098211,-0.45296,0.98275,1.0002,0.58107,0.12699,0.82683,1.6074,-0.35131,0.15023,-0.58666,0.056945,-0.30775,-0.077399,-0.19128,0.15569,-0.5654,-0.1044,-0.8861,0.050689,0.1142,0.37485,0.060098,-0.53968,-0.32688,-0.27279,-0.24758,0.32546,-0.16589,0.90903,0.19649,0.063241,-0.25852,-1.0645,-1.2563,-0.61697,-0.48631,-0.25037,0.15086,0.49565,-0.20344,-0.48162,0.076948,0.051544,0.041805,-0.32345,-0.21953,-0.080574,-0.61956,-0.37282,-0.35952,-1.1449,-0.21545,-0.28873,-0.34576,-0.076068,-0.20328,-0.43075,-0.2029,-0.1531,0.27573,-0.20553,-0.98918,-0.56642,-1.3713,-0.67764,-0.85661,-0.50522,-0.11198,-0.28677,-0.95167,-0.30695,-0.47204,-0.14461,-0.47429,-0.39707,0.084659,-0.56741,-0.92828,0.23515,0.32661,0.038096,0.43561,1.341,-0.69581,0.11605,0.24459,-0.68822,-0.6881,-0.017727,0.20324,-0.04887,0.20011,-0.040889,-0.2251,-0.42594,0.8427,0.21996,0.45305,-0.29077,-0.44902,-0.24762,-0.29509,0.47368,-0.038648,0.34857,0.12811,0.012227,0.13049,-1.0964,-0.46526,-0.21664,-0.27218,-0.27383,-0.079684,-0.43398,0.20009,-0.62956,-0.87204,-0.29979,0.094445,-0.77641,-0.098299,-0.3785,-0.15288,-0.87247,-0.2943,-1.0621,-0.92515,-0.21568,0.7429,-0.76959,-0.61073,-1.0513,0.91574,0.51818,0.66447,-1.1199,-0.50283,1.5011,-0.48117,0.23343,0.003286,0.01697,0.59178,-0.7328,-0.33195,0.094995,0.67837,1.039,-1.0229,0.44359,0.030783,-0.54321,-0.86585,-0.60338,0.37679,-0.39306,-0.87998,-0.33006,-0.17917,-0.62288,-0.032739,-0.75569,-1.0377,-0.23774,-0.14995,-0.79197,-0.068091,1.6978,0.67728,-0.076617,-0.17229,-0.13733,-0.25259,-0.75963,1.1629,0.80451,-0.056241,0.15958,0.045838,0.16707,-0.305,1.1926,0.53683,1.082,0.96803,1.0512,-0.49888,0.46185,0.085082,-0.046122,0.43413,-0.20531,1.2858,0.21391,0.01262,-1.1147,-0.067468,0.071219,-0.6319,-0.9191,0.33092,-0.11466,0.71967,-0.29345,0.54968,0.71051,0.52458,-0.52356,1.291,0.053018,0.81459,0.2018,0.32233,-0.63808,0.052623,-0.1425,-0.54448,-0.56497,-0.77156,-0.56445,0.42068,-0.95384,-0.77665,-1.2154,-0.29616,-1.2614,-0.097934,-0.97608,-0.013156,-0.25514,-0.0014549,-0.42487,-0.65701,-1.8287,-0.66576,0.2733,0.73174,-0.48099,-0.55538,-0.13281,-0.2755,-0.047958,-0.63079,-0.10747,-0.24355,-0.33522,-0.58968,-1.4645,-1.6598,-0.56633,-0.49505,-0.36245,-0.82486,-0.65188,-1.2349,-0.80748,-1.1735,-0.56763,-1.3353,-0.15292,0.13446,-0.34724,0.3154,-0.426,-0.78338,-0.27057,0.95036,0.33908,0.62926,-0.24183,0.32107,1.0938,0.54879,-0.30894,0.65301,0.95746,-0.64614,-0.049547,-1.1637,-0.61817,-0.78218,-0.50513,-0.011272,0.39876,0.61932,0.32072,-0.23042,0.34538,0.44994,-0.11589,0.16514,0.89296,1.0135,1.1041,0.65341,0.7565,-0.13292,0.80574,-0.25681,-0.78676,-0.60043,-0.31497,-0.86072,-0.67367,-1.0065,0.37,-1.1688,-0.9499,-0.50199,-0.025834,0.25571,0.60577,-0.013139,-0.033215,0.26546,-0.55876,-0.27702,-1.0165,-0.98618,-0.29081,-1.0042,-0.196,0.44462,-0.45339,-0.38528,0.29221,-0.48921,0.50324,-0.041809,-0.8551,0.44862,0.4087,0.71254,0.92675,0.39599,0.58565,-0.39302,0.12579,0.25052,-0.18784,-0.62406,0.30041,0.79058,0.21453,0.66049,0.90671,1.942,0.68838,1.5965,0.1364,-0.084041,-0.054989,0.35422,1.3493,0.80964,0.92183,0.29266,0.96544,-0.65291,-0.65925,-0.35374,-0.16054,-0.039847,-0.70951,-1.0103,-0.85171,-0.59122,0.14022,-0.70927,0.62927,0.53864,0.73749,0.88822,1.2437,1.3848,0.3398,1.4696,1.1771,0.53723,-0.093701,0.12566,0.21161,0.58301,-0.18588,0.59081,0.95088,-0.44853,-0.62367,0.82933,0.20957,0.6619
0.33638,-0.22037,0.32569,1.1946,0.30958,0.638,-2.1107,0.63348,0.43262,0.70571,-1.0326,-0.61865,1.1322,-0.62886,0.10265,-1.2463,-0.055553,-0.52636,0.2587,-0.49783,0.90148,-0.78745,-0.22031,-0.76899,0.96225,0.22651,-0.018504,-1.0501,0.60503,-0.58663,0.47572,-1.2199,0.18067,-0.24219,0.21536,-0.2459,-1.4263,0.5022,-0.88106,0.81627,-1.3268,0.72227,-0.70204,0.43477,-0.45505,0.2949,-0.060587,-0.090453,-0.28667,1.1966,0.59375,-0.14423,0.46735,-0.26082,0.70916,-0.44457,0.63678,-0.3028,-0.25485,-0.1578,0.024842,-0.46745,0.21339,-1.8138,1.1038,-0.22432,0.22488,-0.094918,0.0049411,-0.32448,-0.57414,-0.39647,0.52673,-0.58411,0.14809,-0.36913,0.078288,-1.1245,-0.01806,-1.3438,0.46436,0.50959,0.85929,-0.0064102,-0.75449,0.15824,-0.89334,0.3768,-1.9831,0.37539,-0.021645,0.18871,-0.12631,-0.71289,0.99996,-0.34786,-0.37256,-0.16209,0.55242,-0.94639,0.67141,-0.88672,0.94469,-0.036745,-0.76621,-0.26722,-1.495,0.52869,-0.077289,1.1113,-0.58273,-0.091167,-0.71385,1.4966,0.33102,0.37754,0.12063,0.24451,0.37678,-0.26309,0.15567,-0.1764,0.20862,0.47966,0.67227,-0.5808,-0.058299,-0.39305,1.05,1.3112,-0.72251,0.18261,0.027296,0.21622,-0.27383,1.2279,-0.84809,0.0071066,-1.2483,0.35449,0.18449,0.1907,-0.89122,0.67842,0.084853,-0.084085,-1.1655,0.22845,0.04709,-0.10979,-0.14038,-0.59978,0.018597,-1.0313,0.51841,-0.10788,-0.39872,-0.19926,0.46839,-0.43228,-0.3204,-0.79519,0.029992,-0.36815,-0.18539,-0.28301,0.2852,-0.6583,-0.028903,-0.7442,-0.35504,-0.94603,-0.24792,-0.43205,-0.59667,-0.71715,-1.0377,0.94864,0.19421,-0.45523,0.11995,0.09867,0.099184,-0.44968,0.83822,-0.40492,-0.13357,-0.37007,-0.24489,0.18336,-0.14979,1.5091,1.167,0.38573,0.33978,-0.043769,0.54863,-0.46371,-0.17577,1.4003,0.054203,1.0628,0.76893,1.007,0.31543,-1.048,-0.18034,-0.51765,1.0814,0.32996,-0.20037,-0.60778,-0.35597,0.46692,-0.15602,0.64686,-0.80529,-0.66168,-1.3555,1.2621,-0.15297,-0.12073,-1.4218,0.37999,-0.35651,0.77526,-0.71708,0.45428,0.072254,-0.29746,-0.66398,-0.052102,-0.70559,0.12217,0.87262,-0.010573,-0.10689,-1.19,0.47352,0.83405,0.65591,-0.91289,1.1525,0.26552,0.2342,-0.037404,-0.17746,0.4387,-0.72116,0.23493,-0.24279,-0.39195,-0.29629,-0.38864,0.13906,0.60985,-0.58778,0.57212,-0.050067,-0.73262,-0.22471,1.8431,-0.56699,0.17419,0.29244,0.56005,-0.21645,0.28654,-0.56844,-0.22881,0.31598,0.28073,0.43313,0.18892,-0.16878,-0.81555,0.71234,-0.034374,0.28129,-0.44372,0.90288,-0.11562,-0.32988,-0.36355,0.27055,-0.89408,-0.15429,-0.2016,-0.80076,0.24076,-0.36286,0.26313,-0.38076,-0.78109,1.4734,-0.3844,0.70024,-0.81225,0.55861,-1.2238,0.62439,-0.57952,0.75743,0.019693,0.0061505,0.59848,0.52245,-0.71216,-0.020718,-0.22856,0.029165,0.026807,0.47277,-0.1413,0.40173,-0.36301,0.25371,-1.0643,0.51156,0.46626,0.062439,-0.48846,-0.22459,0.093323,0.57424,1.2492,-0.26389,-0.17568,0.01438,-0.022294,0.51833,-0.46911,-0.014699,-0.68008,-1.7821,0.27693,0.44351,1.4267,0.47633,0.13956,-0.44881,1.194,0.37384,-0.99545,0.70308,1.2951,-0.36735,-0.016699,1.335,-0.22121,0.24689,-0.99754,-0.25875,-0.32734,-0.15365,-0.36445,-1.2997,-0.58001,0.61558,0.29739,1.4022,-0.36258,0.54563,-1.3021,1.2844,0.12405,0.2537,-0.0095661,-0.077461,-0.56533,-0.051993,-0.080809,-0.36014,0.05699,-0.31755,0.22951,0.20861,-0.070075,1.516,0.9851,0.62131,0.47053,-0.47829,0.23622,-0.29159,0.13824,-0.20442,-0.046144,-0.12911,0.98843,-0.6331,0.63896,-0.75551,0.90671,1.0773,0.37685,1.108,0.087155,-0.033856,0.58756,0.59391,0.11964,0.37261,-1.3233,0.95608,-0.29411,-0.34722,-1.0241,0.18298,-0.58028,0.9669,0.53709,-0.53911,0.58045,-0.67125,1.5043,0.57715,0.56304,-0.70307,0.51363,-0.6191,0.50711,-0.90304,1.4218,-0.54115,-0.48782,-0.94929,-0.13141,0.25727,-0.11365,0.08262,-0.23642,-1.1484,0.96542,-0.40756,1.1769,-1.1219,1.2175,-0.090943,-0.40316,-0.85245,1.1154,-0.34685,-0.05143,-1.0164,0.88575,-0.85294,0.033807,-0.90457,-0.87433,0.3187,1.1771,0.55976,1.4211,0.47473,-0.36578,0.72308,0.033008,-0.88444,-0.31616,0.030828,-0.69848,0.36552,-0.33427,-0.0040405,0.55781,0.81765,0.012472,-1.0666,-0.29898,-1.0276,0.046634,-0.41504,-0.16599,-1.3529,0.64475,-0.38276,0.21127,-0.0037192,-1.0403,-0.15001,0.019339,0.078616,-0.92549,0.57828,-0.14634,0.23902,-0.25009,0.28095,-0.36351,0.39987,-0.41663,0.57539,0.7267,0.21508,-0.036295,0.57658,0.82185,-0.35688,-0.22378,0.31949,0.65732,0.16222,0.77849,0.50532,0.49852,-0.40062,0.69351,0.44707,0.030994,-0.22018,0.67541,0.96637,-0.053636,0.75175,0.086766,0.23489,-0.58424,0.39612,0.38039,0.027208,-0.19833,0.50597,0.13593,-0.055037,0.81228,0.24192,0.13356,-0.11032,0.6188,-0.11728,0.26158,0.65349,0.48897,0.1524,0.11453,-1.0275,0.32274,0.60243,0.5753,0.29503,0.18743,0.074737,-0.37661,1.3388,-0.15925,0.077242,-1.1634,1.9308,0.74164,0.12596,-1.0622,-0.46785,-0.63314,0.58718,-0.8519,0.066827,0.43583,-0.12007,-0.62633,0.13092,-0.41576,-0.054627,-0.23541,-0.13807,0.52212,-0.49607,0.44748,-0.58578,-1.0146,-0.38729,-0.52454,-0.38568,-1.0309,-1.175,0.49103,-1.265,0.37218,-0.11351,-0.019487,0.36407,-0.40121,-0.19935,-0.738,-0.37487,-0.78904,0.23432,0.62712,0.053236,0.84609,0.0025181,0.25972,-0.58146,0.72509,-0.017929,0.54972,-0.42959,0.30806,0.13423,0.090959,-0.29764,0.57774,0.27253,0.44422,0.56348,-0.38087,0.12436,0.90794,0.62074,-0.62986,-0.9729,-0.28075,-0.73529,0.53562,-0.16403,-0.35105,-0.93804,0.75176,0.44263,-0.26151,0.32388,-0.89844,-0.59539,-0.41113,-0.94856,-0.50012,-0.52161,-0.24419,-1.1818,1.2904,-0.6207,-0.84727,-1.48,0.036579,0.46332,0.33806,-0.3079,-0.77356,-0.73045,0.18311,0.11821,-0.72177,-0.65027,0.45178,0.63612,0.45522,-0.20499,-0.0021619,-0.17497,0.0107,1.2659,0.20666,0.2334,-0.28126,-0.036755,0.32081,0.52752,0.48062,-0.87232,0.81135,-0.75992,0.90405,-0.055874,0.26745,-0.92192,1.3754,0.010797,0.053239,-0.056483,-0.12203,-0.45823,0.031267,-1.1021,-0.35542,0.79279,-0.31827,-0.1431,-0.29461,-0.18641,-0.55588,0.94069,-0.048919,0.58419,-0.23913,1.0192,-0.83728,0.96053,0.40883,0.94065,-0.039643,-0.24612,1.1407,0.29789,0.36536,-0.70115,0.75768,0.57542,0.40835,-1.0379,-0.14558,0.26681,-0.68419,-0.54741,-0.079021,0.039481,-0.55973,0.82624,-0.38957,0.74759,-0.5576,0.043214,0.65025,1.1346,-1.0233,0.036535,0.17689,0.64303,0.10788,-0.2809,-0.97629,0.22149,-0.36554,1.0291,-0.10712,0.74173,0.33107,0.36445,0.086091,1.3465,1.1135,0.31995,0.076675,0.59126,-0.77672,0.54097,-0.31631,-0.25835,0.23529,-0.24912,-0.38812,-1.2325,0.75536,0.33722,0.37689,-0.90132,0.91799,0.32773,0.82672,-0.22929,0.71384,0.19328,0.28961,0.68613,0.2185,0.076135,0.11623,-0.68226,1.8033,0.19078,0.67291,-0.15688,0.39344,0.45128,0.36369,0.21636,-1.0408,0.60055,-0.78232,-1.2987,-0.08829,-0.78237,0.69988,0.54056,0.54464,-0.49132,0.88947,0.48217,0.13364,0.74844,-0.24155,-0.26328,-0.4774,0.80637,-0.035759,-0.19823,0.11995,0.1554,-0.12567,0.52694,0.79513,0.63393,0.44795,-0.16273,-0.43781,1.5253,0.27544,-0.1849,-0.519,-1.3005,1.0221,-0.31173,-0.76042,-1.5625,1.0945,0.633,0.78712,0.21002,-0.35407,1.7125,0.47113,1.7671,0.52622,1.0198,0.88801,0.50719,-0.53652,-0.46944,-1.6262,-0.71433,0.12034,-0.10941,-0.26822,0.068213,-0.40628,0.84079,-0.27397,0.86514,0.16374,-0.12485,-0.055602,0.58604,0.54649,-0.00027749,-0.41151,1.697,-0.53083,-0.76669,-0.13499,-0.12249,1.5953,0.03457,-0.146,-0.42043,0.17549,0.24606,0.24186,-0.43026,-0.20566,1.6162,1.1321,0.36308,0.34682,-0.25207,-0.66762,-0.24051,-0.5358,0.48855,0.29359,0.93861,-0.01857,0.63966,-0.088878,-0.18698,-0.2359,0.85762,-0.71318,0.049319,-0.25867,-0.96351,0.57106,-0.35075,0.8473,-0.77158,-0.23835,0.70621,0.13884,-0.085487,-0.36955,-0.12182,0.43539,-0.77427,-0.51571,0.54691,-0.27659,0.19204,-1.0519,-0.24894,0.49693,0.41303,0.3834,-0.72298,0.24185,0.69607,-0.015596,0.34963,-0.49965,-0.71485,0.59625,-0.64738,0.15981,-0.63588,-0.19886,1.0509,-0.69262,0.9244,-0.39671,-0.34792,1.2008,-0.35246,0.41856,0.38733,-0.57803,0.27361,-0.58851,-0.056544,0.91699,-0.47416,0.90175,0.83818,-0.53113,-1.5166,0.21349,0.96141,0.35092,0.45245,-1.5662,0.9522,0.038409,-0.39207,-0.81263,-0.91748,-0.36571,0.78602,-0.41276,0.1801,-0.83928,0.68542,-0.52121,0.87543,-1.2693,1.1819,0.71851,0.36036,1.0238,1.498,-0.23073,1.3045,-0.37348,1.2042,0.60553,0.21275,-0.97574,0.37856,-0.45952,0.33982,-0.59082,1.4862,-0.23343,0.019108,-0.75437,-0.42733,-0.23672,-0.83809,-0.51227,-0.76383,0.22477,-0.35823,-0.088669,-0.24046,-0.73412,0.92365,-0.40708,-0.87823,-0.67859,0.96932,-0.37722,-0.53404,-0.66386,-0.36131,0.67515,-0.33428,-0.10164,-0.78361,1.0701,0.41822,-0.2711,-1.1683,1.1394,1.0119,1.2472,-0.23581,0.49209,-0.52398,-0.50895,-0.45306,0.55222,-0.95015,-0.27659,-0.67526,-1.5828,1.5882,-0.45962,0.31199,-0.82722,0.45855,0.34862,0.29398,-0.96599,-0.073175,0.57046,-0.57184,-0.83126,-0.44519,-0.35287,-1.4035,0.682,-0.39678,-0.0095463,-0.70112,-0.014315,-1.6255,-0.13789,-0.95147,0.033291,-0.26361,-0.26478,0.0094789,-0.28849,-0.60768,-0.549,-0.15681,0.078144,-0.96026,0.33824,-0.4126,-0.20362,-0.38047,-0.76271,0.47216,-0.21882,0.44495,-0.70245,0.35973,-0.078906,0.51082,0.14109,0.29833,0.16318,-0.53597,-0.47443,-1.0909,0.43707,0.25677,0.24246,0.8756,0.49881,-0.68773,-0.73942,-0.11473,-1.582,-0.92,-1.0176,-0.51134,-0.67731,-0.73456,0.65927,-0.067941,-0.4356,-0.18813,0.43246,0.22861,-0.25367,-1.6744,0.4704,0.1102,0.098412,-0.4734,1.0992,-0.67515,-0.53773,-0.21688,-0.53429,0.19515,-0.10876,0.19387,-0.72257,-0.32285,-0.28719,-0.23642,-0.52219,-1.3068,1.2581,0.73527,-0.38283,-0.067585,0.68172,0.58955,0.48172,0.48166,0.72256,0.72202,-0.55965,-0.27535,-0.77966,0.21135,-0.030322,-0.074276,-0.2882,-0.68744,-0.094137,-0.9072,0.36953,-0.60328,-0.68596,0.038802,-0.74855,0.012684,-0.78061,-0.12166,1.2418,-1.0358,0.062495,0.51669,0.14249,-0.55517,-0.76374,0.019103,0.9816,-0.36684,0.31416,-0.98686,-0.93691,0.44798,-0.99792,-0.0036116,-0.17293,0.172,0.3281,0.071053,0.3316,0.13434,-0.27617,0.24748,-0.2115,1.2287,0.79204,0.39687,-0.056317,0.12603,0.091628,-0.20935,0.92718,-0.068231,0.29129,-0.799,1.5544,-0.53865,0.24912,-0.29613,0.16781,-0.015939,-0.27187,0.17385,0.13689,-0.27187,-0.65118,-1.0827,-0.49944,0.66994,0.37643,-0.58533,-0.95388,0.52321,0.93968,0.73461,0.13092,-0.073659,0.50508,0.02856,0.26489,-0.46442,0.066176,0.67989,1.3564,-0.47751,-0.15933,-0.35381,0.68985,0.33333,1.1122,-0.37724,1.1607,-0.2746,0.59396,-1.1148
0.83982,0.62573,0.23826,-0.24283,0.34719,0.47933,0.67837,0.54486,-0.33706,-0.4756,0.40853,0.76904,-0.09709,0.49596,0.061594,0.059732,-0.093192,0.31131,0.074546,-0.50131,-1.5049,-0.68435,0.04165,0.090811,-0.51438,0.31726,0.55392,0.013155,0.16634,-0.17316,-0.89123,-1.0019,-0.022946,0.63102,-0.24629,-0.27837,0.3381,-0.046723,-0.15444,0.80773,0.0647,-0.34675,-0.41316,-0.23559,0.22603,-0.10037,-0.65086,0.34844,0.087162,0.3346,0.23178,-0.2107,0.18316,-0.49151,0.18859,-0.71564,0.28864,-0.17728,-0.61354,0.7221,0.69084,0.013295,-0.51718,0.11964,0.13315,0.34145,-0.21334,0.062338,0.18593,-0.52274,0.2018,0.30818,-0.31521,0.47137,-0.6182,0.86047,0.62372,0.84726,-0.29971,-0.67722,0.070277,1.8636,0.36023,-0.52555,-0.50311,0.18408,0.27234,0.18674,-0.86923,-0.044794,-0.45982,-0.82867,-1.8088,-1.0916,-0.6773,-0.52987,-0.88163,-0.44269,0.50122,-0.023091,-0.72571,0.13245,0.044004,-1.5997,-0.66728,-1.5998,-0.96486,-0.56988,-0.72526,-0.88984,-0.2141,-0.24745,0.49068,-0.25639,-0.53413,0.48481,0.55188,0.52554,-0.70519,0.49759,-0.2066,-0.29356,-0.41375,-0.18762,-1.1541,-0.8264,0.53494,-0.28731,0.43802,-0.054415,0.81348,0.86424,0.48233,-0.26119,0.1209,0.39531,0.16824,-0.11277,0.081715,0.49694,-1.4273,-0.65836,-0.011603,-0.97065,-0.057781,0.11174,0.7255,1.2399,0.82023,1.1021,0.56931,-0.056712,0.15858,-0.61704,-0.34567,1.0521,0.46553,0.19198,0.48948,0.58786,0.57973,1.3618,0.012244,1.8067,0.70202,-0.30449,0.57168,-0.35666,-0.63919,-1.2092,-1.1949,-1.1076,-1.0894,-0.839,0.062776,-0.038033,-1.0062,-0.3293,-0.055496,-0.043644,-0.60893,0.47962,-0.36481,-0.14754,-0.6693,-0.38949,-0.45475,0.010767,0.79299,0.56146,-0.31471,-0.11306,0.032513,0.51825,-0.2825,0.19965,1.1112,-0.63813,0.28717,0.58624,0.95698,0.72911,0.57292,0.44492,0.26598,-0.26086,-0.010008,-0.079226,-0.23262,-1.037,-1.3346,-0.88943,0.11577,-0.47688,-0.98903,-0.34647,0.44524,-0.42793,-0.29152,-0.32155,0.68548,0.49792,-0.56859,-0.22956,-0.36412,-0.91228,-0.30457,-0.97458,-0.79759,-0.37692,-0.81861,-0.49635,-0.71158,-1.1868,-0.10536,-0.79359,-0.31881,-0.074279,0.56686,0.28261,1.0988,1.5693,1.1947,0.44092,0.57272,-0.41035,-0.50598,-0.57443,0.034252,-0.068645,-1.0911,-0.89844,-0.33591,-0.7477,0.67287,-0.2178,0.37602,-1.8546e-05,-0.44539,0.76086,-0.80913,0.46894,-0.23919,0.29021,1.0029,0.16434,0.37369,0.71433,0.44502,0.52998,-0.014332,-0.58735,-0.49021,0.28846,0.92458,0.39238,-0.44683,-0.062782,0.5128,0.61715,-0.3471,-0.36876,-0.70919,-0.60299,-1.1138,-1.3231,-0.15168,0.057749,-0.22775,-0.082042,-0.42431,-0.77531,0.6037,0.23881,0.64659,0.95024,0.67088,0.95323,0.97057,0.45323,1.1215,0.24922,0.1691,0.33563,0.62373,-0.070949,0.48336,0.065599,0.59954,0.026123,1.4845,2.1073,1.3434,1.4688,1.4206,1.4177,0.95946,-0.04686,0.88615,0.85401,0.64787,0.62144,0.77815,-0.023608,0.65228,0.33462,0.36044,-0.81264,-0.80903,0.25674,-0.29948,-0.7755,0.75051,-0.15803,-0.024694,-0.29344,0.74539,0.29078,0.25518,-0.13784,-0.080815,-0.22727,-0.35694,-0.75455,0.33399,0.15363,0.60388,-0.041023,0.26247,-0.18622,-1.7199,0.19668,-0.74191,-1.6131,-0.96377,-0.73076,-1.9841,-0.21931,-0.59642,-0.25489,-1.1117,0.20814,0.1776,1.3074,0.62696,0.070433,0.68629,-1.0608,0.66786,-0.53745,-1.1576,-1.4391,-0.33285,-0.44948,-0.14521,0.46885,0.052203,0.13367,0.52809,1.458,0.88928,0.41297,-0.10617,-0.40366,0.46993,0.049448,0.6576,0.56254,0.84984,0.84885,0.076709,1.246,0.69249,0.95418,0.88386,0.70466,0.63929,1.074,1.0959,0.85166,0.44743,0.7186,1.0991,0.60503,1.04,0.79112,2.2382,0.72402,1.4007,-0.53801,0.75788,-0.013633,0.67977,0.33349,0.64312,1.0296,0.69367,0.61357,0.16627,-0.37753,0.29912,0.41894,-0.6072,0.49381,0.27834,-1.0898,-0.38967,0.063009,-0.13241,0.078804,1.2249,0.69379,0.13573,-0.43046,0.22826,0.15389,1.4095,1.1272,0.51042,0.88867,0.088959,1.1193,0.92803,0.50805,-0.23573,-0.51877,0.96565,0.91351,0.45721,1.1505,0.26962,2.4234,1.6325,1.8403,0.47218,0.6101,0.54501,-0.12025,0.4028,-0.091042,-0.29912,-0.22374,-0.1639,-0.36103,0.23335,-1.0249,0.18464,0.54591,0.62283,-0.22221,0.59374,-0.57242,-0.96339,-0.95062,-0.074945,-1.1991,-0.71807,-0.11142,-0.96905,-0.81603,-0.48557,-0.39256,-0.17322,0.44816,-0.33104,0.29053,0.32253,0.78022,0.26166,0.42168,-0.069843,0.76405,0.59066,0.44598,0.75032,-0.39228,0.53325,-0.40998,-0.051731,0.71451,-0.027687,0.19758,0.78247,1.3334,0.86154,1.4129,0.56141,0.14632,-0.29152,0.055099,-0.018938,-0.13857,-0.39042,-0.18855,0.21801,0.23797,0.29938,-0.2783,-0.52823,-0.077611,-0.52821,-0.35019,0.08754,-0.10773,0.44434,-0.14383,0.30759,0.9388,0.86415,0.57804,0.44813,-0.55023,0.27258,-0.95525,-0.73993,-1.1126,-0.55128,0.19972,0.053059,-0.13415,0.54235,0.47241,1.2805,0.23354,0.60432,0.9181,0.73881,-0.65863,1.5477,0.91899,0.5257,0.54502,0.32978,-0.20517,-0.28157,-0.69206,-0.55364,-0.7751,0.0062176,0.26438,-0.11045,0.24959,0.18098,0.20631,0.90022,1.1334,1.1956,0.14794,-0.32233,0.44413,0.69828,-0.62265,-1.1422,0.24116,-0.26659,0.075251,-0.028847,0.09335,-0.18103,0.8129,0.835,0.21912,-0.48273,0.34766,-0.86787,1.0416,0.050094,-0.7877,0.1487,-0.13858,0.044567,-0.29003,0.28754,-0.06187,0.60466,-0.28096,0.71117,-0.097863,-0.089747,0.67603,0.022009,-0.21562,0.42777,-0.32381,-0.37102,0.29404,0.97353,1.0752,-0.62684,0.51079,-0.24197,0.3997,0.52817,-0.12014,-0.37489,-0.4708,-1.0437,0.448,-0.017814,0.1552,-0.35655,0.12273,0.2532,-0.22231,-0.083212,-0.28169,-0.057486,-0.79769,-0.4282,0.71956,-1.426,0.034989,-0.12628,-0.052037,0.28302,0.47008,0.20427,-0.26683,0.46458,0.3933,-0.13426,0.094115,-0.5783,-0.058034,0.68734,0.25683,-0.19705,-0.51064,-0.18529,0.33468,0.14926,0.39416,0.43581,1.0334,1.3173,-0.26616,-0.57578,0.36417,0.30553,-0.41718,-0.53212,-0.89028,-0.83363,-0.49291,-0.12039,-0.16559,-0.72138,-0.13092,-0.13449,-0.16182,-0.44966,-0.54858,-0.069863,-0.92201,0.80758,0.75474,-0.50792,-0.45726,-0.18355,-0.15597,-0.64773,-0.29405,1.0193,0.32194,0.12531,-0.21254,0.6119,-0.19573,-0.69176,1.1681,-0.92358,0.93573,-0.002922,0.1046,0.26267,-0.36353,-0.51911,-0.90339,-0.27307,-0.80576,-0.023717,-0.43994,-1.1674,-0.24856,-1.4909,0.29415,-0.16311,0.42627,-0.17884,0.09322,-0.12588,-0.36331,0.40787,-1.3484,-0.7078,-0.67587,-0.65062,-0.25172,-0.92622,-0.76581,-1.1659,-0.24545,-1.2254,-0.42628,-0.79857,-1.4856,-0.58726,0.30676,-1.5201,-0.073273,-0.5976,0.51803,-0.84992,-1.3009,-1.4,-1.4735,-0.55761,-1.7544,-2.2003,-1.0871,-0.90301,-0.53588,-0.5142,-0.67517,-0.57695,-0.073636,1.7265,-0.30605,-0.87022,0.71957,0.8324,1.3243,-0.26435,0.35594,-0.68,1.1573,0.53033,0.19765,-1.0543,-0.64206,-0.17184,-0.05744,-0.22674,-1.4629,-0.34028,-0.10015,-1.0372,-0.96599,-0.82662,-1.1844,-1.4491,-0.91658,0.040769,-1.2154,0.3755,0.42595,-0.037021,-0.34973,-0.38529,0.65502,0.70446,0.67833,-1.0658,-0.49658,-0.17569,-1.1478,-1.4118,-1.3523,-0.75887,0.09934,-0.1658,-0.4085,-0.11145,-0.29535,-0.5751,-0.22751,0.55229,-0.12192,0.47325,0.30468,-1.0199,-0.11435,0.35772,-0.073159,0.60409,0.088494,0.61368,0.38221,-0.46977,0.82127,0.22647,-0.67754,-0.40928,0.10433,0.27068,-0.41856,-0.81719,-0.83189,-1.4558,-0.092097,-0.66441,0.28594,-0.44682,0.40242,0.72162,0.31501,0.36035,0.21445,-0.045475,0.70446,0.51526,1.1839,-0.6413,0.0861,-0.79159,-1.9941,-1.359,-1.0006,-0.67374,-0.70135,-0.50955,-0.85584,-0.94233,0.25943,-0.5415,0.46512,-0.030861,0.16911,-0.35269,-0.24535,-0.30388,-1.2801,-1.3586,0.14362,-0.69357,-0.85336,0.098641,0.78817,-0.49724,-0.13168,-1.1492,-1.0941,-1.5251,-0.98578,-0.20447,-0.96334,-0.96578,-1.3837,-2.146,-1.5257,-1.0048,-0.97253,-1.1804,-0.75409,-0.46298,-0.14011,0.2397,-0.080143,0.61043,0.65888,0.54999,0.58134,0.55001,1.5023,0.59446,0.33371,1.1169,0.52269,0.32015,-0.019908,-0.10839,-0.19919,0.23866,-0.21617,0.6433,-0.23434,0.37512,-0.11629,0.23802,0.2994,0.50063,0.25978,-0.10868,0.8681,0.23899,0.24651,0.83482,-0.052572,0.22297,0.24981,0.10471,-0.23336,0.048633,-0.82596,-0.33,0.75018,0.056631,0.67722,0.18388,0.19255,-0.44928,-0.0857,1.9435,0.014921,0.62786,0.80546,0.76222,-0.064883,-0.38908,-0.15946,-0.62798,-0.76589,-1.288,-0.68166,-0.42915,1.4627,0.14756,1.5143,0.57202,0.64143,-0.62548,1.0483,0.81241,0.096589,-0.29272,-0.80796,-0.48432,0.29549,0.40874,0.37753,-0.74846,-1.1723,1.3892,0.62092,0.36397,0.9055,0.22117,-0.16306,-0.32733,-0.3784,-0.9875,-0.95536,-0.76919,-0.61149,-1.2602,-0.5892,-1.0616,-0.65456,0.83329,-0.3304,-0.25508,0.50739,0.23746,0.65232,0.40804,-0.1241,-0.2801,-0.45965,-0.55292,0.15513,-0.021036,-0.66138,-0.46133,0.091181,0.37357,0.71805,0.71355,0.19438,0.34654,0.77317,0.74938,0.50916,0.73647,-0.63573,0.043162,-0.10756,1.3115,-0.55946,-1.2146,-1.758,-1.1157,-0.27039,-0.50718,-0.95632,-0.24006,-0.24087,0.017659,0.22931,1.1226,-0.46233,0.22277,-0.2362,0.27615,-1.2706,-0.80779,-1.7027,-1.9966,-1.1023,-1.0868,0.3372,-0.70923,-0.72743,-0.28933,-0.56533,-0.23744,-0.61823,-0.53098,-0.73127,-0.019646,-0.098133,-0.20621,0.34051,1.0599,1.1291,1.1824,1.6056,0.53117,-0.07712,1.2231,2.2066,0.24875,0.6482,1.3913,0.33625,1.5112,-0.30483,0.89001,-0.24591,0.87113,0.58527,-0.21231,-0.70564,-0.99196,-0.8603,0.26938,0.099801,-0.23435,-0.81093,-0.8866,0.14975,-1.5265,-0.25961,-0.88358,-0.38145,0.056857,0.8669,1.2115,0.3299,0.44372,0.66887,1.3616,0.79506,0.63245,0.32085,0.85199,0.51004,0.33751,0.78431,-0.83827,0.13193,0.29355,-0.45275,-0.607,-0.95306,0.02665,-1.068,0.73112,-0.056735,0.02244,0.84714,0.62721,0.62318,1.1299,0.44675,1.3097,1.798,1.384,0.93447,1.0242,0.53681,1.0638,-0.16353,-1.0897,0.59984,0.82771,0.10893,0.19524,-1.7572,-0.39008,-0.22811,0.069522,0.15055,-0.26187,-0.90322,0.090657,-1.2781,-0.37529,-0.13237,-1.0032,0.22795,-0.058628,0.1709,-0.11846,-0.81759,-0.24213,0.58153,0.24409,-0.26146,-0.38183,-0.62239,-0.85504,-0.078969,0.23545,-0.19765,-0.60948,0.31186,0.40211,0.99013,0.09395,1.6719,0.31736,0.28279,1.2368,0.65316,1.3506,0.26542,0.38047,0.84675,0.5102,0.89889,1.4018,1.0648,1.0265,-0.023064,0.091175,-1.021,1.191,0.2523,0.96715,0.59977,-1.044,0.50028,-1.0723,-1.2588,0.25802,-0.63429,-0.72253,-0.24261,-0.63367,0.012457,-0.65785,0.14066,-0.35912,0.046929,0.66346,-0.071038,-0.28365,0.90546,0.24905,0.30208,0.90843,0.40164,1.4177,0.36538,-0.45003,0.25589,1.1081,0.23612,0.74809,-0.066984,0.44856,0.53806,1.2645,1.5499,1.2627
0.40574,-0.51022,-1.4928,-0.13012,-0.19114,-0.047944,-0.76547,-1.5623,0.9246,1.2586,-1.0172,-0.56795,-0.52319,-0.31058,-1.6808,-1.0157,-0.70678,-0.88131,0.43869,-0.55084,-0.20811,-0.84904,-0.64507,-0.1778,-0.51945,-0.2327,-0.41255,-1.1535,-1.0815,-0.65861,-0.51423,-0.28654,-1.117,-0.98742,-0.44085,-0.491,-0.93386,-0.44261,-0.87863,-0.40212,-1.0092,-0.77117,-0.26622,-0.91325,-1.8171,-0.71461,-0.45161,-0.83329,-0.16406,-0.31629,-0.44727,-0.37874,-0.49289,-0.41441,0.35537,0.088829,-0.79028,0.58615,-0.74841,-0.011586,-1.5746,0.14231,-0.090501,-0.84538,-0.8019,-0.27764,0.03801,-0.90474,-0.41299,-0.63099,0.16171,-1.1903,-0.80561,1.1254,0.35171,-0.67288,-0.70203,-0.72789,-0.025249,-0.24283,-1.5059,1.4869,-0.50283,-0.68867,-0.18001,-0.61749,0.50126,-0.17034,-0.72987,-2.1711,0.14432,-0.089493,-0.74801,-0.37071,0.68838,0.43748,0.49637,0.35933,0.87574,0.834,1.2817,1.2648,-0.18003,0.60501,-0.38952,0.36064,-0.28216,0.20379,-0.16796,-1.5553,-0.62302,0.41732,-0.61374,-0.91881,0.16948,-0.13872,-0.18144,0.17748,-0.34507,0.97644,-0.35739,-1.2737,-0.30864,-0.56998,-0.58948,0.15753,0.048202,-0.77431,0.38111,0.44562,-0.79443,-0.69778,-0.076806,-0.33454,-0.096614,0.54726,0.38606,0.6653,0.76646,0.69011,1.7457,1.8768,0.93139,1.2515,0.30923,0.53252,0.38831,1.2297,0.32613,0.18643,-0.89706,1.3621,1.0182,-0.14126,-0.66041,2.0326,1.0579,0.16229,-0.44668,-0.027395,0.36827,-0.47033,0.39164,0.21988,-0.041494,-0.36526,-0.30408,0.52107,0.20628,-0.32309,-0.4778,0.31751,-0.4085,-0.16913,0.36219,-0.46436,-0.10259,0.1409,0.16506,0.043569,-0.34884,0.47902,0.81196,-0.34237,-0.75028,0.066321,-1.2323,-0.25344,0.37404,0.1676,-0.53212,0.38775,-0.9431,-0.16242,0.36225,0.25397,-0.12045,-0.11949,1.1452,0.48205,-0.14835,0.94432,0.51374,0.83747,-0.08238,0.18667,-0.27929,-0.51136,-0.042172,0.18022,-0.80225,-0.07703,-0.41242,-0.10661,-0.18161,-0.72854,-0.88371,-0.29748,-0.81304,0.037826,-0.069527,-1.0869,-1.1963,0.4206,0.22306,0.37159,0.34995,0.60149,-0.18089,-0.44519,-0.69522,0.87422,-0.44357,-0.74505,0.56464,0.78183,-0.17074,-0.8043,-0.38354,0.042807,0.16695,-1.0548,0.68214,-0.053916,0.38214,-0.12481,1.1834,-0.036267,-0.15867,-0.72568,-0.002929,0.33424,0.093549,-0.42273,-0.48209,0.19022,0.19296,0.10676,-0.71185,0.92582,0.35475,-0.39221,0.93513,-0.2585,-0.15616,-0.18221,0.56169,0.92291,-0.59518,0.84036,-0.10901,-0.20709,0.52123,0.55047,-0.20128,-0.04192,-0.53767,0.34826,-0.18212,0.13787,-0.4205,-0.31715,0.66163,-0.22661,0.46615,0.67927,1.9168,2.1062,1.1606,0.64349,1.8049,1.189,0.68239,0.62014,0.9455,1.9054,1.8655,0.87171,1.0915,1.0192,0.92028,0.96055,0.44894,0.22336,0.60263,0.62334,-0.75866,0.014422,-0.20793,-0.26679,-0.39002,0.30362,1.389,-0.93554,0.55885,0.98409,1.0253,-0.14813,1.702,0.49949,0.52311,0.79545,0.7986,0.60921,-0.41067,-1.4259,0.44502,0.78208,0.26159,0.32049,0.80294,0.42959,-0.27595,-1.498,0.7396,0.79988,-0.26342,-0.062775,0.37744,-0.43634,-0.98883,0.12911,-0.40305,-1.2404,-0.74302,0.75415,0.55255,0.41309,0.57725,0.1918,-0.62645,0.092096,-1.1846,0.069129,-0.11838,-0.22569,0.69663,0.92427,0.25194,-0.10692,0.78959,0.75792,-0.25626,-0.58129,-0.41385,0.37621,-0.19335,-0.66369,0.28216,0.31983,-0.26893,-0.4331,-0.28341,-0.44191,-0.33705,-1.0242,-0.68237,-0.42142,-0.4131,0.52208,0.35214,-0.70263,0.65136,0.11812,0.37665,0.55728,0.43429,0.97875,0.7441,1.1575,1.6305,-0.41019,0.12273,1.0177,0.55291,-0.33904,0.028235,0.74263,0.77095,-0.27335,-0.0094002,1.1981,0.27775,-0.23211,-0.4096,-0.2637,0.26948,-0.30304,0.19398,-0.15381,-1.6908,-1.2886,-0.12462,-0.62277,-1.2776,-1.3654,-0.9346,-2.3694,-1.1089,-1.9886,-0.8709,-0.83883,-0.82393,-0.75642,-0.44238,-0.53268,0.7634,0.52726,1.1247,0.68195,0.49982,0.311,0.25677,0.34653,0.49469,0.83632,0.2376,0.68044,0.37736,-0.3405,-0.16987,1.3981,0.68518,0.050748,0.3894,0.34853,0.59776,-0.38582,0.32802,-0.20751,1.0076,-0.6507,-0.79356,0.18157,0.19974,0.26337,1.2575,0.5367,-1.1121,-0.85185,0.033236,-0.64967,-0.1111,-0.92406,-0.8511,-0.74124,-0.68998,-1.0039,-0.79847,-0.84736,-0.75847,-0.4181,-0.1613,-0.6097,-1.1337,-0.87327,-0.66138,-0.030506,-0.19041,0.16751,0.22731,0.77291,0.19224,0.31754,0.068461,-0.49084,-0.027243,-0.30974,0.36609,0.35987,-0.38905,-0.79471,-0.39352,0.11874,-0.82386,-1.0492,-0.14249,-0.98551,-0.76907,-0.85749,-0.97732,0.59437,-0.83281,-0.45329,-0.46211,-1.1485,0.11572,-1.0206,-0.25089,-1.0881,-0.035013,-0.50398,-0.41991,0.40586,-0.54962,-0.95919,-1.611,-1.0471,-1.2935,-0.75834,-0.7793,-0.95821,-0.70603,-0.5237,-0.93505,-1.0177,-0.83988,-0.61031,-0.10418,0.059922,0.066542,-0.42172,-0.65189,0.21913,-0.45001,-0.39014,-0.37469,0.15795,0.5613,0.16973,-0.36732,-0.11404,0.41489,0.11369,0.74606,1.2703,-0.45881,-0.84774,-0.11029,-0.52191,0.17823,0.62645,0.57784,0.14202,2.2514,1.0483,1.3448,1.6065,1.5855,1.1599,0.83331,2.1349,0.92357,1.8534,1.8796,2.456,0.94392,1.3366,0.41231,-0.16472,0.30918,0.83699,-0.38102,0.10295,0.35207,0.23793,0.18954,0.74145,0.34314,0.52216,0.17419,-0.19315,1.2893,0.55773,-0.24624,-0.50032,0.5146,1.1539,0.69312,-0.045304,0.59887,1.1057,0.9905,0.25558,-0.71684,0.655,1.1563,0.30396,1.149,0.65812,0.61122,0.84696,0.30159,0.068769,1.29,0.40649,0.65683,0.2212,1.0504,1.6351,0.99702,1.2721,1.1737,0.83446,1.0096,0.85913,-0.45542,1.5297,1.0478,-0.51402,0.21321,0.39686,1.1246,0.7194,0.41516,1.2509,1.2934,0.4158,0.53602,0.49501,0.58261,1.0969,0.50502,0.71915,1.459,1.609,0.63016,1.1076,1.0195,0.43643,-1.3104,0.94541,1.0093,1.1856,0.95687,1.5421,1.6333,1.2755,1.9311,0.54786,2.447,2.8668,0.98228,0.33651,0.72717,2.4068,0.98955,0.8369,2.3404,0.99297,0.5546,0.39251,0.35182,1.1992,0.82881,0.9663,0.89996,0.3718,0.25091,0.11347,0.48106,1.2637,0.22363,0.24828,0.17468,1.0374,0.24798,-0.23831,0.96701,0.66277,0.82176,1.4708,1.2184,0.86862,1.884,-0.71105,1.1562,1.5406,3.1066,1.2497,-0.16535,1.2951,0.97434,0.097127,0.36911,-0.025636,-0.52066,-0.0015661,-0.57472,-0.13641,-0.040214,0.39089,0.48947,-0.23956,0.43869,0.27816,-0.61823,-1.1327,0.86506,-0.047174,0.001606,0.74602,0.28798,0.24895,0.4214,-0.41877,0.15887,0.71128,-0.17186,-0.44369,-1.18,0.26884,0.30671,0.32465,-0.46225,-0.17829,0.36755,-0.0025424,0.29934,-1.2798,-0.53352,-0.68093,0.2936,0.19759,-0.64484,-0.38996,-0.26394,0.18297,0.68405,0.5617,0.28088,0.47294,0.73394,1.0423,1.1251,0.6885,0.45514,1.0269,0.10282,0.79544,0.76481,0.15418,-0.76746,0.95778,0.23825,-1.1914,-0.59347,0.74583,0.32263,0.087016,-0.25943,-0.054934,0.43528,0.64732,-0.10151,-1.0734,-0.58684,-0.16092,0.11233,-0.73499,-0.52432,0.22058,-0.68166,0.5241,0.2166,-0.9444,-1.4301,-1.1183,-1.5383,-0.94174,-0.16757,0.45875,0.025901,-0.33804,0.045636,-0.11586,-0.40599,-1.2873,-0.19704,-0.86696,-0.1246,-0.34469,-0.34939,-0.73577,-0.20877,1.3336,0.18431,-0.62348,0.093515,0.43263,0.4042,-0.44471,0.16076,-0.94117,0.76755,0.034624,-0.56165,0.10773,0.68544,0.5001,0.12298,0.042236,1.2877,0.49448,-0.41399,-0.52346,-0.50103,-1.6097,-0.46294,-0.65584,-0.37263,-0.22586,-0.94542,-1.4608,-0.96684,-1.0307,-0.62806,-0.45471,-0.98154,-1.4265,-0.31493,-1.7654,-1.9108,-1.3988,-0.97323,-0.29805,-0.4438,-1.6934,-0.97313,-0.71803,-0.69798,-0.6932,-1.1041,-1.2599,-1.1926,-0.93452,-1.8948,-1.9482,-0.67102,-0.46586,-0.73952,-0.77049,-0.84398,-0.84841,-1.0141,-0.020424,-0.69395,-0.94204,-0.84516,-1.2145,-0.32625,0.14978,-0.60654,-0.88331,-0.80606,-0.18608,0.37948,-1.0405,-0.62308,-0.010054,0.47128,1.1342,0.4446,-0.4653,2.2408,0.33726,0.49041,-0.114,1.2955,0.97988,0.62085,0.35712,-0.35575,0.58731,1.1559,0.50783,-0.74476,0.065724,0.16402,0.47659,-0.40107,-0.42979,-0.49749,-0.76301,-0.01796,-0.83477,-1.2454,-1.2101,-0.34261,-0.70684,-0.37788,-0.34858,-0.094684,-0.14797,-0.2014,-0.70777,-0.88801,-0.54233,-0.46615,-1.2383,-0.62602,-0.44086,-0.83052,-0.71112,-1.4964,-1.5347,-1.8125,-1.1249,-0.7321,-0.65958,-2.6151,-1.3795,-0.18735,-0.3224,-1.5056,-0.6215,-1.7842,-0.20443,-0.26898,-0.26399,0.17168,-0.7642,0.54524,-1.2563,-0.60905,-1.7537,-0.77628,-1.7207,-0.91597,-0.11716,-0.91581,-0.45557,-0.86303,-0.95791,-1.4542,-0.38739,-0.40692,-2.1598,-1.2511,-2.4947,-1.0766,-1.2508,-2.9034,-1.5035,-0.13682,-1.55,-1.3407,-1.1369,-1.3178,-0.66065,-1.5038,-1.1383,-0.54127,-0.81827,-1.2593,-0.51852,-0.12849,0.33438,-0.37347,-0.3012,-0.04813,-0.14694,-0.6296,-0.75206,-1.3987,0.36398,-0.057198,-0.34145,-0.82671,-0.74621,-0.88791,0.6954,-1.1916,-0.73882,-0.39794,-0.28856,0.2678,-0.15016,-0.95461,-0.029267,-1.4715,0.10662,0.17775,-0.34217,-1.2028,-0.78973,0.11994,-1.169,-1.2314,-1.5224,-0.7849,-0.7976,-0.49743,-1.0891,-1.2918,-1.3465,-0.72444,-0.98836,0.053992,-0.82477,-0.9012,-0.77718,0.089945,0.42495,-0.25854,-0.062857,-0.84699,-1.4764,-1.0523,-0.62029,-1.3702,-0.48406,-0.35234,0.082274,1.3265,1.7737,0.93785,0.77171,1.3059,1.0472,1.61,1.5809,0.26372,-0.41734,0.75448,1.9263,-0.23082,-0.61061,-0.24322,0.55599,0.36538,-0.31327,0.16211,0.38984,0.28704,0.63055,-0.73529,1.4339,0.69003,-0.019923,0.080243,0.5136,0.62039,0.18037,0.27342,0.64333,0.10484,-0.17457,0.21925,-0.27024,0.3643,1.1863,0.38847,-0.032389,-0.50478,-0.37985,0.31035,0.23957,-0.12949,0.017173,0.013799,1.74,1.7628,1.3393,1.4525,1.5765,1.0622,1.4175,1.3455,0.41629,0.25866,0.62495,0.39014,1.077,0.54635,0.89715,0.8423,0.74275,0.40265,0.87611,0.53166,1.3103,1.3795,1.3034,0.018405,0.88043,0.97412,0.70334,0.59888,0.35572,0.40523,0.34663,-0.69207,0.24799,0.62928,0.78487,0.11963,0.41879,-0.17697,-0.99002,0.18532,-0.28364,0.063249,-0.96458,-0.67576,-0.31675,0.84775,0.80781,0.19847,0.56309,0.77792,-0.30704,0.83883,0.67065,0.25563,0.55908,0.14005,-0.63328,-0.863,0.41845,-1.6125,-0.040254,-0.183,0.95031,1.5214,0.75406,-0.013874,0.16441,1.3974,-0.10066,0.53604,-0.074457,0.77933,0.32174,0.12715,0.19122,0.17724,0.82024,1.1775,1.4749,0.52255,-0.036711,0.82926,0.022576,-0.15522,-0.20916,1.0403,-0.26547,-0.8104,0.60727,1.0358,-1.4875,-1.0984,-0.095654,-0.42687,-0.62298,-0.45236,-0.059261,0.29932,0.82883,-0.70462,-0.057365,0.21689,0.4166,-0.18214,0.07886,0.20812,0.69305,0.96135,1.1263,0.19569,0.19683,-0.48608,-0.10472,0.51352,-0.37217,-0.057921,-1.0571,0.37042,-0.62285,-1.5733,-0.42837,-0.77432,0.50889,-0.25865
-1.3885,-0.92943,-1.641,-0.58367,-1.4287,-0.2325,0.24672,1.5952,0.3598,1.0755,1.6226,0.94638,-0.046349,0.010495,-0.72871,-0.71823,0.11097,-0.29378,-0.44607,-0.55561,-0.42342,0.018149,-0.83344,-0.80535,-0.55679,-0.60744,-0.27766,0.096533,-0.30089,0.35009,-0.70517,-0.93081,-0.12074,0.078262,-1.0797,-1.4705,-0.66229,0.18997,-0.81116,0.2619,-0.4054,0.87448,-0.2888,-0.12321,-0.20224,-0.48898,0.19428,-0.19363,-0.30651,0.40177,-0.62346,1.0218,-0.014716,0.42691,-0.035679,0.41387,-1.1886,-0.22347,-0.7389,0.10931,-0.28894,-0.40307,-1.3405,-1.2828,-0.11608,-0.6252,-0.53155,-1.0662,-0.92828,-0.70963,-1.4402,-0.38455,-0.7885,-1.2158,-0.11834,-0.39269,-0.20254,-0.93255,0.1026,1.1815,-0.507,0.0085004,-0.018087,0.41315,0.74573,0.70382,0.16059,-0.081808,0.53004,0.4256,0.18239,-0.62892,-0.44356,0.16576,-0.25258,0.62978,0.033488,0.33967,-0.18134,-0.49212,-1.0115,-0.61992,-1.6933,-1.303,-1.8733,-0.68382,-0.7646,-0.30188,-0.13789,-0.7118,0.63736,0.79461,-0.33064,-0.29173,0.13126,0.81849,1.051,1.1735,0.72876,0.66638,-0.067672,-0.25957,-0.3809,-1.4325,-1.779,-1.0538,-1.191,-1.033,-1.0156,-0.75561,-0.37552,-0.72673,-0.5391,-0.25754,-0.3739,0.30203,-0.024629,-0.42643,-0.27972,0.30178,0.60149,0.85786,0.30834,0.45394,-0.57227,-1.1477,-1.3643,-0.65013,-0.54791,-1.1668,-1.962,-1.051,-0.71522,-0.62344,-0.62515,-0.26603,-0.12345,-0.54392,0.36781,-0.13906,-0.31579,-0.25377,-0.36595,-0.34544,0.14537,0.22735,0.4728,-0.22991,-0.39965,-0.17856,0.59148,-0.18792,0.87454,1.4697,1.2716,1.8346,1.2309,1.5709,1.5387,0.2175,0.25251,-0.99897,-0.32046,-1.0283,-0.99408,-1.9271,-1.4712,-1.5352,-1.1517,-0.9735,-1.9136,-1.8419,-2.3667,-1.4376,-0.4823,-1.3497,-1.1731,-1.0299,-0.40005,-0.8892,-0.50861,0.049926,-0.13434,-0.67228,-0.26277,0.44837,-0.63811,-0.64808,-0.048433,0.73089,0.27767,0.69945,0.74805,0.56612,0.29065,1.4024,1.3811,0.61072,-0.27124,0.30617,0.39768,0.56863,0.14014,0.21674,1.645,0.40435,1.2984,0.50456,-0.10328,-0.59008,-0.46426,0.34378,0.38958,0.50683,1.0569,1.8826,0.69614,0.032685,-0.045235,-0.95114,-0.47593,-0.24445,0.97817,0.63999,0.57764,0.10655,1.5952,2.0236,1.1077,1.087,1.2274,1.9374,1.7051,1.1069,0.19539,-0.0064677,0.20178,-0.20811,-0.76419,-0.64671,-1.0196,-1.0103,-0.72892,1.2052,0.64885,0.6756,0.73822,-0.26179,-0.777,0.69704,-1.7419,0.10037,1.1473,0.87351,0.91203,-0.11432,-0.027254,-0.39495,-0.87816,-1.7721,-0.54292,-0.20253,-1.3694,-0.05568,0.05836,-0.22717,1.3161,1.6558,0.76977,0.15647,0.15679,0.4626,0.03897,-0.20672,-0.70451,-0.35687,-1.1995,-1.3915,-0.46394,-0.95866,-0.97288,-0.44577,0.41604,-0.55093,-0.71545,-1.3268,-1.6925,-0.72645,-0.89095,-0.71252,-0.81268,-0.43469,0.76665,1.1659,0.36266,0.47393,0.080596,0.68149,1.905,1.27,1.0877,1.0462,1.916,1.2618,0.4458,-0.58453,-0.51501,1.007,1.6101,1.1066,0.49091,0.83791,0.46733,1.5876,1.7563,0.95847,0.33351,0.31457,0.28197,0.22297,-0.38463,-1.6755,-0.70013,0.27355,0.68916,0.368,1.1,0.22316,0.035758,-1.2646,0.45315,1.2925,1.0438,1.3471,1.2144,2.1864,1.4111,1.0453,0.082607,-1.1695,-0.29659,-0.17052,-0.19483,-0.51509,-0.61585,0.75174,0.82737,0.85948,-0.10548,0.37971,0.26262,0.33664,0.045805,0.18883,-0.44455,0.73796,0.23721,1.826,0.56725,0.25757,0.85255,1.2948,1.739,0.53161,0.94022,1.7865,1.9166,1.3588,1.181,0.4972,0.12238,0.67076,0.62859,0.68708,0.8073,0.65783,1.6187,1.2338,1.457,0.35322,1.6504,1.2217,2.8413,1.7982,0.70281,1.0541,0.6322,0.38729,1.593,0.77552,0.80037,0.39713,1.3164,-0.027677,-0.83255,-0.16909,0.77267,0.28497,1.4556,1.6043,0.86121,0.97963,0.95062,1.7601,-0.18168,-0.83466,0.25827,0.61041,0.98937,1.2485,1.5396,0.74351,0.59783,0.74696,0.27693,-0.048684,-1.011,-0.0011004,0.84815,-0.7329,-1.1705,-1.1037,-0.39298,-0.9338,-0.64331,-0.77812,-1.5174,-1.1203,-1.0139,0.52302,-0.86834,-0.6738,-0.08462,0.86723,1.3232,0.072239,0.54181,0.61007,0.23963,0.57652,-0.1919,-0.063962,-0.58927,-0.18084,0.28932,-0.68245,-1.25,-0.008651,0.39647,0.88553,0.39456,1.1944,0.64404,2.1207,1.4481,1.3747,1.1862,1.9341,1.2315,1.6212,0.7661,0.84689,-0.83106,-1.2162,1.1139,-0.88895,-0.43951,-1.6484,0.59841,0.20942,-0.41368,-0.26202,-0.35232,-0.12845,-0.25036,-0.68378,-0.40422,-1.2714,0.71148,0.32158,-0.49606,-0.5799,-0.37541,0.38435,0.29775,0.12832,-0.13924,0.85353,0.88838,1.0996,0.88344,0.71724,0.56989,-0.19767,0.10308,0.639,-0.65085,-0.86543,-1.0766,-0.62318,-0.35875,-0.96897,-1.153,-0.74386,-1.1136,-0.5766,-0.8135,0.022186,-0.7337,-0.35539,-0.58977,-0.31385,-0.92652,-1.0695,0.58638,0.13548,-0.37316,0.73645,-0.43622,-0.79044,-0.36764,-0.017576,-0.44055,-0.77008,-0.080279,-0.061779,0.039425,0.10768,-0.42726,-0.47077,0.1976,-0.015265,1.1325,1.0265,0.55323,0.31772,-0.51886,-0.3805,-0.15207,-0.87666,-0.87429,-0.56008,-0.78518,0.41484,-0.98375,-1.4494,-1.4162,-0.73652,-0.42226,-1.2414,-0.92546,-1.3903,-0.88594,-0.29213,-1.4715,-0.57428,-1.5682,-0.81723,-0.19061,0.12211,0.18419,-0.51931,0.090141,0.11771,-0.25419,0.63888,1.0447,2.3331,1.4613,1.0387,0.59011,0.36721,-0.27228,0.9531,0.67432,1.3129,0.10925,-0.90459,0.1469,-0.61472,-0.89587,-1.4945,-0.52593,-0.44509,-0.57858,-0.12936,-0.46731,-0.98105,-0.41311,-0.49608,0.77579,-0.64791,-0.49471,0.10697,0.067648,1.0498,-0.72709,-0.0292,-0.89272,-0.93792,0.10181,0.87406,-0.27542,0.12652,0.13787,1.3649,1.2323,1.1415,0.53501,0.28448,-0.17483,0.61356,-0.36567,-2.2347,-1.5835,-1.0401,-0.71288,1.0275,0.076274,-1.3207,-0.85036,-0.77131,0.27171,0.35636,0.50631,0.059616,0.477,0.56613,0.4333,-0.027918,-0.10899,0.15805,-1.1825,-0.51294,-0.81794,-0.75885,0.4043,0.94991,0.79632,0.20585,-0.025399,0.23551,0.69608,-0.29421,-0.46114,0.29867,0.52612,1.0924,1.3173,0.73177,0.23892,1.2762,1.0176,-0.44888,-1.2868,-1.4229,-1.3921,-1.562,-2.0155,-1.7276,-2.0807,-1.998,-1.064,-1.3154,-1.5079,-1.6561,-1.4957,0.56015,0.51499,0.44377,-1.6924,-0.67802,-1.2152,0.094467,-0.15266,-0.59319,-0.97071,-0.35821,-0.15828,0.65362,-0.090298,0.35453,1.1756,1.548,2.3035,0.66741,1.5306,0.75979,1.0251,1.7574,0.12113,0.078704,-0.24177,0.43511,0.52241,-0.10141,-0.0732,0.34451,-0.56916,-0.10792,0.033771,-0.039447,0.090693,0.52098,0.34609,-2.3662,-1.745,-1.7757,-1.073,-0.42255,-0.04801,-0.43835,0.41366,0.5624,0.29361,-0.64856,-0.54613,-0.37525,-0.67983,-0.20252,-0.91843,-0.92398,-1.0266,-0.69658,-2.0054,-1.6518,-1.4856,-1.612,-1.2171,-0.97513,-1.39,-1.7709,-1.8902,-0.54956,-0.17034,-0.27741,-0.97276,-0.71076,-1.2585,-0.2085,0.4516,-0.0088199,0.67392,1.1518,0.89871,1.0569,0.77271,1.3882,0.67442,0.83392,1.1881,2.011,1.7854,1.0798,0.42766,0.70117,-0.54701,0.045656,-0.43909,0.1268,-0.21051,-0.43297,0.10675,-0.83746,-0.11787,-0.22295,0.034355,0.26837,0.29005,-0.19687,0.51892,-0.29902,-0.91305,-0.51929,0.34708,0.40169,0.93995,0.062965,-0.24347,0.38541,0.85122,0.84937,0.1571,0.10205,-1.0972,-0.19506,0.39141,0.85274,-0.027211,0.29482,0.29843,0.80638,-0.22237,-1.1375,-0.69546,-0.18869,-0.23535,1.3734,1.5901,1.8421,2.0184,2.1386,1.1701,-0.53361,-0.84896,-1.3236,-0.36933,-0.62394,-1.4516,-0.96838,-0.57593,0.2645,0.20428,-0.82361,0.24432,0.59356,0.72259,0.81598,-0.1568,-0.056337,-0.19365,-0.1138,0.13393,-0.57909,-0.29852,-0.013634,-0.15327,-0.30989,-0.81159,1.8563,1.321,1.0796,1.5866,1.7688,1.6918,1.1801,1.8445,2.0057,0.72587,0.024322,1.2423,1.4147,1.04,1.1637,1.1834,1.0009,1.3164,1.5625,1.0097,0.64767,-0.56834,-0.80195,-0.88385,-0.76173,-1.252,-0.92998,-0.31466,-0.71485,-0.94387,-0.20752,-0.25346,0.17516,-0.027172,-0.9132,-0.093116,0.34775,0.9324,0.5662,0.66269,0.56921,1.1,0.63333,-1.4875,-1.2069,-1.0668,-0.59863,-1.1856,-1.3102,-1.4443,-0.76744,-1.1785,-1.5195,-1.4855,-1.1826,-1.1609,-0.70246,-1.351,-0.88116,-0.56657,-0.4457,-0.6365,-0.6936,-0.21203,-0.69757,-0.52582,-0.25713,-1.0537,-0.5567,-0.46138,0.41452,0.29077,-0.35569,-0.14488,0.68566,-0.18718,-0.42405,0.12181,0.58731,0.98716,1.4644,0.3216,0.85582,0.73371,0.20354,0.27985,-0.19745,-0.061108,-0.036162,0.38659,1.0075,-0.16732,-0.56945,-0.3799,-0.39579,-0.39252,0.20549,0.0088563,-0.91243,-0.32823,0.49025,-0.037019,-0.345,0.94959,0.0068637,0.91265,0.25206,0.19408,0.13613,0.84191,-0.43394,-0.19288,0.53397,0.68626,1.1665,0.064033,-0.69097,0.10012,0.42987,0.32031,-0.27171,-0.11609,-1.4651,-0.86241,-1.3197,-0.83019,-0.88436,-0.30861,0.34132,0.40571,-1.0776,-0.15211,-0.66464,0.12099,0.12325,-0.17518,0.39437,0.63738,-0.38991,0.18594,0.94088,-1.5216,-0.038318,0.73805,0.76292,0.77802,1.147,0.41821,1.1491,0.84715,1.0637,0.75891,0.08594,-0.25911,0.27005,-0.081,-1.4719,-1.4394,-1.0491,-0.071577,0.18229,0.30045,0.45697,0.36773,0.21165,1.0948,1.6445,0.078294,0.88108,-0.056402,-0.65345,0.35599,-0.30941,0.27539,-0.36902,-0.19664,0.2028,0.76152,0.48446,-0.20339,-0.22818,-0.30045,0.52467,-1.2305,-1.6927,-1.5328,-0.64261,-0.021328,-0.010168,-0.19589,-0.78179,-0.68782,-1.5145,1.3973,-0.16125,0.12902,0.80439,0.90194,1.1856,0.81457,0.40134,-0.36156,0.075287,-0.57624,-1.0757,-1.0025,0.41051,0.44796,1.4526,1.3465,0.050291,0.83666,1.368,1.1313,0.15124,-0.82784,-0.085539,-0.95851,-0.24927,-0.38241,-0.82295,-1.3676,-0.94661,-0.64255,1.6711,-0.73555,-0.58749,0.16973,0.78695,0.50787,0.1984,0.47168,0.98266,1.3208,1.6719,1.0427,0.66422,-0.85003,-0.79876,-0.84402,-1.3362,-1.923,-0.76566,-0.38108,-0.57777,-1.12,-1.0419,-1.1793,-0.94882,0.79826,-0.0002345,-0.34359,1.0622,1.0494,0.96505,1.4352,0.98452,0.90108,2.2758,1.6123,1.3146,0.49138,1.5232,1.129,1.1423,0.55107,-0.64185,0.68206,0.082611,0.4947,1.3334,1.9098,1.4591,1.2224,0.64318,0.8449,1.2731,0.45507,-0.43521,-1.2383,0.83112,1.3858,0.35445,0.097346,0.017081,-0.82134,-0.29538,-0.80467,-1.138,-0.34435,-0.9865,-0.93909,-2.2197,-2.4508,-3.1849,-1.5755,-2.0083,-0.64426,-1.4103,-0.577,-0.096209,0.27127,-0.46025,-1.1567,-0.059866,0.1992,0.72805,1.6381,0.79479,0.29239,1.5074,1.6395,0.77692,1.0284,1.5367,1.7066,1.7208,1.692,0.1808,0.11818,0.56707,0.68258,-0.25732,0.050695,-0.029745,-0.34085,-1.7401,-1.5224,-1.1321,-0.51735,-0.944,-1.329,-1.3725,-1.9508,-1.1275,-1.9813,-1.1182,-0.58877,-0.80583,-1.1122,-0.011551,-0.3377,-0.24557,-1.2766,-0.29454,-0.44385
1.4835,0.58129,0.44406,-0.041004,-0.21202,-0.39352,0.37568,0.41404,0.74,0.67004,1.7278,2.1989,1.3857,1.944,0.81743,0.69947,-0.80458,-1.8645,-2.1372,-1.9393,-2.1725,-1.5987,-1.0228,-1.7812,-2.3519,-2.5592,-2.2813,-2.8786,-2.0151,-2.1527,-2.1839,-1.412,-0.73072,-1.2705,-0.74724,-1.1205,-1.109,-1.1324,-0.64396,-0.0097301,0.35508,0.63685,-0.024221,0.50681,1.5752,1.0423,0.93814,0.79597,0.90188,-0.34813,-1.3491,-0.86592,-1.5523,-1.2736,-0.99859,0.42377,0.07816,1.1725,0.29009,0.45802,0.6136,-0.44068,0.081687,0.054411,0.099596,-0.26126,0.45802,0.52944,-0.025512,-0.12914,-0.29235,-0.52434,-0.03185,1.3246,1.5261,0.56842,2.0585,1.4634,2.3976,2.2123,1.6781,2.0567,1.1461,1.1955,0.62308,1.1515,2.6733,1.7101,2.5168,2.5759,1.6006,2.6355,1.1396,1.9769,2.5358,1.9941,1.6493,1.3332,1.7008,1.3868,0.89216,1.2855,2.3388,1.8804,1.7405,1.8213,1.6998,1.6979,1.4455,1.6334,0.47407,1.1436,2.1419,1.2763,1.14,1.2764,0.98996,1.015,1.1551,1.7798,1.255,1.173,0.59907,0.78113,1.2569,0.23011,0.20992,0.3049,-0.17412,-0.9421,-0.91223,-1.1888,-1.5124,-0.6607,-0.45485,-0.059651,0.39213,0.20739,0.85989,0.10165,0.16029,0.44011,0.32315,0.33935,-0.41118,-0.24999,0.22164,-0.5352,-1.0294,-1.0119,-1.4618,-1.949,-2.1049,-2.2391,-2.8262,-2.4732,-1.9447,-2.1806,-2.1169,-2.8258,-2.6122,-1.7235,-1.1455,-0.87455,-0.34047,0.068037,-0.38767,-0.02552,0.14046,-0.72094,0.016737,-0.52045,0.37848,0.062528,0.33317,0.25499,0.27822,0.18869,-0.11389,-0.69708,-0.90908,-0.79489,-0.36984,0.20804,-0.93719,-0.55884,0.18968,0.053635,0.24038,0.84744,0.48083,0.5476,-0.10523,-0.33073,-1.2818,-1.4502,-1.4195,-2.4306,-2.1737,-1.943,-0.71261,-0.058423,-0.30379,0.44099,-0.060778,-0.98735,-0.67766,-0.88639,-0.84617,-1.3835,-0.7652,-0.48637,-0.483,0.063617,-0.047928,0.80733,0.60197,0.19416,1.512,1.1725,0.41471,0.35729,0.34333,0.97335,0.39444,1.0376,0.88743,0.30617,0.93003,0.70627,1.4656,1.2076,1.5201,1.3335,1.6613,1.5508,1.3016,0.35852,0.18899,-0.64459,-0.031642,0.28073,-0.79584,0.03129,-0.74294,-0.20204,0.17248,0.48158,0.26294,1.092,0.65379,0.75746,0.15984,1.2676,1.4564,1.7488,1.42,1.3636,0.88928,0.92242,0.86051,0.1775,-0.2057,-0.27116,0.22481,-0.42543,0.89298,0.69066,0.64657,0.59977,0.91461,0.031823,0.61839,0.17917,-0.85202,-0.128,0.13121,-0.59868,-1.0217,-1.6428,-2.2643,-2.9945,-1.5645,-0.66382,0.26979,0.10853,1.7112,1.0232,1.0616,1.4263,0.58451,0.83527,1.2089,0.80373,0.71946,0.38372,0.99955,0.098591,0.51521,0.085609,0.99228,1.4498,1.0192,1.032,0.71208,1.4123,1.0122,1.2644,0.85781,-0.31394,-0.29435,-0.82983,-1.289,-1.2195,-0.87462,-0.071627,-0.43506,-0.37672,-1.098,-1.3292,-1.0887,-0.40801,-0.6844,0.4331,0.17205,-0.65404,0.5303,-0.48812,0.24458,0.19929,0.50033,1.2147,1.5685,1.3424,0.61991,0.4,0.74062,0.78491,-0.41602,-0.45205,-1.1757,-2.0746,-1.4404,-0.91117,-0.77882,-0.21103,0.60334,0.50716,0.18776,-0.32598,-0.57822,-0.65901,-1.1118,-0.1563,0.61974,0.75648,1.1006,1.4153,1.039,1.4023,0.74167,-0.06685,-0.33366,0.030698,-1.0103,-1.5361,-0.81543,-0.61259,-0.24414,1.4337,1.8409,1.5994,1.1618,1.3813,1.2441,-0.13964,-0.9436,-1.7623,-1.7735,-2.0437,-2.114,-0.61847,-0.19585,-0.5802,0.92561,0.70793,0.95152,1.095,0.80887,1.4217,0.66336,0.26443,-0.42051,-1.4486,-1.8286,-2.1917,-2.339,-2.6303,-1.8796,-1.0695,-0.48504,0.0093876,1.1532,1.0882,1.1535,0.64613,1.6569,1.3329,0.94775,0.55576,1.5795,1.0505,1.2686,0.69145,-0.036061,-0.76249,-0.764,-0.87891,-0.65173,-0.81087,0.2365,1.2478,1.1045,1.4407,1.6023,-0.16222,0.96462,0.68749,0.28232,-0.70732,-0.40138,-0.4111,-0.72824,-0.45126,-0.53779,0.093088,0.60819,0.81859,0.16179,0.19397,1.1891,-0.32113,-0.35146,0.28243,0.73525,-0.21319,-0.4839,0.60264,0.77704,0.39916,-0.34326,-1.2678,-1.7406,-2.7505,-1.908,-2.2352,-2.2054,-1.6741,-0.922,0.023177,0.2195,0.741,1.049,0.20606,0.85534,-0.092998,-0.039664,-0.069055,-0.47789,-1.7547,-1.5359,-0.72003,-1.5204,-0.51566,-1.1406,-0.34382,-0.11038,0.34921,0.84071,1.2641,1.8459,1.352,1.0654,1.499,1.7288,0.83529,1.5714,1.5001,1.1891,0.54322,0.37879,0.058211,0.14875,0.79203,0.53006,0.54624,0.47037,0.98372,0.35421,0.2958,-1.1388,-1.417,-0.33535,-0.41556,-0.78986,-0.44906,-0.83078,-1.3818,-1.0657,-1.2118,-1.1959,-0.61986,-0.67221,-0.84315,-1.542,-1.366,-1.2378,-1.2918,-1.1899,-1.585,-1.4829,-1.4226,-1.7175,-1.8174,-1.5682,-1.726,-1.4895,-1.3654,-1.645,-1.2005,-2.0355,-1.8356,-1.733,-2.1937,-0.74942,-0.12584,-0.6414,0.71263,0.38257,1.7059,2.2873,1.6302,1.1002,1.8565,1.0497,0.82165,0.54091,1.0155,1.8376,1.6767,2.4844,1.4383,1.9209,1.5165,1.6353,1.1336,1.6514,0.85235,0.52954,0.39135,0.51142,0.40369,0.74139,0.26415,0.14465,0.45677,-0.065699,0.27197,-0.075949,-0.78313,0.086067,-0.52665,-0.76785,-0.53273,-0.85574,-0.060191,-0.18833,0.25884,-0.89287,0.11389,0.21739,0.29134,0.65795,0.010193,-0.26568,0.27314,-0.42713,0.35228,0.42216,-0.027403,-0.059967,-0.70108,-0.36845,-0.56014,-0.93986,-0.84131,0.69492,0.16635,0.4074,-0.19712,0.054426,-0.20809,-0.35743,-0.56657,-0.92064,-1.0525,-1.2273,-0.87193,-0.28064,-0.17218,-0.13724,0.2121,0.60287,0.42232,0.78864,0.70195,0.96245,-0.25768,-0.28839,-0.89749,-1.7091,-2.1163,-2.6053,-1.8571,-0.79751,-1.5663,-0.88021,-1.0744,-0.46914,0.14521,0.43015,0.68457,0.27084,-0.13622,-0.21834,-0.88519,-0.43092,-0.48845,-0.50782,0.30316,0.18045,0.81758,0.64849,0.22085,0.13511,0.3569,-0.30595,-0.23295,-0.079573,0.35645,0.47843,0.47492,0.70067,0.40815,0.46202,0.19215,0.47865,-0.48634,-2.286,-2.4653,-3.3394,-3.0672,-2.7014,-2.492,-2.1727,-1.1159,-2.7287,-2.6954,-3.0844,-2.1202,-1.6097,-1.2739,-0.65871,0.11616,-0.051171,0.26999,-0.20667,-0.68014,-0.42506,-0.2498,0.36151,0.78772,0.78908,0.65522,0.057249,1.1619,0.74604,0.82071,0.6854,-0.49706,0.96258,0.39696,-1.524,-1.7408,-1.7118,-2.9876,-2.6561,-2.7192,-1.5223,-1.5718,-0.61476,-0.1808,1.17,2.3716,1.2736,0.61738,0.0043749,0.27407,-0.14344,0.42173,-0.72322,0.61393,0.52823,0.35812,0.65322,0.34303,0.7862,-0.45408,-1.0013,-0.56374,-0.28593,0.40601,0.22135,1.2291,1.4187,1.0099,0.94108,0.92996,-1.074,-1.3812,-1.0387,-0.82487,-0.30817,-0.19172,0.47796,0.92098,1.6715,1.7028,1.793,1.6923,1.6351,0.71268,0.48324,-0.42729,0.24796,-0.059223,0.11792,0.15157,0.30912,-0.33867,-0.49539,0.080115,-0.17806,0.086773,-0.065678,0.046617,0.31573,-0.31737,-1.0768,-1.8638,-1.5881,-0.94621,-0.55377,-0.89972,-1.1178,-0.76887,-1.276,-1.4608,-1.2609,-0.12451,0.83878,1.0304,1.3987,1.7318,1.9888,0.94247,0.3521,0.39475,0.076954,-0.073603,-1.0972,-1.2613,-1.7281,-1.4539,-0.42505,-0.19722,0.012367,-0.25277,0.058807,-1.0848,-1.2041,-1.0336,-1.2081,0.15218,-0.32048,0.29309,0.42125,0.32316,0.50006,0.68584,0.90502,-0.017552,0.78272,0.77991,1.5854,1.6087,1.5662,0.83247,1.2367,0.71459,-1.2008,-0.37368,-1.3784,-0.63999,-0.84396,-0.085007,0.17365,0.88117,1.5294,1.0336,1.2947,2.185,0.80414,0.55214,-0.12181,-0.18482,0.21907,-0.49088,-0.35031,0.35906,0.078883,-0.43476,-0.60245,-0.95232,-0.055104,0.69328,0.96247,0.8368,1.604,1.2114,1.7499,1.3626,0.70203,1.0234,0.88659,0.96585,0.34885,0.14292,-0.41454,-1.432,-1.4862,-2.2668,-1.7955,-1.7615,-0.84869,0.11495,-0.66726,-0.38837,-0.33743,-0.80816,-1.2544,-1.2548,-2.0158,-0.60235,-0.89354,0.069608,0.029029,0.39689,0.88692,1.1928,2.0185,2.0035,1.6594,1.6986,1.6043,0.83336,0.40225,0.035816,0.57184,0.18102,0.53034,0.35949,0.4307,0.57705,0.968,0.91178,0.097838,0.21541,0.839,0.70595,0.50913,0.22707,0.55991,0.41147,-0.014173,-0.34403,-0.46805,-0.61923,0.7038,0.43758,0.19898,0.65944,0.35116,0.69762,0.31914,0.12876,-0.37278,-0.97335,-1.3854,-1.434,-1.5324,-1.2505,-0.36061,-0.17525,0.11408,-0.34943,0.079414,0.16211,-0.010242,0.80351,0.25921,1.1338,1.2167,1.3892,0.72282,1.4791,1.5903,0.79804,1.7566,2.6664,1.7493,2.5364,2.001,2.1001,1.434,0.72658,0.48849,0.57463,1.8154,1.5756,0.39719,0.78111,0.59952,1.2105,1.5841,1.1621,0.49896,1.0876,1.0877,0.59671,1.0945,0.23169,-0.92064,-0.94379,-1.6126,-1.3925,-1.5853,-1.6852,-1.8303,-1.5129,-1.2927,-0.77868,-0.62695,0.29515,0.35494,1.0347,1.2483,0.88873,0.8617,1.7705,1.7948,1.5223,1.2823,0.97368,1.5596,1.1797,1.6961,1.5951,1.817,2.0066,1.7879,2.4924,1.6621,1.7016,-0.063864,0.037794,-1.0576,-1.6193,-2.0671,-2.1121,-1.2828,-1.7717,-1.8404,-1.7073,-1.0755,-0.75023,-0.90279,0.89847,0.76367,1.1795,1.9865,1.9,2.3108,1.8862,1.0122,1.1327,0.87622,0.024693,-1.3197,-2.5726,-1.7654,-1.0555,-0.82105,0.1521,0.32886,-0.26214,-1.058,-0.81501,-0.70081,-1.7763,-0.8883,-0.59612,-1.3931,-1.6144,-0.70689,-0.68983,-0.17841,0.37458,1.0945,1.4105,1.2178,0.89191,1.7372,1.0398,1.9442,1.243,1.1258,0.59047,0.69638,0.036116,-0.1109,-0.067403,-0.10296,-0.70219,-0.59096,-0.39105,-0.722,-1.901,-1.47,-2.4273,-1.8859,-1.2228,-2.0297,-1.37,-1.6173,-1.9919,-2.6946,-1.634,-2.0402,-0.602,-0.12118,0.36818,0.39362,-0.33056,-0.83924,-1.3615,-1.8265,-2.2341,-1.9514,-1.5355,-1.3378,-0.15161,1.0406,0.21732,0.0679,0.14584,-0.49623,-0.55595,-0.2137,-0.9089,-0.068659,0.45582,0.32736,0.85656,1.065,1.3817,2.4993,2.1436,1.2039,1.1316,0.91677,1.5512,0.76275,0.90578,0.68588,-0.78756,-1.1768,-1.8185,-2.2999,-3.3188,-2.8971,-2.8586,-1.1853,-1.0188,-0.82217,0.57396,0.98831,0.24494,-0.2127,-0.52364,-0.29075,0.26495,0.27792,-0.18506,-0.38511,0.65151,0.8721,0.15182,0.52405,-0.70454,-0.25063,-0.86476,0.21551,0.60851,0.29392,0.12563,-0.046925,-0.23248,0.23268,-1.4209,-1.7093,-1.3179,-0.54572,0.39711,1.301,1.0036,0.70081,0.74637,0.37037,0.80798,1.1103,1.2158,0.96598,2.0474,1.7295,1.103,0.40297,0.68707,0.17706,-0.17142,-0.91874,-1.0142,-2.1575,-2.1954,-1.8877,-1.377,-0.30558,-0.086339,-0.1523,0.019212,-1.511,-2.435,-2.9304,-1.9346,-2.2233,-1.3708,-0.41622,0.37002,0.47245,1.2165,0.70438,1.3594,0.62344,1.9669,2.1136,1.4438,1.2374,0.94409,1.7804,1.6892,0.69237,0.96589,1.2431,1.2696,1.8545,2.3265,1.2751,1.1465,0.85033,0.40845,0.87508,-0.49903,-0.77847,-1.4962,-0.54765
-0.12585,0.58862,0.76521,0.2041,0.37577,-0.35833,0.15051,1.5824,0.45755,-0.57442,-0.60861,-0.10591,-0.7413,0.42169,-1.9579,0.30727,-0.57202,-0.042542,0.3947,0.053847,-0.7584,-0.86632,-1.4578,-0.52493,-0.5669,-0.60717,-0.30326,-0.84409,-0.81803,-0.47177,-0.032726,-0.48121,-1.1928,-0.83643,-0.56983,-1.0837,-1.02,-1.4789,-0.75451,-0.46398,-0.79097,-0.58298,-1.1437,-1.0371,0.30636,-0.56871,-0.67175,-0.085108,-0.47088,-0.71785,-0.43181,-0.20461,-1.1602,-1.1011,-0.13752,0.15234,-0.92704,-1.9188,-1.5276,-0.96911,-0.0011213,0.32869,-0.44678,-0.43563,0.42786,0.74656,-0.54879,-0.16863,-0.37836,-0.68398,-0.30898,0.12243,0.012152,0.004065,1.1167,0.44507,0.8777,0.9043,1.3293,-0.94103,1.1673,1.5694,-0.18024,0.95298,0.76061,-0.2792,0.38881,0.030916,-0.69243,-0.053902,0.57491,-0.05643,-0.014518,0.85389,-1.2673,-1.3832,0.03872,-0.47297,-0.39736,-0.57872,-0.65635,-0.21271,-0.40049,1.0574,1.5606,-0.45594,-0.36638,-0.85199,-0.031164,-0.46602,-0.9968,-0.47977,-0.14109,0.49014,0.53622,0.71793,-0.10722,0.40171,0.4892,0.47404,-0.25802,0.77285,0.0013661,0.16037,0.67473,1.3617,0.15642,0.84846,0.75762,-0.16244,0.60425,0.99425,0.92971,0.82338,0.7496,0.76591,1.1345,0.49989,-0.18719,0.23553,-0.56897,0.54078,0.020379,0.74566,0.41581,0.1406,0.47637,-0.14359,0.083965,1.2585,-0.20955,0.43636,-0.33143,-1.104,0.46999,-0.15042,1.3997,0.0825,-0.40627,0.081772,-0.17123,-0.81904,0.31967,0.59494,0.15249,0.2426,-0.60124,0.42589,-0.011041,0.20225,-0.060156,-0.29036,-0.18755,0.066381,-0.0090365,-0.92874,-0.31941,0.37392,-0.55111,-0.20704,-0.43671,-0.16326,-0.32189,0.12193,-0.35531,0.059502,0.52563,0.21853,0.12586,-0.37177,0.33227,1.1546,0.65193,0.58181,0.42955,0.98907,1.0115,1.0873,1.6494,1.0313,0.53035,1.5368,1.2118,1.1692,1.1554,0.68959,0.15082,0.73628,0.14357,0.0095143,0.0025181,-0.24307,-0.62318,0.046084,0.52418,0.55253,0.55296,0.79303,0.69317,0.0064205,1.0502,-0.81628,0.071967,0.70253,1.0729,0.73746,0.16196,-0.040054,0.75234,0.33185,-0.12122,-0.78311,-0.26948,0.58697,0.9269,0.40689,-0.2676,0.36038,0.35721,0.84241,0.96408,0.93967,-0.29847,0.92328,0.50662,-0.14775,-0.090403,0.17674,0.65868,0.74063,0.4253,0.85802,-0.48519,-0.48089,0.3357,0.31298,1.2241,0.43743,0.79513,1.2022,1.425,0.25106,1.1058,-0.48257,-0.24968,-0.61044,0.029602,-1.3943,0.39911,-0.025808,0.59343,1.1824,0.80933,-0.30667,0.80205,1.3674,1.2452,1.1343,0.63246,0.34286,-0.40484,0.1184,0.28577,0.38582,0.19267,0.21036,0.059299,-0.31068,-1.095,-1.3523,-0.88504,-0.98137,-1.2339,-0.76948,0.10109,-0.10412,-0.69957,-0.080161,0.033668,-0.013515,-0.58934,-0.83758,-0.90668,-0.99736,-1.5668,-0.64988,-0.80805,0.034069,0.31379,0.4796,0.42305,-0.88901,0.42519,0.099746,0.38603,1.5457,1.6825,0.82029,0.24608,0.3485,0.99289,0.33929,-0.27244,0.61141,0.38696,0.12141,1.7025,0.18016,0.15135,-0.032362,0.44674,-0.53865,-0.80055,0.51431,0.04164,-0.34289,1.4303,1.0778,0.62149,0.77298,0.91303,0.12811,0.40822,-0.053034,-0.84877,-0.071373,0.65478,0.10251,-0.52855,0.047065,-1.7629,-0.0071131,0.40692,0.14537,-0.089059,-0.53789,-0.94876,-0.15915,-0.95893,-0.94118,0.45575,-0.96232,0.27165,-0.6628,-0.92519,0.3673,-0.4576,0.074264,-0.95884,-0.17721,-1.3515,0.089496,-0.91284,-0.22119,0.4318,-0.70359,-0.059192,0.062466,0.669,0.53011,0.56621,1.0711,0.34265,1.2939,0.5182,0.3144,0.21363,-0.84971,-0.90085,-0.29744,-0.15871,-0.44838,-0.26737,-0.21255,0.39582,0.35001,-0.022606,0.18565,-0.9587,-1.0862,0.33883,-0.19914,-0.91004,0.92662,1.2155,0.82354,0.24519,0.25078,0.40787,0.43595,0.79235,0.90848,0.87238,-0.17803,0.7299,-0.10704,0.22154,0.49109,0.017587,-0.43823,-0.42088,-0.36922,-0.28292,-0.47054,0.26051,-0.38152,0.097082,-0.29224,-1.9022,-0.88277,-0.91578,-1.3889,-0.96392,-0.57395,-0.97086,-1.3774,-1.7445,-0.19028,-0.13359,-0.94084,-0.96602,-0.80545,-0.61169,-1.4497,-0.56738,-1.5109,-0.18365,-0.12492,-0.24501,-0.37923,0.3576,-0.343,0.70642,-0.16172,-1.2122,0.1988,-0.13034,0.14785,0.53548,0.52721,-0.17459,-0.29144,-0.46805,-0.73876,-0.8886,-0.22093,-0.19623,-0.3664,-0.23535,-1.0924,-0.72312,-0.81209,0.37969,-0.24033,-1.4655,-0.76875,-0.51549,-0.27335,-0.70903,-1.1168,-0.90036,-0.46581,-0.62376,-0.44975,-0.084733,0.18051,-0.40369,0.4125,-0.63472,-0.081267,-0.11974,-0.26725,0.60776,-0.012116,0.39303,0.080353,-0.05794,-0.86746,-0.25694,-0.78662,-0.75742,0.59061,0.43887,0.29414,0.1799,0.14682,-0.18187,-0.61743,0.53694,-0.55878,-1.0434,0.22949,-0.42222,-0.33589,-0.036594,-0.87905,0.64704,-0.39741,-0.13488,0.13458,-0.36096,0.33842,0.29973,-0.58941,0.36349,-0.73487,-0.33999,1.0641,-0.62322,0.29563,0.6454,-0.22206,-1.7123,1.1517,-0.25012,-0.4447,-0.99436,-0.44309,0.11782,0.62803,0.80768,-0.20915,0.27325,-0.0044092,0.29445,1.3918,0.20232,-0.072222,0.1257,0.98918,1.0453,-0.42339,-0.53972,0.16614,-0.088695,0.097669,-0.49197,-0.57476,-0.7905,-1.2884,-0.11984,-0.01858,-1.1253,-0.6748,0.10165,-0.47345,-0.78404,-0.41108,-1.4185,0.29864,-0.81816,-0.9557,-0.99282,-0.70596,-1.2305,0.12333,-0.35979,-0.75661,-0.8963,-0.84038,-0.25701,0.045304,-0.75749,-0.49932,0.097988,-0.42798,0.24078,-0.0011127,-1.1316,0.092801,0.029785,-0.12576,-0.43031,0.6701,-0.30925,0.55559,0.48494,0.12696,0.67059,0.44142,0.13873,0.49581,0.83769,1.3607,0.45414,1.1683,0.63704,-0.17984,-0.26491,-1.1946,-1.8009,-0.9505,-1.4397,-0.45557,-0.70308,-0.44078,-0.23556,-0.58148,-0.36049,0.33864,-0.25286,-0.16008,-0.20074,0.22505,-0.13257,-0.72073,-1.0727,-0.65221,-0.5961,-1.0127,-1.1281,-0.85252,-0.89349,-0.064761,-0.054222,-1.1759,-0.36911,-0.29297,0.025847,0.74297,-0.55652,0.36451,0.59661,0.35703,0.83994,0.47936,-0.22538,-0.37903,0.41257,-0.43079,-0.022898,0.75315,-0.30665,0.2796,-0.12958,0.7681,1.1882,-0.055256,0.85993,-0.17619,0.079523,0.31769,0.65412,0.31002,-0.16611,0.85222,0.13658,-0.44997,0.45033,0.15975,0.25788,-0.96999,-0.15961,-1.0015,-0.19376,-0.3663,0.98581,0.070486,-0.81739,1.1505,1.1083,0.60498,0.87133,1.6029,1.8517,0.76716,0.76018,1.1626,-0.21701,1.5372,0.25281,1.2133,1.359,1.0412,0.64811,1.2275,0.33878,0.92667,0.76404,-0.57882,-0.26421,-0.073792,-1.2726,0.45802,-0.57891,0.89169,0.83249,0.034074,1.0582,1.5381,1.0975,1.0216,-0.39161,0.18815,0.5278,0.83111,0.73007,0.45498,0.20651,0.021414,-0.28078,0.11133,1.3966,-0.48955,0.10963,1.7182,1.1638,1.3001,0.9209,0.93454,0.51186,1.5105,0.022967,-0.18085,0.17702,-0.51311,-0.23959,-0.13449,-0.17202,-0.71148,-1.0145,0.51928,-0.37935,0.70744,0.6365,0.38777,0.89284,0.14528,0.61,-0.49077,1.1179,-0.1347,-0.10021,0.58342,1.8756,1.411,1.3741,0.99284,0.74977,1.4527,0.062444,1.0413,0.80484,-0.25862,0.8532,1.4846,-0.10576,0.089323,0.23496,-0.31553,-0.41774,-0.35964,0.29277,0.07706,-0.17967,-0.25468,0.44193,0.69973,1.5453,1.2515,0.23934,-0.27056,0.2533,0.055304,-0.36411,0.17836,-0.058013,-0.11966,0.10763,0.038344,-0.85607,0.30025,0.31437,0.67687,0.72081,0.16515,-0.75178,0.25062,0.65498,0.54078,0.47788,0.26527,0.87424,1.0069,0.79431,0.8728,0.036228,0.89822,1.3969,1.1115,0.47161,1.4663,1.6102,1.0446,0.50722,1.1829,0.30926,-0.6705,0.073487,-0.85713,-0.027307,-1.1453,-1.4202,-0.36053,0.34865,1.35,1.3094,0.82389,1.2317,0.69724,0.23615,-0.21334,-0.29203,-1.4439,-0.20555,-0.7228,-0.58855,-1.5493,-0.49558,0.70521,0.76141,-0.6193,-0.50493,0.28347,-0.78231,0.079046,1.4812,0.0011597,1.2736,0.35411,0.74142,0.2597,-0.36958,-0.72549,-0.057912,0.70945,-0.73179,-0.57103,-0.23529,0.51669,-0.90656,0.41303,0.43162,0.18776,0.6593,-0.26103,-1.0304,-0.43521,0.24468,0.62106,-0.26903,-0.465,-0.73529,0.30807,-0.18117,-0.29441,-1.0813,0.27866,-0.39573,0.15472,-0.56364,-0.053022,-0.59358,-1.2132,0.43959,-0.93356,-1.2753,-0.1754,-0.89358,-0.59304,-1.0727,-0.97405,-0.97604,-0.17303,-0.57678,-0.70446,-0.9566,-0.71833,-0.8858,-0.85802,-0.89471,-0.83741,-0.39387,0.52283,-0.36246,-0.71363,0.22828,0.1226,-0.050217,0.08235,-0.4237,-0.37651,0.58315,-0.39955,0.21701,0.27357,-0.68748,-0.0688,0.68145,0.55404,-0.75621,-0.12682,0.47337,1.0377,-0.064383,0.5368,0.94393,1.2803,0.66536,0.06516,-0.4478,0.21709,0.35661,1.9622,-0.91953,0.54892,0.34077,0.90841,0.25698,-0.67417,0.6723,0.18247,0.45226,0.60855,0.51914,0.19146,-1.7664,0.50151,1.639,0.43455,-0.32988,-0.26096,1.0368,-0.42618,0.39331,0.96949,0.38285,0.94874,-0.045444,0.81164,-0.30156,0.031977,-0.28857,-1.53,-0.82271,-0.82918,-0.37614,-1.0197,-0.29281,0.30718,0.77559,-0.12473,-1.056,-0.87557,-0.056877,1.5699,0.16704,0.2472,-0.30971,-0.20702,0.082707,0.56549,0.74834,-0.39288,1.0077,0.11811,-0.058315,-0.033607,0.14349,-0.074086,0.77088,1.0693,0.29461,0.34319,0.093407,0.56502,0.16169,1.4465,0.011289,-0.63827,0.027566,0.17455,0.69543,0.71854,0.19081,-0.8763,-0.065482,1.0588,-0.35116,0.059972,0.3612,1.0686,-0.10032,0.41135,1.3965,0.097379,-0.13661,-0.21218,0.45636,0.49887,0.50373,0.95278,0.99705,0.45194,0.19792,-0.43101,-0.72546,-0.91885,-0.65472,-1.1953,-0.50932,0.44188,0.29205,-0.21563,-0.29302,0.80831,-0.64278,-0.55039,-0.27564,0.016408,0.23321,-0.016421,-0.18891,-0.34653,0.79196,0.77201,0.64084,-0.3089,1.2337,0.089391,-0.33445,0.1921,-0.20694,0.87659,-0.71968,-2.0064,0.077733,-1.6618,-0.58143,-1.8173,-1.1836,-0.40699,-0.40373,-1.0025,-0.23399,-0.94019,-0.2637,-0.13491,-0.63537,0.57907,0.42161,-0.095382,-0.98459,0.86608,1.2857,0.25376,-0.13427,-0.5675,0.85302,-0.87736,-1.2133,-0.46357,-0.42666,-0.79759,-0.12232,-0.34723,-0.12305,-0.9391,-0.69776,-1.0257,-0.69052,-0.42947,0.18022,-0.8649,0.3687,0.28093,0.45502,-0.050016,0.78507,-0.20527,0.24259,-0.94788,0.26848,-0.94168,0.33808,0.46394,0.62384,-0.64046,-0.97359,-0.98854,-0.58013,0.7747,0.34462,-0.32099,0.84702,-0.024994,0.46484,-0.40544,0.0065538,-0.53282,-0.96301,-0.47886,-0.036537,-0.46257,-0.29886,0.18726,1.6227,-0.5645,-0.44382,-2.3659,-1.5054,-0.076997,-0.31211,-1.4923,-0.27104,-1.5206,0.8488,0.28336,0.56395,0.20577,0.61312,1.6321,1.3657,1.4551,1.0554,0.3401,0.86255,-0.70491,1.1022,1.1543,0.45229,0.84713,0.71497,1.0998,0.35844,0.86791,-0.12647,-0.68172,-0.79043,-1.1698,-0.3321,-0.72231,0.39143,0.53258,-0.01673,-1.9932,-0.73244,0.37054,-0.2412,-0.31477,-0.62032,0.029331,-0.82158,0.14635,-1.9001,-0.50391,-0.15111,-0.31181,-0.51333,1.1546,-0.39877,-0.53709,-0.76852,-0.12163,0.16587,-0.11891,-0.011393,-0.34427,0.32786,-0.24023,0.70214,0.62783,0.91178,-0.3709,0.36101
-0.64753,-0.90048,-0.68713,0.55626,0.15839,-1.6475,-1.6059,-1.6808,0.45815,-0.11982,-0.59942,-1.117,-0.576,-0.58234,-0.34825,-0.33882,-1.1693,0.10374,0.20709,1.0412,-0.1875,-0.21679,0.20805,-0.4994,0.095725,-0.64403,0.04784,0.054114,0.65864,-0.016539,1.4153,-0.745,-0.6213,-0.17404,0.18702,-0.57899,-0.43808,-0.35186,-0.026092,0.90619,0.53697,-0.8008,-0.091502,0.72603,0.73023,1.2879,-1.153,-0.041143,0.22593,0.7497,0.80451,0.10118,0.25929,-0.29743,-0.19957,0.91235,0.41975,0.40231,0.27076,1.4617,0.89107,1.1906,1.3897,-0.17528,-0.14271,-0.59872,1.4535,1.1651,0.94992,0.24055,0.18791,1.7506,0.64813,-0.19086,-0.017371,1.9502,2.368,2.0765,2.2471,0.86054,2.4934,1.3462,1.8274,0.88604,2.0982,1.8776,1.9782,2.3138,0.75929,0.085615,-0.31248,0.20229,2.5635,1.1738,-0.77544,-1.9744,0.3153,-0.46455,-0.21589,1.0463,-0.40297,0.39467,0.40028,1.4951,0.30334,-0.29106,0.74851,-1.203,-0.051802,-0.13962,0.25985,-0.27445,0.21732,-0.80608,-0.22301,0.22169,-0.25877,0.54365,1.0264,1.0848,-0.027214,0.14832,0.16039,1.3144,1.8444,0.4336,0.73671,1.0673,1.4537,1.8489,0.0056069,0.69247,0.092775,0.48286,0.79641,0.72875,0.31988,-0.52398,-0.95748,-0.51141,-1.2689,-0.6402,-1.4252,-0.66993,-0.78128,0.25423,-0.254,-1.2523,-0.11939,-1.2187,-0.43665,-0.31868,-1.3237,0.19497,0.033713,-0.76898,0.22334,1.0715,0.097012,-0.18804,-1.2853,-0.89769,-0.82201,0.1704,-0.78773,-1.4347,-0.57607,-0.70775,-0.20154,-0.4981,-0.43694,-0.87327,-0.72807,-0.81615,-0.60721,-0.75159,-0.42385,-0.64451,-0.75893,-0.29381,-1.1544,-0.74279,-0.067027,0.25749,-0.49146,0.17397,-0.45227,0.10345,-0.29438,-0.48868,0.68726,-0.15658,1.1204,0.47844,0.19372,0.34776,0.70948,-0.22836,0.55287,-0.0048849,1.4659,-0.20055,0.94029,-0.049928,0.59772,-0.20936,0.84226,0.91022,1.3792,1.1465,1.3758,1.3694,0.13065,0.9824,0.83617,1.0883,0.3257,0.44839,0.70377,-0.35781,0.12254,0.14631,-0.88049,-0.78761,-1.2169,-0.56071,0.0044025,-1.2982,-0.25712,-0.38104,1.0497,0.47676,-0.50421,0.64748,0.79653,-0.3349,0.61689,-0.28083,0.72339,0.32205,1.5037,0.39043,1.2028,0.52894,0.89075,0.95049,0.036491,-0.29597,1.0341,0.2251,-0.93601,0.3181,0.0014927,-0.60772,-0.23108,0.06416,0.035599,1.5866,0.45426,1.3608,0.69981,1.7735,1.3777,1.3201,0.40518,-0.1947,0.3204,0.48877,-0.29537,1.0388,2.6754,1.7947,1.6858,1.2029,0.78584,1.7206,1.5654,2.0466,2.2168,1.4447,1.1404,1.1668,2.042,1.6266,0.99737,2.3924,-0.929,-1.2401,-1.3583,-0.73227,-1.4766,-1.9957,-1.2623,-1.2663,-1.2858,-2.8904,-1.6449,-1.2679,-1.8501,-2.2885,-2.4314,-2.3391,-1.7815,-2.5537,-1.6706,-1.4127,-1.0871,-1.8961,-2.4936,-1.112,-1.3441,-1.3555,-1.4949,-1.7431,-0.68118,-0.20476,-0.32822,-0.14444,0.63267,-0.13274,0.40853,0.32015,0.24738,-0.30076,-0.33002,1.3005,0.097683,1.7211,0.21369,-0.29417,0.58533,0.1598,0.26079,0.093827,-1.3385,-0.71039,-0.018545,0.31273,0.18224,-0.31365,0.26369,0.12514,-0.72736,1.4359,-0.037353,0.5364,1.0649,1.3729,1.9294,1.66,1.4599,-0.20907,1.3148,1.5851,0.69293,0.34748,0.16307,0.68415,0.255,0.55537,0.18616,-0.26562,1.28,0.44022,0.51255,0.87569,0.55012,1.4475,0.80834,0.67864,0.37465,0.50386,0.18373,1.4323,0.756,0.27024,0.68401,0.05687,0.80281,0.46665,0.76487,0.6993,1.299,0.84389,0.23218,-0.053563,-0.31748,-1.3424,-0.57445,-0.074469,-0.45925,-0.30262,0.55303,0.88583,-0.19269,0.42993,0.42931,0.47488,0.77689,0.50615,0.94088,-0.3043,-0.63918,-1.1383,0.26074,-0.51076,-0.071685,0.40883,-0.69061,0.13426,1.1802,-0.48956,-0.36439,-0.14073,-0.19706,-0.20357,-0.096471,0.37378,0.041934,1.4146,2.023,0.33535,0.19022,0.71733,0.83889,0.91232,-0.92608,-2.3011,-2.7221,-1.8953,-2.2471,-1.8281,-1.9693,-2.4786,-2.8468,-2.1897,-2.8624,-3.0298,-3.251,-2.9294,-1.336,-2.3638,-1.8535,-2.0049,-2.1789,-1.2942,-1.8707,-2.3881,-1.644,-2.9575,-1.8755,-1.4814,-1.1213,-1.4931,-1.6668,-0.48628,-0.0048767,-0.13895,0.11656,-1.8127,-1.025,-1.25,-1.7183,-0.92127,-1.8447,-1.229,-0.9404,0.37603,0.055759,0.69835,1.1932,1.5319,0.12883,0.9194,0.40298,1.274,0.43427,0.73962,-0.25513,0.38601,0.031652,-0.38445,0.81997,-0.25317,0.31686,0.67506,0.11122,0.78016,-0.27792,-0.44882,0.62717,0.38732,-0.21493,-0.89848,-1.0417,0.28879,0.1573,0.24988,0.26688,-0.73149,0.26198,0.267,1.3516,1.0434,1.2291,1.2098,1.3814,1.0715,1.9703,1.0469,1.3138,0.40243,-0.054681,1.1525,0.92552,0.17734,0.29714,0.5984,-0.041628,0.25087,-0.45314,0.62119,0.021385,-0.27254,0.66223,0.83194,-0.30366,1.5745,1.7499,1.0285,1.6878,1.4176,1.7337,1.8391,2.5378,1.8851,1.192,-0.026491,1.4198,0.90619,0.3619,-0.038448,0.48684,0.33441,0.94219,0.47124,-0.0045174,0.42226,1.1295,1.139,1.2272,-1.6318,-0.98293,-0.16269,-0.42586,0.93811,-0.63251,-1.0738,-2.0586,-1.2622,-0.77257,-0.60715,-1.8145,-2.0753,-1.5692,-1.5059,-1.9961,-2.4719,-2.1901,-1.4002,-0.86083,-1.1477,-1.061,-1.5675,-1.1042,-1.1542,-2.29,-2.3409,-3.2334,-1.4002,-1.2377,-2.0128,-3.1584,-2.5693,-1.954,-1.8443,-2.2225,-2.0802,-2.7516,-1.7703,-2.0614,-1.85,-1.3232,-2.3879,-2.0405,-1.1343,-0.29617,-1.321,-1.7767,-2.152,-0.79068,-1.473,0.15743,-0.66551,-0.82871,-0.96797,-1.7016,-1.0497,-1.1579,-1.168,-0.31701,-0.23192,-0.98074,-0.90542,-1.4566,-1.4229,-1.5845,-0.84814,-0.62551,-0.78234,-1.9124,-1.5461,-1.0033,-1.0328,0.14937,-0.77688,-0.90993,-0.93733,-0.53668,-1.2012,-1.0787,-1.1951,-1.4126,-0.89867,-0.7628,-0.29922,-0.75453,-1.2941,-1.7907,-1.002,-1.0452,-1.3019,-1.8347,-0.68262,-1.4192,0.20831,-1.2091,-0.95638,-1.4624,-1.7386,-0.69295,-1.2305,-0.35638,0.11225,0.29153,0.18915,0.36841,-1.1022,-0.79497,0.73074,1.066,0.44389,0.97013,0.50833,1.0893,1.0089,0.28267,0.21631,0.51957,1.5326,1.4265,1.3137,-0.66682,-0.67039,0.34043,0.15014,0.52631,0.56807,-0.28765,-0.34075,0.72831,0.53463,-0.84901,-0.45472,-0.29439,0.1115,-0.36438,0.32822,0.070339,0.27078,0.8441,1.1175,1.3144,1.0446,0.47507,1.4485,1.4765,2.1729,1.4224,1.0505,1.9686,0.97083,0.54079,0.61822,0.13807,0.62777,1.1274,0.90183,0.79607,0.46015,1.1558,1.8291,1.2494,0.41124,1.0229,0.12752,0.29801,0.91092,0.55493,0.81747,1.8223,0.58454,2.0455,0.99963,1.5561,1.6014,1.7204,2.2687,1.9808,1.636,1.9219,1.1315,1.2709,1.1817,0.73109,1.191,1.1603,-0.076223,-1.0804,-1.567,-0.78846,-0.66661,-1.5665,-0.9347,-1.1753,-1.1597,-0.60342,-0.89437,-1.1335,-1.7609,-0.42666,-1.0723,-0.2269,-0.029205,-0.23788,0.70725,1.7094,1.5419,1.2767,1.2835,0.89717,1.0051,0.40963,0.77737,0.87928,0.93461,0.18877,1.5636,1.5737,0.88318,1.6965,0.1881,0.54572,1.1567,0.91559,0.45202,0.89449,1.2894,1.0403,1.4654,1.0232,0.49189,0.49906,0.81273,1.2074,0.93644,0.19755,0.99136,1.5675,1.9807,1.3037,0.82807,1.6261,1.6955,1.5092,0.34245,-0.19034,0.41043,1.0713,-0.25231,-0.13404,-0.49742,0.46441,0.80868,0.61682,0.50717,-0.11306,0.81309,0.90214,0.65171,1.4819,0.67225,0.56167,1.9997,0.99138,1.2757,1.3425,0.6805,0.38942,0.24628,-0.61229,0.063886,-0.56997,-0.0034392,0.47061,0.15196,-0.16544,-0.32747,-0.12462,0.033757,0.14544,0.10996,0.017999,1.3532,0.28851,1.1092,0.79311,0.35976,0.39055,-0.35191,-0.074692,0.11535,0.28191,0.17876,0.12263,0.15364,0.31563,0.48248,0.31174,1.0109,1.6476,0.39862,0.96503,1.1503,1.7786,0.99039,-0.57843,0.5269,0.67811,0.75336,1.6998,0.53818,1.8561,1.4263,1.5767,0.76645,0.9559,0.96678,0.89033,1.5998,-0.28829,-1.7685,-0.50194,-0.8711,-1.4602,-1.3139,-1.9028,-1.0818,-1.554,-2.0324,-1.9975,-2.8584,-2.7647,-2.41,-2.9826,-2.5268,-1.6044,-1.9889,-1.5833,-1.6451,-1.9128,-1.525,-1.3641,-1.5119,-1.1569,-1.7237,-1.9369,-1.4766,-1.3806,-1.7981,-2.1915,-1.5441,-1.3309,-0.61285,-0.65067,-1.1773,-0.77621,-1.0273,-1.063,-1.1014,-1.7127,-0.91639,-0.86571,-1.1252,-0.97229,-0.50371,-1.4399,-1.4475,-1.3587,-1.0292,-0.56659,-0.58426,-0.55635,-0.89932,-0.22761,0.070968,0.53028,-0.043525,0.36946,0.51067,0.18163,0.16094,0.3177,0.46561,-0.32362,0.21379,-0.4063,0.29265,-0.12969,0.42768,0.62705,0.90136,0.80353,1.0039,0.23651,-0.23101,0.087783,0.48615,1.1477,0.44963,0.72139,1.1873,0.63254,0.65476,1.6445,1.9119,1.5682,0.41063,1.4909,1.9878,1.5016,1.1948,1.0934,1.0912,0.84909,1.6251,0.18125,0.54832,0.97089,1.6472,0.89141,1.6541,0.35415,0.4945,1.3489,1.3606,1.2686,1.7292,0.54634,1.5035,1.9475,1.5358,1.5013,0.45858,1.0693,1.6337,0.963,0.83495,0.68191,1.2096,1.1232,2.451,1.436,2.6085,1.4115,1.3655,1.7779,1.666,1.254,0.70489,0.33807,0.52293,2.0344,1.2843,0.57034,1.4035,1.9231,2.4175,1.2508,1.5367,1.3463,0.64072,1.7521,1.3081,1.1628,1.3281,2.1099,1.6628,1.6227,0.65624,0.97385,1.5591,1.0216,0.42196,-1.1463,-2.5447,-2.7024,-2.0936,-1.6914,-1.2116,-1.7079,-2.6457,-2.9406,-1.0528,-1.1543,-1.4656,-1.5704,-0.89217,-1.5552,-0.9003,-1.5335,-1.2226,-0.5598,-0.69345,-0.28505,-0.87352,-0.87914,-0.54428,0.20477,0.14293,0.77578,-0.25732,0.54372,0.94104,1.6414,1.6138,0.028158,-0.12332,-0.58148,0.42725,1.2483,-1.1885,-1.2234,-0.43468,-0.035684,-0.15391,0.037978,-0.64867,-0.85125,-0.23631,0.67036,0.91176,-0.6821,0.45808,1.5014,0.58726,1.2114,0.29039,0.1311,0.72612,1.0168,0.74674,0.29244,-0.24733,-0.58909,-1.5411,-0.85781,-2.3673,-2.1095,-1.4376,-1.3436,-1.6285,-1.0055,-2.2724,-1.6867,-1.0528,-2.3625,-1.7054,-1.394,-1.3061,-1.0817,-0.86627,-0.87534,-0.94044,0.39014,0.78516,0.22289,0.21354,0.011615,0.97446,0.78378,0.35349,0.72775,0.531,0.55471,0.60322,0.85907,1.488,1.8181,1.4326,1.1849,1.1965,0.72678,1.1463,0.1647,-0.90742,-0.17085,1.0489,0.57788,0.89494,1.2574,0.12534,0.62566,0.52382,0.73823,-0.74257,0.11843,0.00014147,1.227,0.87255,-0.097983,1.6112,0.37707,0.21947,1.3894,0.099131,0.085307,0.8246,0.28154,0.28915,-0.83713,0.51118,0.30257,0.82183,0.80513,1.8074,0.40597,1.048,-0.019023,-0.011834,0.3147,0.40904,1.6069,1.7221,1.8181,0.21305,-0.94673,0.80045,0.4787,-1.2151,-1.0107,-0.88246,-0.55656,0.16043,-0.75929,-0.8503,-0.98455,-0.50292,-0.7654,-0.84397,-1.9137,-1.3433,-0.243,-1.228,-0.94351,-0.50701,-1.4514,-0.24548,0.047252,0.55669,0.55038,0.33506,0.38001,1.039,0.55604
1.0362,0.10297,-0.29909,-0.53924,-1.2316,-1.8135,-1.6682,-0.59605,0.1527,0.27542,-0.37419,-1.5729,-1.8491,-1.6845,-2.3635,-2.3266,-0.54961,-1.1072,-1.6752,-1.1394,-1.3156,-1.5917,-1.4058,-1.6902,-0.79012,-1.3565,-1.1585,-0.57895,-1.441,-0.94514,-0.67287,-0.64318,-0.8243,-0.38547,0.10012,0.1179,0.36444,0.78264,0.22076,0.037113,0.38261,1.1481,-0.25407,-0.24423,-0.58848,-0.65597,-1.4096,-1.2749,-1.6872,-1.3657,0.1915,-0.73464,-0.7695,0.28535,0.44923,1.2312,0.66125,-0.99062,0.18789,0.39634,0.72826,0.74841,0.71279,0.81408,1.98,1.0472,1.6088,2.2711,2.6658,2.6007,2.8646,3.0001,3.732,2.773,2.1989,2.1263,2.1514,0.95115,1.5559,0.29193,1.169,0.1953,0.72646,0.1814,1.0292,2.0342,1.417,1.8942,2.1042,0.37189,0.27659,-0.41881,0.19634,-0.43972,-0.31263,0.37128,0.4986,0.80908,0.78493,0.88839,0.96394,0.077242,-0.16856,0.98845,0.87963,0.95519,1.7152,0.41664,0.55302,0.15051,-1.3131,-0.49018,-1.121,-1.1819,-0.96697,-1.1568,-1.2053,-0.67554,0.024543,-0.26595,-0.66847,0.39833,0.38885,-0.47902,-0.51897,-1.0682,-0.20384,0.038615,0.31538,0.60223,-0.59706,-0.76857,-1.2085,-0.83192,-0.71002,-1.3179,-0.85907,-0.95166,-0.56819,-0.18275,0.0711,-0.16553,-0.4329,-0.12011,0.042605,-0.33534,-0.9855,-1.8079,-1.1337,-1.4579,-1.7874,-1.3017,-1.5299,-0.994,-0.40222,0.23527,1.1738,0.88228,-0.064674,-0.60841,0.40236,0.35026,0.65435,1.2688,1.3911,2.0646,2.0644,1.5468,1.6705,1.8312,1.4719,0.64556,0.8232,0.80508,0.74202,0.19404,0.78212,0.35247,-0.10691,-1.2376,-1.2647,-2.1315,-1.566,-1.5829,-1.1686,-1.0317,-1.3354,-1.3326,-1.1417,-0.44817,0.5914,-0.51285,-0.55117,-0.80388,-1.4513,-1.3642,-1.0265,-1.5478,-1.2881,-0.4158,0.3978,0.19446,0.56592,1.1502,1.3151,1.2789,1.2354,1.982,1.4838,1.4815,1.6017,1.5228,2.0341,2.9364,3.4703,3.2817,2.5322,1.0083,1.8997,0.53049,-0.15477,-1.4077,-0.85576,-1.2387,-1.0222,-1.8242,-1.1986,-1.4765,-0.76586,-0.49664,-1.5451,-1.3953,-0.32111,-0.42119,-1.1321,-1.5469,-0.62881,-1.4422,-0.97367,-1.7821,-1.0719,0.12866,0.2657,-0.20132,0.54375,0.11243,0.77517,1.0098,1.7588,0.52862,1.239,0.89709,-0.39338,-0.99751,-1.174,-0.60794,-0.26802,0.78579,1.9162,0.58651,2.2842,1.2256,1.3497,1.0966,2.0443,2.5707,2.4576,3.2839,1.9599,0.96866,1.2974,0.39609,0.28321,0.4411,0.48781,0.95269,0.65202,0.55622,0.11002,0.024259,0.56353,-0.18229,0.26805,1.2035,1.7512,1.1319,1.1341,0.74912,0.39778,-0.6468,-0.36075,-0.4418,-0.081138,-0.36416,0.3574,0.21073,0.20558,0.5182,0.013505,-0.14385,-0.14422,-0.24565,-0.1227,-0.080293,0.22295,1.0066,0.61735,0.94298,1.6118,0.6476,1.5882,1.0884,0.88476,0.92948,0.63341,-0.066042,1.8376,1.2508,0.80426,0.38864,0.46409,0.066968,0.040276,0.12914,0.059828,-0.0017642,-0.26432,0.59211,0.040117,0.10201,0.62574,0.13239,-0.26007,-1.2892,-1.5496,-1.2194,-1.8421,-0.70156,-1.3817,-1.1871,-0.63399,-0.96457,0.17527,-0.10568,0.74069,0.78928,0.030289,0.7149,-0.65267,0.22527,0.16616,-0.70916,0.17604,0.93025,1.8706,0.93208,0.19947,-0.83857,-0.88516,-2.2317,-2.655,-3.1599,-2.542,-2.2757,-0.64555,-0.84832,-1.4161,-1.7892,-0.68732,0.44697,-0.19366,0.36544,0.89859,-0.017231,0.66117,0.32362,0.59844,0.23255,0.49206,1.3877,0.55629,0.2533,0.81504,0.60509,0.88351,-0.12197,1.5018,2.5553,1.1761,0.88531,1.432,1.0405,1.4003,0.047613,1.4377,-0.15306,-0.36499,0.19507,0.48618,0.95714,0.75127,1.3444,0.80546,1.317,0.23216,0.48822,0.044793,0.56667,1.0033,0.45984,0.11127,-1.1126,-1.5855,-1.6969,-1.2256,-0.63151,-0.30478,-1.3998,0.17589,-0.66316,0.41366,0.30466,-0.077393,-0.51456,-0.60357,-0.69274,-1.8054,-1.0623,-1.6403,-1.992,-0.50218,-0.89646,-1.8119,-1.2765,-2.8712,-2.2053,-2.4601,-1.9553,-1.924,-1.5921,-0.84258,-0.071189,0.070975,-0.24509,-0.37646,0.017693,-0.78369,-0.58231,-0.78924,-0.50251,-0.44586,0.31209,1.2757,0.53497,0.93229,1.2015,0.529,1.1022,0.12101,-0.33448,0.38963,-0.54897,-0.58632,-0.37416,-0.24172,0.035969,-0.70168,-0.085869,-0.074512,0.31043,0.20597,-0.61653,-0.4738,-0.79186,-0.53638,0.36692,0.87638,1.1242,1.3129,0.92631,0.84349,-0.19639,-0.42232,-0.40627,-1.4391,-1.6366,-1.9641,-1.838,-3.1718,-2.2107,-1.8814,-2.2607,-2.064,-1.8116,-1.4021,-2.521,-1.5101,-0.70449,-1.1069,-1.0931,-0.93867,-0.44469,-0.12993,-0.29467,-0.14936,0.41213,0.27345,0.77791,1.28,1.2227,1.1716,1.5987,1.3653,0.27299,0.1689,0.3016,-0.91444,-0.78321,-1.0599,-1.1089,-1.9713,-1.6424,-2.2641,-2.4953,-1.6959,-1.8205,-1.6646,-0.31388,-0.25951,0.49729,0.45057,0.52053,0.25049,0.17155,0.88506,-0.0048364,0.61939,1.3886,1.6415,1.2431,1.0164,0.90538,-0.26433,-1.0234,0.46409,-1.3512,-1.6603,-0.9911,-0.429,-0.78288,-0.47419,-0.63185,-0.64128,-0.27192,-0.4661,-0.0079042,-0.025393,-0.17514,-0.40113,-0.27766,-0.16917,-0.39461,-0.066111,-0.9656,-0.77088,-0.73344,-2.2145,-2.0123,-1.3103,-1.357,-1.0933,-0.26772,-0.13446,-0.28894,-0.66846,-0.80423,0.37017,-0.54367,-0.30287,-0.18127,0.47794,0.8988,1.8332,1.7743,1.7965,1.5445,1.7816,1.3876,0.3465,0.61069,1.0878,0.7534,1.1364,-0.23319,0.097912,0.43422,-0.16601,-0.32267,-0.80108,-1.5875,-1.3811,-0.82802,-1.4192,-1.0717,-1.6109,-1.6212,-0.71121,-1.1002,-1.6444,-0.50743,0.66061,1.6088,1.6683,1.9012,1.6462,1.079,1.5678,0.19547,-0.31714,-0.78375,-0.77554,-0.65555,0.092886,-0.20253,0.19134,0.89654,0.20472,0.052367,0.40193,0.20386,-0.073487,-0.14622,-0.69637,-1.0505,-2.3787,-1.6142,-0.8497,-0.40866,-0.073552,0.67952,-0.11556,1.1765,0.0025162,0.35047,1.2332,0.11036,0.066825,0.55827,0.25077,0.38408,-0.87358,-0.94409,-1.3746,-1.2846,-1.0302,-1.1255,-1.5348,-1.0675,-0.81805,-1.2442,-0.57109,-1.4197,-0.25955,-0.86573,-0.63767,-0.68972,-0.46751,-0.16488,0.13414,-0.3319,0.40243,0.032652,-0.1558,-1.3289,-0.855,1.237,1.1847,1.3861,1.7631,2.5418,2.2982,2.6528,0.56903,0.40798,-0.53145,0.095093,-1.0993,0.54741,-0.55834,-0.020929,-1.2533,-0.17838,0.48938,-0.35036,-1.0614,0.070408,-0.22235,-0.52471,-1.0967,-0.76866,-0.012539,1.0825,0.15184,1.3222,0.70424,-0.37489,-0.60025,0.12729,-0.80941,0.25324,0.47607,-0.29122,-0.10273,-0.020188,0.99392,0.69795,0.73101,0.47578,1.9769,1.1776,0.43235,1.6173,2.4244,1.3899,3.2305,2.0703,1.9922,1.752,-0.12139,0.017148,0.2628,0.32513,-0.034897,0.77322,0.88307,0.71645,0.69504,1.0411,0.40013,0.80455,0.61625,0.53645,-1.1244,-1.3648,0.29051,-0.18302,0.24147,-0.1305,-1.3686,-1.801,-2.0353,-1.6606,-1.7971,-2.3402,-1.1639,-1.0828,-0.98336,0.36213,-0.11393,-0.010049,1.3263,0.35726,1.3653,1.1066,1.7818,1.019,0.3534,-0.3209,0.374,0.70922,0.92753,1.3876,0.25017,0.77692,0.094591,-0.51101,0.21121,-0.95677,-0.53404,-1.4234,-0.57728,-1.4972,0.40407,-0.59192,0.51955,1.1083,0.22546,2.5009,1.9815,1.3831,-0.54229,0.16417,0.91864,1.9006,2.2209,2.1431,2.1359,1.1516,0.7569,0.11267,0.33896,0.047834,-0.37914,0.68833,0.21078,0.36888,-0.68156,-0.24136,-1.0726,-0.16524,0.18729,-0.84252,-0.90695,-1.1481,0.54438,0.40845,0.40333,0.1042,1.9218,1.7434,1.8476,0.90084,-0.63524,-1.0176,-1.5196,-1.7713,-1.922,-1.9025,-1.4879,-2.1384,-0.87519,-0.87831,-1.9114,-2.5059,-1.1711,-0.82181,-0.71652,-0.045582,0.48056,1.0831,-0.37568,-0.27217,-0.75662,-0.20409,-0.1178,0.20393,0.1695,0.79082,0.046557,0.15431,0.2119,0.51636,0.84958,0.8891,1.2572,1.7605,2.1843,2.4788,1.4116,1.6812,1.2232,1.2778,1.3379,0.60233,0.61953,1.0498,1.1025,1.6492,1.9065,2.1901,1.4125,0.69482,1.4117,0.70814,0.46494,0.41348,0.15875,-0.27987,0.052405,0.10455,-0.54659,-1.03,-0.15105,-1.3169,-1.3185,-1.5427,-1.9049,-1.887,-1.4332,-2.0328,-1.37,-1.3946,-0.14047,0.2025,-0.087733,-0.282,-0.18606,-0.54557,-0.25183,-0.045243,-0.61504,0.068888,0.27303,-0.15662,0.20696,-0.3121,-0.029605,0.90103,0.77449,0.50375,-0.045789,0.82687,0.2031,0.096603,0.98568,0.28634,1.2983,1.2859,-0.34477,0.59777,0.70287,0.38919,0.41225,0.92068,1.072,-0.11996,-0.039372,0.85099,-0.051946,0.96058,0.51065,1.0339,0.90097,0.69106,-0.48052,-1.0196,-1.9003,-1.1546,-1.3633,-0.77452,-1.7818,-1.4397,-1.03,-0.68219,-1.111,-2.0374,-1.4403,-0.56281,-0.79236,0.28107,-0.32529,0.03063,0.35096,1.003,0.32583,1.459,1.1468,0.76352,0.081936,0.079764,0.71583,0.5137,0.81148,0.7934,1.7813,1.9556,1.2213,1.841,1.6324,1.7083,0.93979,-0.047034,-0.75358,-0.64326,-1.1308,-1.296,-1.4903,-1.1134,-1.1027,0.29568,0.59314,0.21202,-0.50428,-0.25934,-0.668,-1.6121,-2.0311,-1.3992,-1.0916,-1.2109,-0.69538,-0.20919,0.64648,-0.011762,0.7932,1.5401,-0.0021974,0.46552,1.0669,1.4334,1.1505,1.7561,2.6668,2.9435,3.6346,2.4445,1.5902,0.41854,0.34242,1.1454,0.25828,1.2076,0.36232,1.7398,2.2342,1.924,1.9794,2.221,1.1282,1.0848,0.49509,0.13534,0.55824,0.83646,0.83606,0.98374,0.98272,1.2309,0.31098,0.39666,0.70092,-0.10644,0.90125,0.071452,-0.017286,0.45794,-0.76667,-1.1584,-0.39407,-0.89741,-1.5188,-1.5917,-1.5456,-1.4827,-0.99862,-1.8737,-2.0042,-2.1492,-1.0824,-0.75295,-1.5541,-1.6901,-0.034262,0.34444,0.32522,-0.48705,-0.66329,-0.10425,-0.61002,0.15503,0.49805,-0.068758,-0.13967,-0.073332,0.69394,-0.016986,0.021477,-0.33044,-0.65144,-0.52528,-0.19476,0.025628,0.1341,0.28395,0.78889,0.452,0.4582,0.82105,3.3112e-05,0.093342,1.2575,0.49468,0.99281,1.4029,2.0036,2.6163,2.6135,2.783,2.6596,2.8039,2.8146,2.815,1.8088,-0.56369,-0.9816,-1.0979,-1.5046,-1.3833,-1.0359,-1.0603,-0.24858,-1.1196,-0.73488,0.86303,1.4672,0.52541,0.44579,-0.91881,-0.48246,-0.87972,-0.0041345,-0.79136,-0.63923,-0.69625,-1.5157,-0.91879,-1.7323,-0.55106,-0.4003,-0.094147,-1.0561,-0.6364,0.033537,0.17605,0.62826,0.41569,0.17312,0.0025996,-0.68881,-1.1061,-0.98197,-0.88002,1.0411,0.76059,0.72497,-1.2257,-1.0572,-1.0122,-0.6817,-0.87339,-0.78404,0.24117,0.50451,1.5283,-0.30011,-0.95402,-1.4915,-1.4539,-1.1317,-1.3014,-1.5602,-1.6772,-1.2446,-1.4553,-0.85542,-0.33009,-0.15454,0.30903,-0.16823,-1.8123,-0.83121,-1.6958,-1.6062,-0.36678,-0.34792,-0.35374,0.95268,3.4001,2.8558,1.9735,1.1748,0.99815,0.74318,0.2159,-0.56104,0.21005,-0.50071,-0.12454,-0.33452,-0.05056,-1.1818,-0.52,-0.29145,0.023029,-0.79731,-0.49473,-1.9,-2.0408,-1.6451,-2.2876,-2.5057,-2.1303,-1.7991,-2.5385,-2.3745
0.76055,0.8012,0.8293,0.051708,-0.094395,0.52578,-0.40073,-0.44931,-0.28138,-0.82776,0.50906,-0.64264,-0.56853,-0.41127,-0.73761,-1.1684,-2.0711,-2.1553,-2.1606,-1.574,-1.7345,-1.1234,-1.1205,-1.1109,-1.3771,-0.97434,-0.98888,-1.3223,-2.0951,-1.954,-1.59,-1.5823,-1.4996,-0.93218,-1.0916,-0.65184,-0.44011,-0.8487,-1.0677,-0.12579,0.33886,-0.0030238,0.57533,0.86905,2.1121,1.6985,2.3177,1.1632,0.84173,-0.36242,-1.1264,-1.7683,-2.6817,-2.5733,-1.5643,-1.0661,-0.47473,-0.019017,0.44311,-0.19536,0.14138,-0.71032,0.0086457,-1.222,-0.68007,-0.12196,0.29578,0.33026,-0.039558,-0.24121,-0.14842,-0.72635,-0.25015,-0.14996,1.0766,-0.18042,1.2182,1.3546,1.5265,-0.15288,1.3284,0.42995,0.066719,-0.53078,-0.4615,-0.36235,1.7564,1.4545,2.4987,1.8027,1.7089,1.7433,1.4496,1.5296,1.5184,0.44847,0.10833,0.044466,-0.00081888,0.36144,-0.13887,0.58781,1.0474,1.0902,0.073979,1.0745,1.7941,1.3361,1.2298,1.4238,1.374,1.579,0.85893,0.28114,-0.15594,-0.54207,-0.7676,0.47745,0.2192,1.2961,-0.049575,0.48894,0.89479,0.95727,0.83961,1.1482,0.45268,1.1891,0.68701,0.64609,0.78297,0.57421,0.34139,0.88293,0.37031,-0.12922,0.57569,-0.86119,-0.40942,-1.8728,-1.284,-0.65414,-0.57449,0.19255,0.14758,0.50857,0.15998,-0.20103,-0.1562,-0.018542,-0.75377,-1.9828,-1.5288,-2.0662,-1.9706,-1.9842,-1.3832,-1.1349,-2.1292,-1.5782,-1.249,-1.8113,-1.5782,-0.16327,0.055968,0.27993,-0.21755,1.09,1.0557,1.0208,2.5622,1.8188,2.0712,2.2487,1.5775,1.6861,1.5156,1.6033,1.7107,1.5281,2.3662,1.7137,2.6606,2.1767,1.9462,1.9212,2.8307,1.7793,1.5635,1.8753,2.0026,1.5952,2.0914,1.9711,1.7644,0.68639,0.023288,0.092037,0.15198,-0.91841,0.26192,-0.064043,-0.13959,0.24956,0.24193,-0.079565,-0.25455,-0.001455,-0.68788,-0.63224,-0.75723,-0.78142,-0.82031,0.12314,0.0013479,-0.24744,0.1066,0.034025,-0.18974,-0.21504,-0.082768,-0.55784,0.12115,-0.19474,0.17963,0.57926,0.53815,0.24724,0.43903,0.55516,1.1719,0.24961,0.57575,0.92962,1.3515,0.80189,0.33855,1.1027,0.37376,0.66284,1.3864,0.089956,-0.32511,-0.61012,-0.87313,-0.50564,-0.45904,-1.1702,-0.37528,-0.58794,0.45784,0.47534,-0.18402,0.44176,-0.25689,0.63172,-0.33092,0.55258,0.14861,0.85506,0.87426,0.050072,0.50714,-0.59683,0.13216,-0.40228,0.075987,1.5255,0.60287,-0.4029,0.34262,-0.19575,0.11082,0.2783,0.47269,0.77112,0.49993,0.91704,0.13308,0.25821,-0.12139,-0.96266,-0.46552,-0.36329,0.64208,0.13085,1.2728,0.1833,-0.29384,-1.1335,0.216,-0.25745,-0.10648,-0.68779,-0.70957,-0.2585,-0.28524,-0.33498,-0.44269,-0.59463,-0.21372,-0.45125,-0.35337,0.28227,-0.036517,0.17692,0.90628,1.0447,0.66645,1.136,0.32332,-0.29181,-1.2911,-1.6607,-1.3114,-0.45642,0.072062,-0.55255,-0.74556,-1.2352,-1.328,-1.1597,-1.4499,-0.84603,-0.7865,-0.093694,-0.69023,-0.68798,-0.21055,-1.2499,-0.68167,-0.90458,-1.3566,-1.0149,-0.70231,-0.87271,-0.52623,-0.18315,-0.82069,-1.8843,-1.4425,-2.2801,-1.2428,-1.8106,-1.1076,-0.28152,0.35142,0.86044,-0.1838,-0.87026,-1.3976,-1.6032,-1.0864,-0.87896,-0.21158,0.27969,0.95809,0.97381,1.1179,1.8353,0.64338,-0.36955,-0.72844,-0.69947,-1.2989,-1.5704,-0.96973,-0.62889,-0.77505,0.99048,1.3716,1.5064,1.6707,2.8094,2.8579,1.6948,1.7176,0.17275,-0.97511,-1.004,-0.74342,0.096417,-0.039177,-0.63254,-0.22728,-0.71978,-1.1022,-0.47339,-0.51711,0.23769,1.1773,0.547,-0.026361,-0.71021,0.14475,-0.85919,-1.0757,-0.75418,-1.1316,-0.62046,-0.17239,-0.41307,-0.44146,-1.0031,-0.87821,-0.60757,0.18924,-0.62375,-0.022207,0.80269,1.3754,1.4889,1.8071,1.1846,0.79988,0.65823,0.80009,0.4221,-0.067129,-0.075096,-0.0058738,0.24478,0.45182,0.53276,0.63502,-0.18163,1.0474,0.54211,0.11801,-0.83275,-0.30877,-0.52312,-0.79995,0.078554,-0.16593,-0.29967,0.34947,-0.011992,0.50177,-0.74912,-0.61095,-0.056888,-0.48414,-0.56702,-0.9225,-0.22069,0.086986,-0.61079,0.31198,-0.59103,-0.92449,0.51952,0.086593,-1.4237,-1.1203,-1.2923,-1.3247,-1.3376,-1.5181,-0.97384,-0.31676,0.88295,2.0449,1.1217,1.1926,1.2264,1.5621,0.34819,-0.48317,-1.0983,-1.1279,-0.69272,0.38841,-0.090832,-0.66779,-0.31315,-0.044321,-0.096369,0.070288,0.7792,0.4368,0.12877,0.47592,0.39127,-0.21449,-0.32833,0.071816,-0.60909,-0.73266,-0.80763,-0.34191,0.27462,1.0898,1.0985,0.92447,0.37419,0.92731,1.7239,1.1576,1.0296,0.43694,0.72917,0.31161,0.022709,0.057362,-0.0524,-0.22052,-0.13089,0.12609,0.23702,0.79632,0.91291,1.3537,1.6119,1.1143,1.1619,0.11445,0.96231,1.0324,0.6849,0.15831,0.55939,0.20301,0.1357,0.033091,-0.43706,-0.84678,0.37404,-0.38858,-0.2417,0.29757,-1.4827,-1.662,-1.053,-0.76205,0.051036,-0.62559,-1.0594,-0.23669,-0.1128,-0.10433,-0.52157,-0.72097,-1.7917,-0.81097,-1.3752,-0.8836,-1.2766,-0.19948,0.72781,0.32965,-0.7605,-1.1662,-0.90151,-0.72552,-0.39558,-0.50595,-0.81721,-0.82555,-1.4486,-1.5879,-0.95221,-0.921,-1.1317,-0.87679,-1.2367,-1.5822,-1.6528,-1.1351,-1.4744,-1.0617,-1.495,-1.1501,-0.48905,-0.26372,0.39357,1.3751,1.0792,1.7748,0.76314,2.3149,1.8225,2.1604,1.4734,1.0435,0.86055,1.0577,1.596,1.1098,1.0974,1.6055,1.5376,1.687,-1.0851,-0.41515,-0.78581,0.63662,1.405,0.97313,0.41772,0.58725,0.7774,0.85691,1.0532,0.009013,0.38889,-0.77331,-0.73801,-1.032,0.53929,-1.0628,-0.52548,-0.11447,-0.88115,-1.623,-1.5851,-1.3665,-2.0279,-0.81995,-1.9385,-2.5053,-2.2494,-2.9731,-2.5007,-1.8515,-1.5195,-1.41,-1.6486,-1.0609,-1.0922,-0.68726,0.64743,0.11312,-0.89905,-1.3879,-1.6512,-1.8838,-2.0707,-2.3522,-1.096,-0.60608,-0.15885,-0.53828,-0.54669,-0.54308,-0.92095,-1.6277,-1.9284,-2.4391,-1.8238,-1.1227,-0.34227,-0.89578,-0.16595,-0.83852,-1.0235,-1.7499,-2.2053,-3.1144,-2.2572,-2.2999,-1.4392,-1.2215,-1.2522,-0.45894,-1.0942,-0.5173,-0.85097,-0.52079,-0.53667,0.34303,0.19564,0.57318,-0.084173,0.38073,0.065435,-0.13653,-1.0795,-1.2074,-0.18364,0.14095,-0.50903,-0.45829,0.027005,0.1935,0.01327,-1.4529,-0.12477,-0.63392,-1.3527,-0.88304,-0.12398,-0.51561,-1.1696,-1.4798,-1.6585,-1.3269,-0.52846,-0.70098,-1.1247,0.086074,-0.25114,0.2502,0.47487,-0.47311,-0.97549,-1.6206,-1.8084,-1.9974,-1.5763,-1.4758,-0.61011,-1.7232,-1.1759,-0.91602,-0.92416,-0.58036,-1.1711,-0.75772,-0.35213,0.26613,0.54447,1.4797,2.0699,1.489,1.7485,1.2481,1.2944,0.41171,-0.077054,1.0362,1.2107,1.0743,0.78912,1.4876,1.8338,0.97898,1.3966,0.90735,0.48818,0.27203,0.51297,0.556,0.021575,-0.83876,-0.37231,-0.36303,0.64938,-0.029398,-0.51612,-0.77422,-0.61506,-0.58222,-0.021513,0.42767,-0.42028,0.97496,0.71733,0.25051,-0.73541,0.39742,0.18613,-0.37046,0.21609,-0.019474,0.60746,0.13438,0.36992,0.86299,0.70419,1.0247,0.9686,1.0102,1.2974,1.6622,1.0012,0.80438,0.70659,0.71939,0.88072,0.12194,-0.25485,-0.29825,0.27304,0.46614,1.482,1.2824,0.71971,0.85766,1.0698,0.23616,0.79545,0.62541,0.79792,-0.0942,0.10767,-0.23838,-0.90906,-0.76741,-0.82326,0.10048,-0.55644,-0.17503,-1.1276,0.20144,0.012808,-0.49362,-0.38731,0.051724,-0.48112,-1.3117,-0.70592,-0.90591,0.073776,-0.16397,-0.17318,0.19855,-0.063134,0.55475,1.0887,0.90182,0.0599,-0.1957,-0.75269,-0.18702,0.16079,0.021425,-0.31138,-0.1966,-0.1652,0.37812,0.097382,-0.35766,-0.88698,-0.74283,0.48973,0.91872,1.0916,1.3651,1.5142,2.0667,2.1514,1.9671,2.1763,1.7058,1.9434,1.5965,2.0525,0.030601,-0.038081,0.87171,-0.080521,-0.83545,-0.75559,1.207,1.1607,0.41255,1.4058,0.96046,1.0528,0.26331,0.67591,0.68127,-0.087358,0.88285,0.88084,0.27483,1.3874,1.2098,1.1525,1.0973,1.1351,0.41782,0.19936,0.063357,-0.49101,-0.68357,-0.94836,-0.84877,-0.6464,-0.85218,-0.89743,-0.6101,-1.0102,-0.32703,0.17608,-0.39747,-0.59553,-0.40535,0.058221,-0.079979,0.042123,0.0068745,1.1249,1.4571,0.77098,0.65361,0.68724,1.6071,1.5464,0.72319,0.8644,0.38962,1.2037,1.0152,0.23653,0.19687,0.77749,0.013403,0.068252,-0.19835,0.2722,0.50858,1.0519,0.95118,1.0798,1.3485,1.6883,2.1541,1.8374,-0.25818,0.53719,-0.34175,-0.16751,-1.3797,-1.5345,-0.58372,-0.42596,0.449,1.0498,-1.0179,0.19253,-0.30488,2.2584,1.7553,1.6344,0.84948,1.3087,1.4515,0.86142,0.12835,0.99246,1.0245,1.3766,0.97708,1.5435,1.2582,1.4435,2.0036,0.5594,1.5309,0.22524,-0.11327,-0.79011,0.43618,0.48117,-0.42196,-0.20275,-1.2021,0.036181,0.041693,0.30362,-0.20595,-0.37204,0.74324,1.2785,1.6763,1.476,1.6039,1.2144,0.67116,0.54819,-0.039683,-0.99522,-0.29496,-0.57792,-0.28793,0.79274,0.12131,0.18261,0.12926,1.1667,0.51791,0.13473,0.19024,0.10624,-1.3269,-0.9108,-2.2793,-1.8138,-1.6234,-0.88043,-0.84286,-1.3254,-0.814,-0.68239,-0.073583,0.50313,0.38491,0.79607,0.8223,0.83775,1.5959,2.0107,2.7687,2.0911,3.2023,2.2774,2.1245,0.9385,-0.13136,-0.16367,-0.89989,-0.069853,0.84694,-0.081376,-1.0833,-0.48846,0.24454,-0.73329,-0.15247,-0.83786,-1.8241,-1.6689,-1.2099,-1.6312,-0.7986,-0.8273,-0.58954,-0.052897,0.34436,0.16105,0.44382,0.058894,-0.092245,0.49069,0.30292,0.30813,-0.52256,-0.1668,0.14323,-1.1434,-1.6439,-2.0162,-1.5902,-2.1392,-2.3928,-2.4078,-1.5143,-1.4551,-0.34629,-0.73418,-0.49014,0.4914,0.76847,0.8581,0.074311,-0.03164,-0.22119,0.9449,0.35841,-0.27221,-0.14223,-0.57413,-1.5308,-2.0591,-1.9556,-1.8939,-3.0333,-2.4495,-2.4754,-0.92319,-1.6274,-0.64986,-0.25382,-0.21568,-0.29158,-0.5717,-0.50124,-0.83044,-0.13488,0.55196,1.1182,0.78303,1.2799,1.4579,1.0056,1.1928,0.24342,0.26143,0.6276,0.20115,0.67783,0.038382,-0.60707,-0.57757,-0.62975,-1.1663,-1.47,-2.4688,-2.335,-2.3656,-1.805,-2.3718,-1.0263,-0.089749,1.4589,-0.053198,0.32163,0.22038,1.8079,1.3052,1.8598,2.3234,2.0403,1.0342,1.1813,0.89753,0.79132,-0.74838,-0.83242,-0.7371,-1.1444,0.87268,1.1745,1.5568,1.0864,1.3959,0.68655,0.24325,-0.45298,-0.62593,-0.6067,-0.15168,1.1431,-0.25165,-1.5187,-1.2118,-1.4627,-1.4842,-0.77035,-1.3935,0.32784,1.9156,1.6231,1.5993,0.49843,-0.43525,-0.74711,-0.30599,-2.8299,-1.9185,-1.3346,-1.6577,-0.99051,-0.45648,-0.42226,0.21418,0.56207,0.061791,-0.50229,-1.7298,-0.59749,-0.96054,-1.016,-0.92449,-0.84793,0.92812,1.8383,1.9926,0.93093,0.4485,0.15921,0.63442,0.40591,0.51404,0.59607,-0.014377,0.56021,0.94421,-0.10788,-0.12179,0.00048126,0.96847,0.65368,0.91872,0.77185,0.94144,1.1814,0.83334,0.48098,-0.35444,-0.02541,-0.79271,-0.34585
-1.4905,-1.5419,-2.1193,-1.6668,-1.2323,-1.4182,-1.4042,-2.0215,-0.44009,-0.84515,-0.28382,-0.97189,-1.1721,-0.894,-1.0853,-1.6379,-1.9644,-1.1893,-1.3789,-0.76199,-1.6569,-1.6086,-0.81816,-1.0197,-1.0143,-0.90679,-0.8337,-0.84343,-0.67796,-1.538,-1.3102,-1.2586,-0.66344,-0.88756,-0.19567,-0.37156,-0.97115,-1.0563,-0.32017,-0.60404,-0.12411,-0.75175,-0.47533,-0.3031,-0.043355,-0.019106,-0.75866,-0.084916,-0.54461,-1.2174,-0.0061316,-0.042842,-0.51281,0.48704,0.060231,0.19167,0.90317,-0.61777,0.28821,-0.49453,-0.71974,-0.16402,-0.17737,-0.054798,-0.33514,0.50484,0.4378,0.32631,0.22203,0.4631,-0.044096,0.30075,-0.5921,-1.0329,-0.68998,0.56851,1.14,0.31717,1.1061,1.1412,0.91636,0.14279,0.75945,1.2689,1.0945,0.57776,0.82366,0.38058,-0.71793,-0.91456,-0.89136,0.12984,0.52131,0.88702,0.96436,0.45702,0.53274,0.49286,-0.27068,-0.054567,-0.20034,-0.5717,-0.052845,1.3016,0.83592,-0.012474,0.43014,0.20913,-1.0524,-0.74066,-0.51784,-0.86016,-0.38199,-1.7209,-0.42905,-0.96537,-0.091192,-0.37744,0.28515,0.61072,-0.090335,-0.51787,-0.77424,-1.2906,-1.0984,-1.1054,-1.4878,-1.156,-1.6139,-0.86766,-0.44369,-0.35282,-0.14864,-0.31256,-0.061421,0.054139,1.1258,-0.053596,-0.20838,-0.39153,-0.38573,-0.99345,-1.3583,-0.81701,-1.3128,-1.943,-1.4861,-0.97802,-0.93897,-1.4244,-1.4182,-1.1251,-1.338,-0.84676,-0.1051,0.016194,0.62922,1.0575,0.45942,1.1648,1.3111,1.6752,1.9786,1.9405,1.9533,1.3358,0.78604,1.3441,0.91921,1.1823,1.351,1.4853,1.1417,0.85224,0.70172,0.013596,0.36496,-0.13079,-0.26552,-0.76143,-0.56775,-1.0756,-0.57972,-0.76082,-1.0601,-0.2152,-1.1862,-0.7679,-1.0511,-1.1974,-0.94044,-0.94262,-0.59967,-0.86081,-0.78744,-0.80822,-1.1341,-1.2203,-1.0282,-0.95845,-0.80692,0.011325,0.21644,0.069018,0.14036,0.81079,0.50601,0.24161,0.5648,0.40136,1.487,1.4145,1.7314,1.495,1.2812,1.4944,1.4842,1.1183,0.77033,1.1918,0.47583,0.2158,0.29258,-0.10206,-0.15587,-0.33413,-0.92966,-0.91029,-0.46954,-0.8755,-1.3012,-0.56064,-0.27315,-0.018882,-0.89366,-0.37155,-0.89913,-1.1499,-1.4455,-0.86128,-0.94932,-0.1628,0.80583,0.32677,0.69125,0.37867,0.0889,0.61866,0.30336,0.56155,0.091181,0.30413,0.019754,0.23216,0.49312,1.2421,0.98217,1.6825,2.1133,1.2867,0.89008,0.56674,0.56308,0.31771,0.48293,0.91326,1.3565,0.78433,-0.45113,-0.065756,0.25831,0.096117,0.40032,0.84898,-0.055778,0.099343,-0.24564,-0.49731,0.018659,0.024923,-0.41871,1.0741,1.0102,1.0988,1.4698,1.042,1.9259,0.72267,-0.20497,-0.99151,-1.5315,-0.95022,-1.4049,-0.61446,-1.7584,-1.6027,-2.2219,-1.8601,-2.3031,-1.8034,-1.5099,-0.96,-0.78733,-0.73557,-1.2251,-1.0236,-0.9263,-2.1149,-1.0688,-1.1267,-1.5055,-0.9096,-0.46882,0.05191,0.3423,0.33087,0.21897,0.64959,0.71457,1.0124,1.1196,0.68071,1.581,1.2308,1.5063,1.7121,1.3208,0.049821,-0.39519,0.28631,0.012648,0.046926,-0.43512,-1.4965,-2.1322,-1.7562,-2.2388,-1.6552,-3.1817,-1.0971,-0.32444,-0.69839,-0.073212,0.090822,-0.44543,0.24712,0.91122,0.33414,1.0712,0.62137,0.54098,1.5092,1.7093,1.3297,1.3444,1.4622,0.53241,0.079285,-0.25258,-1.0276,-0.91592,-0.3545,0.61505,0.53558,0.9407,1.185,1.0863,1.2187,0.89682,1.2949,1.7254,1.1751,1.3527,1.5023,0.79466,0.98071,1.4593,1.4543,1.4917,1.5061,1.4599,1.0346,1.7711,1.4614,1.4811,1.3533,0.83203,-0.14223,-0.4952,-0.73949,-0.83824,-0.28319,0.51334,-0.11402,0.30379,0.64757,0.86252,1.1418,1.3913,1.0117,1.3841,1.2679,0.32434,0.7092,0.93376,0.92921,0.55581,0.28871,0.77698,0.83706,0.29151,-0.27259,-0.44002,-0.98062,-0.64603,-0.75223,0.2758,0.016964,0.46953,0.21257,1.3911,-0.20481,-0.065332,0.18408,1.2822,0.68523,1.3849,0.21505,0.18959,-0.23956,-0.74163,-0.96166,-1.813,-2.0772,-2.2948,-1.6261,-1.2061,-1.4798,-1.0658,-0.88839,-1.4841,-1.3368,-1.8868,-1.3571,-1.7771,-1.8398,-1.1159,-1.4996,-1.2725,-0.75043,0.20083,0.032007,0.15073,1.475,0.97333,0.96476,1.996,2.2997,1.4562,1.7187,0.45259,1.3377,-0.08505,-0.073838,-0.11021,-0.12815,0.14012,1.0627,1.924,2.6407,2.3387,2.1513,2.235,2.4273,2.338,2.6227,3.1889,2.6026,1.9497,1.0173,0.39824,-0.23438,-0.72469,-1.6093,-1.7461,-1.0488,-0.81963,-1.4896,-1.9763,-2.455,-2.1598,-0.9987,-1.2309,-1.4524,-0.95942,-0.27765,-0.41315,-0.59585,-0.98941,-0.84045,-0.44868,0.17522,0.18373,0.27904,0.73714,1.2962,0.98969,1.4201,1.4156,2.1304,1.6463,2.032,2.3337,1.6492,1.1615,0.35182,0.22242,-0.94026,-0.99628,-1.2463,-0.67679,-1.0273,-0.68517,-0.34007,-0.46691,-0.39983,-0.30265,0.47541,0.41612,1.1249,0.73658,0.87403,0.71748,0.51858,-0.43525,0.66391,-0.40659,-0.42862,-1.4767,-1.0057,-1.8393,-0.74058,-1.0398,-0.64972,-0.4174,-0.46054,-0.70795,0.12089,-0.76968,1.5641,0.70212,-0.18396,0.047956,0.03763,0.66744,-0.49364,0.43818,-0.87949,-0.81533,-0.86827,-0.89099,-0.47452,-1.3046,-0.73836,-1.6799,-2.2631,-2.2173,-2.4816,-2.0391,-1.7976,-1.2392,-0.72811,-0.60382,-0.74494,-0.73397,-0.43746,-0.7115,-1.172,-0.78106,-0.11738,-0.15058,0.043715,-1.1254,-0.66493,0.53926,-0.16584,-0.33899,-0.17853,0.36579,0.61505,-0.18698,0.48491,1.2811,0.72882,1.3376,1.1082,1.2855,-0.046702,0.10309,-0.82321,-1.2186,-1.1835,-0.82468,-0.041892,-0.52808,0.30328,-0.24546,0.29816,0.99767,0.90102,1.8732,1.3449,1.9375,1.5974,1.5592,0.68299,0.3152,0.012999,0.070455,1.1222,0.47699,0.29946,0.59969,1.7873,2.3379,1.9854,1.3785,1.4826,1.6106,1.7445,1.1783,0.95541,1.0601,-0.049134,0.066701,0.36961,0.82627,1.1447,1.1628,1.4264,1.9387,2.0962,0.65557,1.4183,2.003,2.2114,1.6005,0.83,0.40839,0.13756,-0.87922,-0.61117,-0.75125,-0.094762,0.41877,0.020846,1.298,1.0591,1.4779,1.1383,0.32863,1.5891,1.7977,1.9243,1.6544,1.733,2.0274,2.2016,1.8509,2.6117,2.2805,1.968,1.4204,1.3633,-0.18865,0.24392,-0.30259,-0.44593,-1.4869,-0.56582,0.17906,-0.60101,-1.0988,0.17751,0.36179,0.08583,0.59318,0.36875,0.8965,-0.085049,0.37951,0.53611,0.076045,1.3514,1.1699,0.54716,1.7412,2.0883,1.5919,2.2149,1.9978,1.977,2.8183,1.6401,1.1766,0.62801,0.29069,0.56272,0.59916,1.2101,0.95673,1.6856,1.7346,1.8728,1.2114,0.9166,0.96613,1.4003,1.3783,0.080705,1.13,0.32112,0.3414,0.10003,1.0219,-0.49911,0.71669,0.89627,1.3539,-0.34129,0.98286,1.137,0.43698,0.96864,0.31714,0.6534,-0.049857,-1.1661,-1.5504,-2.0566,-1.9612,-3.8745,-3.0296,-3.1245,-2.5126,-3.0029,-2.1524,-2.3366,-3.0154,-2.7453,-2.0972,-1.7387,-2.0166,-1.5267,-0.057417,-1.0452,0.46957,0.22912,0.67731,0.69934,-0.088032,-0.39814,0.22408,0.30793,0.37604,1.1893,1.1502,1.9428,2.1461,2.5806,1.8682,1.5993,1.5894,1.2411,0.34336,0.41644,-0.052855,0.35468,0.71383,1.1306,1.335,1.2949,0.70239,1.8791,1.8855,2.153,1.8981,2.1601,2.222,1.7713,1.688,1.1985,1.4924,1.327,1.3562,1.9456,0.49798,0.3057,0.063977,-1.103,0.15325,0.0026301,-1.1694,-0.25207,0.1333,-1.1414,-0.72071,-0.71109,-0.25426,0.033682,-0.22367,0.18749,1.0725,0.49311,0.9264,0.81075,1.3053,1.9293,1.8482,1.8543,1.9255,-0.052743,-0.39327,-1.5793,-2.6261,-2.8454,-2.2819,-1.6857,-1.655,-0.74149,-1.3044,0.59042,1.0404,0.76861,0.4081,0.3051,-0.006941,-0.19753,-0.41711,0.19175,-0.18188,-0.21142,-0.54628,-0.59031,-0.34566,-0.14976,0.58348,0.70927,-0.45875,0.89083,2.0012,1.0534,1.341,2.4059,2.7809,1.982,2.34,2.1052,2.5722,2.0156,1.9047,1.6687,2.7948,2.8636,3.0265,2.827,2.5027,2.3282,2.5486,1.7453,1.0834,0.043366,0.14277,-0.82143,-1.3898,-1.4963,-1.4454,-1.7855,-2.1596,-2.6501,-1.9457,-2.1562,-2.9235,-2.2279,-2.8273,-2.4593,-2.7602,-2.9116,-3.0127,-2.7293,-2.7219,-2.865,-2.8793,-2.034,-2.5044,-2.252,-2.0647,-2.05,-1.9524,-1.605,-2.0716,-2.2979,-2.1131,-2.0722,-2.222,-1.9067,-1.816,-2.029,-1.8273,-1.5903,-1.8775,-1.1809,-2.0494,-1.9286,-1.9536,-1.4963,-2.6539,-1.84,-1.2818,-1.8004,-1.1717,-1.3519,-1.3,-0.70538,-0.20944,0.35297,0.44241,0.27431,1.1153,0.29606,0.010472,-0.8968,-1.0438,-0.36338,-1.8378,-1.3126,-2.1855,-0.68643,-0.44826,0.26616,-0.79263,0.36628,-0.54343,-0.60715,-1.6631,-0.45067,-1.007,-0.095675,-0.12968,0.0058993,-0.23378,0.79553,-0.34309,0.75502,0.70369,1.0875,0.57809,0.50854,0.40872,0.70565,0.6984,0.3078,0.69404,0.98944,1.2466,1.3934,1.0293,0.25504,-0.31582,0.18455,-0.86584,-0.48193,-0.98984,-0.86326,-0.7129,-0.40149,0.028463,0.24456,0.27725,0.52285,-0.0093402,-0.2705,-1.0371,-0.13735,0.19195,0.40133,1.1509,0.52485,1.5864,1.2823,1.1695,1.0476,1.8949,1.7234,1.4737,1.6649,1.2426,1.7975,2.6795,1.8586,1.529,1.3627,0.77013,-0.20592,0.31955,0.90809,1.1683,1.6629,0.32589,1.1737,0.6975,1.2928,1.1323,0.77734,1.874,1.6681,2.4705,2.3812,1.8174,1.5128,2.0945,1.4882,1.5448,1.1936,2.4233,0.76434,0.80598,-0.099678,-0.10464,0.28291,-0.51211,-1.4223,-1.6124,-1.5541,-1.2889,-1.6332,-1.4636,-1.5838,-2.5227,-2.1749,-1.3828,-0.94552,0.0036684,-0.086259,0.5881,0.1863,-0.49099,-1.3523,-0.54536,-1.0231,-0.68,-0.60541,0.25778,0.3312,1.3155,1.5853,1.5941,1.724,1.8519,1.7806,2.5018,2.5542,1.7777,1.467,0.54335,0.46434,-0.050965,0.025067,-0.26505,-0.38562,0.98629,0.45734,0.3005,0.74853,0.7672,1.6479,1.3989,0.74588,1.0404,0.48535,0.91407,0.75112,0.53701,1.0728,0.039085,-0.42289,-1.7517,-2.4721,-2.1748,-2.2383,-2.3585,-1.8786,-1.9953,-1.5884,-2.817,-1.8137,-2.1521,-2.3318,-0.86152,-1.4433,-1.2317,-0.66134,0.03581,0.32067,0.12748,0.99526,1.3415,1.5611,0.52282,0.68019,0.45994,1.4872,1.7192,1.4665,1.7458,1.9198,1.799,1.524,1.7586,2.0656,2.6974,1.9769,0.80058,1.2431,1.2466,0.51212,0.63177,0.55584,0.48492,0.031402,0.3332,0.87386,0.66357,0.20224,-1.0621,-1.6525,-2.9313,-1.6704,-1.0625,-1.0584,-0.17806,-1.03,0.73466,-0.94299,-0.02073,-0.6676,-1.0988,-1.1322,-0.6537,-1.1047,-1.0494,-1.0819,-1.3525,-1.0689,-1.1722,-0.85693,0.22692,1.4015,1.0276,2.1812,0.9742,1.5274,1.2334,0.7704,1.3807,0.82719,0.038363,-0.86783,-1.6083,-2.7712,-2.7396,-2.2979,-3.388,-1.7905,-1.6824,-2.4058,-2.1602,-2.5356,-1.6965,-1.8484,-2.3202,-2.4328,-2.3057,-2.4443,-1.5333,-2.4693,-1.7221,-1.0574,-0.98037,-1.319,-1.2002,-0.82515,-0.72019,-0.39255,0.17916
-0.33517,-1.6964,-1.0471,-0.86201,-0.53319,-0.65342,-1.3425,-0.30683,-0.19177,-0.10905,-1.4962,-0.4194,-1.8655,-0.81661,-0.82629,-1.7081,-1.5525,-0.60271,-0.8394,-1.1122,-0.9879,-1.2998,-0.41816,-1.5213,-1.4823,-0.30197,-1.4626,-1.0172,-0.85719,0.060776,-0.63509,-1.8136,-1.5153,-1.3397,-1.1594,-0.91996,-1.466,-1.7577,-0.71902,-1.232,-0.47977,-2.1257,-0.80935,-1.0005,-1.3446,-1.0924,-0.43117,-1.6883,-0.64479,-0.35365,0.19195,-0.74249,-1.9742,-1.3566,-0.96042,-0.79867,-2.0599,-0.48054,-1.2389,0.37437,-1.1472,-1.4881,-0.13476,-1.5603,-1.0468,-0.22595,-0.24671,-0.77246,-1.2151,0.16186,0.72953,-0.47035,-1.2772,-0.24704,-0.083387,0.44087,-0.97965,-0.53263,-0.47875,-1.7555,-1.7279,-0.7472,0.069694,-0.5433,-0.60983,0.24335,0.086021,-0.27592,-0.54508,-1.5961,0.15757,-0.50815,-0.76797,0.13148,0.37324,-0.66374,0.3334,-0.19873,-0.79887,-1.2115,-0.63127,-0.44203,0.35855,-0.55355,-0.59977,-0.93383,-0.013871,-0.64605,0.079467,-0.86541,0.35444,-0.80665,0.086664,-0.10517,1.4859,-0.053616,-0.17794,0.37364,0.83746,-0.33476,-1.2994,-0.59627,0.85972,0.22712,0.74325,-0.17751,-0.48552,0.29945,1.0222,0.7196,-0.28839,0.17194,0.40163,0.75704,-0.51156,0.36862,1.5319,0.8887,0.44242,-0.056989,1.2338,1.1319,0.3,0.039768,0.51986,-0.1693,0.51451,-0.29021,0.76722,-0.49569,0.12976,0.61968,0.43443,1.0543,-0.31346,0.5249,0.8445,0.29384,-0.022189,0.62197,0.47244,0.40416,-0.15479,0.20355,-0.28279,0.35667,-1.1881,0.35691,-0.31865,-0.43196,-0.65968,0.94209,0.24607,0.098273,0.061487,-0.18246,0.40753,0.884,-0.22159,-0.16922,-0.077492,0.73277,-0.20516,-0.086628,-0.10547,0.572,0.61119,-0.23311,0.69409,-0.23833,0.19196,-0.55249,0.77277,-1.2984,-0.74255,0.67156,0.83348,-0.16402,-0.0082195,-0.19873,0.67016,0.37041,0.30421,-0.3672,-0.69798,-0.19678,-0.7024,-0.78926,-0.58528,0.11196,-1.1992,0.050593,-0.14909,-0.79781,-0.88374,-0.60561,0.24404,-1.0607,-0.8756,-0.97575,0.22616,-0.31893,-0.74674,0.12187,0.049097,0.6113,0.20454,-0.13474,0.50874,0.099343,0.26965,0.15865,1.1128,0.99133,0.022054,0.373,-0.43748,-0.05727,-0.62204,0.86715,0.43717,-0.042564,0.13354,0.8743,-0.32306,-0.57548,0.1632,-0.15308,-0.28656,0.46101,0.29211,1.2143,-0.19073,0.46935,0.20444,-0.22122,-0.33719,-1.3864,-0.66243,0.4276,-0.9068,0.018112,1.1133,-0.030218,0.54638,0.088761,0.79018,0.88874,0.86437,1.0716,0.70457,0.60829,-0.46598,0.73322,-0.56414,1.0641,-0.35169,-0.11113,0.38522,-0.5361,-0.08717,1.4028,0.17849,0.58729,0.025346,0.77031,1.0926,0.51947,0.0067592,-0.51488,0.056967,-0.2167,-0.55195,-0.4566,-0.022251,0.11573,0.88863,0.31909,-0.2472,0.93563,0.0010815,0.50471,-0.90767,0.54139,1.4063,-1.6965,-0.27508,-0.094883,0.39627,-0.079117,0.37874,0.18457,-1.3413,0.047988,0.018954,0.014545,-0.1157,-0.25284,-0.21302,0.35714,0.32497,0.39049,-0.11115,-0.53963,-0.46776,0.45893,0.025571,-0.37473,-1.446,-0.33724,1.2858,0.70498,-1.1663,-0.96127,-0.2441,0.85383,0.3555,-0.96852,0.62433,-0.64759,-0.72354,0.17084,-0.41974,-1.1012,-0.85534,1.785,1.3683,-0.26821,-0.79494,-0.39362,-1.7302,0.58945,-0.096769,0.77348,0.082065,-0.99595,-1.1327,-0.89805,0.16652,-0.17652,-1.9034,0.32319,0.96022,-0.71916,-0.2917,-0.85433,-0.25257,-0.53219,0.95337,-1.0047,0.40089,-1.1738,-0.18346,-0.57095,-0.88974,0.39606,-0.56086,-0.068793,0.50621,0.59574,-0.32058,-0.41321,0.04731,1.5018,0.28983,0.23102,0.40769,-0.64974,0.56728,0.17673,0.7175,-0.76319,0.32073,0.74305,0.70432,0.32547,-0.55044,-0.15227,-0.18287,-0.2408,0.17147,1.1041,0.12732,-0.023269,-0.38236,0.38022,0.023245,-0.27769,-1.3948,-0.0078364,-0.85143,-0.50584,-1.4019,-0.80463,-0.0018725,-0.77347,-0.4308,-0.098562,-1.5913,0.1491,0.050272,-1.0616,0.28195,-0.50947,0.95944,-0.63184,0.53742,-0.23485,-0.32667,1.2052,-0.49737,-0.44471,0.4547,-0.57135,-0.35108,-0.19441,0.28137,0.38402,0.92342,0.67594,0.78778,1.0081,1.6887,0.62212,0.91928,0.9495,1.2409,0.37439,-0.045459,-0.088857,1.2438,-0.23955,0.13967,1.5076,0.43735,0.41925,0.45285,-0.031052,-0.46742,-0.22231,0.91551,0.35098,-0.62075,-0.3588,-0.013828,1.0125,-0.035247,-0.31311,0.57537,0.23432,0.27286,-0.21888,0.41815,-0.034803,-0.18379,0.35018,1.1654,0.65585,0.52265,1.0364,1.0248,1.2405,0.28843,-0.28765,-0.59803,0.89507,0.47083,0.35097,0.58676,-0.14136,0.74861,0.1285,0.27185,0.66716,-0.19166,0.59253,1.5627,0.88243,-0.34671,-0.22974,0.38644,0.56055,0.22344,-0.060078,-0.51513,0.20303,0.5715,0.21363,0.29276,0.23811,0.77322,-0.10351,0.54391,0.68835,0.74125,0.054186,0.86081,0.48286,0.58388,0.79479,-0.4154,0.49221,0.91487,1.4497,0.30098,0.24977,1.3647,0.72036,1.0711,0.3634,0.23892,0.50025,0.44716,0.77446,0.093222,0.66816,0.13894,0.33135,1.0814,0.8753,-0.19879,0.88108,1.0118,2.0333,-0.2114,1.2217,-0.38493,1.7414,0.36056,0.66755,1.1726,0.11296,0.43569,0.63302,1.2073,-0.32802,0.46825,-0.23097,0.26016,0.072834,0.415,0.18985,-0.10166,0.92469,1.2972,1.2086,0.65947,0.39692,0.30432,1.0187,0.23137,0.092191,0.82766,0.94533,1.4337,0.43139,1.224,0.2679,1.2327,1.2146,-0.29569,0.80105,0.91486,0.34047,0.39992,0.006558,0.89368,1.1176,0.91095,0.91716,1.4444,0.005933,1.0126,0.52821,1.3747,0.6582,0.62185,1.7672,0.99452,1.3243,0.4518,1.4752,1.1152,1.062,0.38808,0.45722,2.2574,0.88287,1.805,1.7519,1.2872,0.49412,1.2222,0.75908,0.49518,-0.016964,-1.0804,-0.21034,0.50645,0.38579,-1.1206,-0.00013532,0.60246,1.0951,0.0039856,1.0101,1.5397,-0.10504,0.61605,0.26226,1.4803,0.52683,0.78185,0.25526,1.4145,1.6662,0.12205,-0.37372,0.92507,0.78103,0.6226,0.55815,0.52759,0.35379,0.39484,0.9379,1.2576,0.53897,1.4159,1.4695,1.4759,1.1473,0.27016,-0.27331,1.1409,1.2292,0.88277,-0.49149,0.71987,0.79274,-0.3501,0.22643,0.026024,0.31019,0.36379,-0.68502,0.63308,0.20752,0.66558,-0.024084,2.0283,0.97812,0.6601,-0.045903,0.63516,0.25638,0.44099,0.34188,0.48997,-0.45257,0.79848,0.71663,0.8194,0.01898,0.39924,0.95315,1.3883,1.8739,0.44314,0.48788,0.91445,0.86418,1.2804,1.1004,0.15571,0.15734,1.784,0.27803,0.2407,-0.17572,1.408,1.135,1.5948,0.27612,0.036612,1.3355,0.3506,0.6004,0.19242,0.44185,0.6186,-0.30561,0.70497,0.73329,0.82998,1.3501,1.5517,0.83666,0.12422,0.43444,-1.2292,1.387,0.72651,0.95961,0.76021,1.3953,0.75586,0.36704,0.037637,0.72756,0.86752,0.19584,-0.21079,1.4248,0.73868,0.76982,1.6789,0.52168,0.091448,0.026142,0.66465,0.59164,0.37594,0.5729,0.83703,1.2988,0.5145,1.2417,0.34857,1.4885,1.0612,0.98007,1.2568,0.70179,-0.60321,0.80834,1.2106,0.4856,1.747,-0.35738,0.44078,0.595,0.052996,0.34576,0.10263,-0.50831,-0.12817,0.25723,0.37657,0.94623,0.33969,0.54231,0.35399,-0.14523,-0.45178,-0.09445,-0.91719,-0.078424,-0.84655,0.36458,0.47031,0.048659,-1.4792,0.97852,0.56974,-0.58141,-0.15939,-0.42307,-0.033808,0.10202,-0.77542,-0.41252,0.85048,0.70696,0.11568,-0.086102,-1.1089,1.5659,-0.1561,0.93639,0.46837,-1.6204,-0.63026,-0.89576,0.4868,-0.15184,0.40876,-0.99255,0.32083,0.60532,-0.20449,0.19744,-0.12256,0.16661,0.60163,0.06655,-0.27821,0.11541,0.2749,1.0913,-0.20302,0.1847,-0.48879,0.11482,-0.047943,-0.3922,-0.68425,-0.9335,-0.54969,-0.20957,-0.043988,-0.65585,-0.60849,0.31081,-0.62666,-0.6481,-0.48473,-0.90773,0.4184,0.45643,0.7645,-0.38653,-0.37524,-0.6132,-0.2553,-0.23097,-1.1421,-0.3835,0.20094,0.007399,-2.411,-0.7016,-1.1273,0.26487,-0.14343,-0.00092152,-0.032654,-0.16918,0.33905,-0.11648,-0.93141,-0.38383,-0.96512,-0.41299,-0.92839,-0.19932,-0.62123,-0.61316,0.44325,-0.29764,0.57201,-0.15616,-0.44159,0.030386,-0.3022,-0.42442,-0.59314,0.13589,0.11742,-0.18793,-0.38031,-0.42503,-0.31002,0.82688,0.14516,0.040578,-0.52995,-0.22166,0.82879,-0.19414,-0.29106,-0.57331,-0.03503,-0.60291,-0.06553,-0.53592,-0.065543,-0.38564,0.24267,-0.79319,-0.70391,-0.1172,-0.81041,-0.90409,-0.78646,-0.88051,-0.37005,-1.1355,-0.33307,-1.4554,-0.9967,-0.561,-1.2541,-0.82545,-1.5378,-1.0037,-0.022755,-1.2734,-0.63571,-1.4878,-1.5743,-1.0644,-0.014084,-1.007,-0.63312,-1.6155,-1.2748,0.099019,-1.1247,-1.7947,-1.5845,-0.58855,1.0303,-0.57387,-0.43592,-0.28528,0.12873,-0.14934,-1.046,-1.5498,-1.6552,0.059469,-1.2619,0.27978,-0.60063,-0.34179,-0.1589,-1.068,-0.78043,-0.34747,-0.42337,-1.4936,-1.3617,0.96008,-1.0619,-0.6554,-0.83771,-1.4645,-1.1206,-0.59406,-0.66862,-0.39773,-0.31608,-1.4068,-0.11129,-0.14369,-0.21773,-0.26815,-0.70644,-0.59135,-0.52889,0.21849,-1.1311,-0.46393,-0.82078,-0.20481,-0.81879,-1.0795,-1.0466,-0.06059,-0.23234,-0.33136,-1.7896,-0.15167,0.042924,0.099409,-0.60116,-1.1342,-0.55656,-0.64506,-0.37888,0.0066459,0.23698,-0.15057,-0.75391,-0.45633,1.1025,-0.18057,-0.32837,-0.73528,-0.07109,1.0142,-1.0764,-0.85604,-0.93429,-0.30176,-0.013145,-0.32045,0.10146,-0.30361,-0.15365,-0.50269,0.084626,-0.76443,-0.15871,-0.85284,0.61312,-0.71798,-0.51126,-0.0007112,-0.83552,-0.90254,0.18965,-1.2584,1.3675,-0.15073,0.45766,-0.54026,0.90795,0.31236,0.052891,-1.2261,-0.36977,-0.02781,0.48959,-0.5463,-0.76414,-1.0713,0.47829,0.10049,0.0033805,-0.48975,-1.2276,0.2527,-1.0149,-0.68421,0.48342,-0.28128,-0.69379,-0.7172,-0.94446,-1.1043,-1.9801,0.058119,-0.11301,-0.011384,0.38407,-0.30507,0.28442,-0.24269,0.61113,-0.070474,-0.064198,-0.55407,0.040278,-0.05972,-0.13222,-1.1744,-0.56511,-0.38055,0.070532,-0.47221,-0.61255,-0.76229,0.68589,0.86055,0.14886,-0.2086,-0.35512,1.0655,-0.34176,0.65965,0.40309,0.19512,-0.25029,-0.21368,-0.57557,0.123,0.21615,0.02955,0.50197,0.20227,0.28802,-0.3806,-0.13764,0.097532,1.0689,0.79245,-0.29872,0.74329,0.27796,-0.19214,-1.1531,0.047698,-0.5439,-0.36076,0.39133,-0.77727,-1.0748,0.58523,-0.8698,-0.67896,0.49476,-0.63236,-0.65871,0.3407,0.23222,-0.53252,-0.63383,-1.169,-1.0672,0.25047,-0.1257,-0.30333,-0.3553,0.30412,0.37408,-0.41988,-0.31405,-0.50434,-0.29324,0.49341,0.10977,0.90411,0.057923,-0.021938,0.45491,0.56915,-0.52825,-1.2895,-0.95097,-0.7147,-0.46174,-0.72015,-0.92626,-0.22679,0.12743,0.36504,0.64983,-0.80555,0.44149,-0.36736,0.77166,-0.62718,-0.16628,-0.76546,0.22621,-0.12088,0.44889,0.50483,-0.087961,-0.30971,0.39282,-0.82277,-0.13706,-0.59479,1.0399,-0.2336,-0.3926,-0.19649,-1.0089,-0.65936,-0.67385,0.81665,0.44542,0.57989,0.33183,-0.27218,0.7007,-0.98908,0.417,0.16297,-0.17046,0.42156,0.63437,-0.58784,-0.30792,-0.16941,0.54056,0.045406,-0.71659,-0.59862,-0.12103,-1.0602,0.52098
-1.4185,-1.2791,0.9291,-1.2054,-1.3546,-0.030135,-0.76274,1.0728,-1.2688,0.67754,-1.8614,0.53087,-0.74628,-0.63193,-0.93771,-0.3401,-0.64643,-0.96781,-0.0066258,-0.40501,-0.40937,-0.40873,-1.3186,-1.1135,-0.17346,-1.0482,-1.4492,-1.1503,-0.93567,-0.68916,-0.41416,-0.014144,-0.70566,-0.88309,-0.477,-1.217,-0.18582,-0.61293,-0.60164,0.16769,-0.6883,-1.0889,-1.5179,-0.47275,-0.49333,-1.9753,-0.75395,-0.77558,-2.6114,-0.23821,-0.8538,-0.69399,-0.14197,-0.38628,-1.0297,-0.9374,-0.91552,-1.4608,-0.90293,-1.4362,0.28071,-0.00099207,0.116,-0.87754,-0.63747,0.26432,-0.14321,-0.44651,-0.3179,-0.95617,-0.71353,-0.33881,-0.27018,0.20769,0.068969,-0.44839,-0.61596,0.59688,0.11216,0.45564,0.50547,0.62239,0.011845,1.0643,0.47993,-0.22589,-0.091284,-1.2579,0.028072,0.20212,-0.56504,-1.3144,-0.22708,-0.086947,-1.3286,-1.6771,-0.92363,-0.73976,0.33808,-0.4023,0.20894,-0.6074,-1.6988,-0.81039,0.56931,-0.44561,-0.57207,0.074357,-0.31509,-0.12922,-0.53199,-0.047364,-0.16311,0.081315,0.10665,0.58333,-1.5601,-0.50865,-0.31754,-0.19143,0.40476,-1.3707,-0.2313,0.23091,0.56005,-0.099153,-0.53279,0.10809,-0.33175,-0.26583,0.5412,1.3246,0.80207,0.96125,0.81215,0.52347,0.39563,-0.38656,-0.53236,0.014629,-0.98515,-0.55353,-0.51717,-2.169,-0.67701,0.7436,-0.48225,0.091828,-1.183,-0.22103,-0.13092,1.7494,-0.21281,-1.1892,-0.70086,0.14011,1.3222,-0.62881,-0.28493,0.11494,-0.020346,-0.27035,0.89342,0.20129,-0.38932,-0.64268,0.47257,-0.34579,-0.7062,-0.65998,-1.1112,-0.18379,0.027257,-0.59559,-0.87606,-0.33445,-0.043722,-0.23173,0.58839,-1.11,-0.53838,0.12171,0.74512,0.72747,-0.13436,-0.14686,0.27507,0.61812,0.45652,-0.72189,0.23496,0.36615,0.31473,0.42784,0.48058,0.8302,0.71214,1.8078,0.50829,1.9914,-0.17849,1.6145,0.70873,0.5737,0.76564,-0.36815,0.28321,0.34674,0.38794,1.0311,0.56726,-0.22213,0.66667,-0.53836,0.69031,0.19464,-0.16016,0.53804,1.0794,-0.098572,0.1078,-1.0204,0.64573,0.33339,1.3426,0.46145,-0.2895,0.030257,0.7327,1.0479,-0.063824,0.10667,0.37974,0.49524,0.94562,0.088241,0.80128,0.60176,-0.10721,1.0746,0.96705,0.73974,-0.38277,1.2268,0.90242,1.4133,0.047897,1.4527,0.78145,0.99012,0.45669,-0.22601,-0.06979,0.52776,0.67858,1.6984,1.015,1.617,0.5191,0.65311,0.99304,1.0456,1.2615,-0.79,-0.43787,-0.32108,0.6743,0.18436,1.9785,0.0043586,1.0183,1.4551,1.6279,0.89028,-0.16638,1.4412,0.77008,-0.050475,1.2917,1.3072,0.15925,-0.74848,0.48558,0.82236,0.66315,-0.22305,-0.25692,-1.0209,-1.3853,-0.17531,-0.37978,-0.23555,-0.16576,-0.72274,-0.63708,0.0017678,-0.1972,0.041031,-0.26651,-0.53543,-0.71567,0.51757,-0.67787,-0.64232,-0.83083,-0.4228,-0.38894,-0.43497,0.30058,0.32682,0.75877,0.23145,-0.046796,-0.21223,0.30786,0.7911,0.85541,1.2168,0.48864,1.4616,0.69288,1.2239,1.061,0.90614,0.84573,-0.47874,1.8211,1.0175,0.58239,-0.38594,-0.21712,1.4578,1.1256,0.45608,0.9816,-0.18498,0.48496,-0.14291,0.44495,-0.38263,0.86129,0.44289,0.84307,0.27192,0.42132,0.86809,-0.13252,0.35452,0.3687,1.6252,0.4175,0.64956,0.91552,1.0049,0.8559,0.73099,0.86397,-0.6179,-0.5106,-0.62939,0.35527,0.049681,0.60664,0.58122,0.071915,-0.15275,0.041634,-0.077331,0.7216,1.2025,0.61355,1.3749,0.34888,0.14981,0.48416,0.97881,0.94286,0.90563,1.1587,1.7065,0.5971,0.88527,1.1154,0.80102,0.40133,-0.034821,0.119,-0.73549,-0.6536,0.32949,0.91645,-0.20375,0.47058,1.1656,1.4469,1.216,0.91663,0.90866,0.5875,0.59964,1.2036,-0.28224,0.24488,0.39292,0.38891,0.77971,0.72213,0.52873,0.565,0.77126,0.29222,0.91295,0.24958,0.38535,0.13526,-0.65116,1.2706,-0.098313,0.6552,0.70025,-0.13811,1.0635,0.13332,-0.14434,0.66086,-0.41949,-1.4538,-0.89547,-1.2762,-1.1343,-0.61199,-0.39893,-0.15997,-0.65157,0.21639,-0.8064,-0.51224,-0.042729,-0.36925,-0.80147,-1.1156,0.10125,0.013208,-1.4906,-1.0965,-1.5826,-0.3042,-0.11599,-0.8674,0.1268,-0.11699,-0.3284,0.38005,0.63889,0.026003,1.0001,0.57518,-0.010702,0.021861,0.24334,-0.45019,-0.78116,-0.8028,-0.32307,-0.42942,-0.44535,-0.058585,0.78008,0.021861,0.26538,1.2942,0.64216,-0.14315,0.19628,-0.52852,0.072495,-0.43403,-0.26765,-0.10551,-0.54078,-0.25921,-0.33601,-0.53023,-0.12085,-0.11754,-0.015356,0.035582,0.42735,-0.46359,0.50084,-0.3865,0.27928,0.18045,0.18311,-0.37988,0.53096,0.033632,0.11408,0.013189,-0.57086,0.25615,0.51083,0.5405,0.42736,0.5928,1.0703,1.0776,0.46485,0.73728,0.4706,-0.72371,0.77717,0.28579,0.48945,0.16704,0.48588,0.44598,0.37122,-0.37936,0.83499,0.10056,0.21664,0.73504,0.4379,0.69436,0.63376,0.70882,0.78691,0.077032,2.082,0.2386,-0.40352,0.68671,2.954,0.34473,0.29145,0.67007,-0.26626,0.85578,0.39027,0.27904,-0.61837,0.70662,0.13066,1.0883,0.10852,-0.21721,0.71114,0.51116,1.3072,0.56244,0.40017,-0.83172,-0.34851,-0.21501,-0.11576,0.056083,0.044536,-0.56191,-0.49625,-0.29143,0.025267,-0.79272,-1.0331,0.86199,0.21512,0.7593,-0.14352,-0.25533,-0.74801,-0.72085,0.33519,0.047401,-0.61504,-0.42289,-0.90726,0.23217,-0.52474,-0.77102,-1.9914,-0.5009,-0.34525,-0.35712,-0.46954,-0.1535,-0.42244,-0.11373,-0.42135,-0.43553,0.6519,0.31139,-1.0489,-0.3535,-0.81759,-0.79426,-0.36017,1.0527,0.13169,0.48403,-0.44969,-0.15221,0.31694,0.3756,-0.72501,-0.067535,0.34954,-1.0412,0.15294,0.46591,0.19423,-1.0565,-0.71397,-0.94268,-0.35498,-0.61495,-0.78119,-0.41572,-0.67341,-0.50901,0.10543,-1.1674,-0.78926,0.003376,-0.4694,0.24586,-0.88474,-0.67547,-0.17097,0.11166,-0.45186,-1.8625,-1.117,0.11591,-1.2086,-0.015422,-1.1915,-0.89573,-0.8167,-0.48527,-0.427,-0.26627,-0.28726,0.036816,-0.80684,0.035104,-1.02,-0.30929,-0.28855,-0.88085,-0.7617,-0.18639,-1.0495,-1.2699,-1.552,-0.77093,-0.14893,-0.047496,-1.0604,-0.38281,0.13915,1.154,-0.17036,0.054909,2.3905,0.58365,0.37257,-0.056336,-0.22584,0.49192,0.2153,0.59224,-0.21872,-0.44915,-1.0074,-1.8075,-0.56177,0.5953,-0.76662,-0.66099,0.36992,-0.7794,0.93187,-0.091958,-0.80015,0.6152,-0.25594,1.2286,0.9813,-0.33155,0.87073,-0.71581,-0.014261,1.1323,0.39128,0.20112,0.45583,-0.056857,0.66678,0.54524,0.059101,-0.04781,0.031818,-0.64885,0.16439,-0.67941,0.24312,-0.41794,0.95422,-0.78875,0.16808,-0.13475,0.2505,0.32231,-0.42009,-1.108,-0.19752,-0.10337,-0.1873,0.49991,1.0402,-0.075472,0.35038,0.49247,-0.42499,0.6786,-0.038224,-0.040442,1.3892,1.5026,-0.72348,0.97622,-0.047673,0.039209,-0.50588,-0.15228,-0.56563,-1.3827,-0.99876,-1.7873,-1.6444,-1.4756,-1.2709,-0.62859,-1.1422,-0.10556,-0.62633,-0.35888,-0.048504,0.22404,-0.45224,0.14599,-0.49191,0.83442,0.009931,-0.11472,0.30605,0.78265,-1.5056,0.66823,1.3669,0.95763,0.85628,0.68072,0.18027,1.0052,0.85745,-0.42523,0.077049,-0.17677,-0.27425,0.18233,0.39305,-0.8537,-0.30853,0.82101,0.12837,0.57016,0.44235,0.44507,0.27766,0.086902,0.33275,-0.33147,-1.1069,0.12869,0.7508,0.83085,-0.078467,-0.27345,0.49036,0.23181,-0.094473,0.48451,0.82077,-1.4511,0.25129,0.43622,1.1471,-0.20268,-0.08091,0.39374,0.087417,0.34404,-0.77959,0.18774,-0.34185,-0.47908,0.29611,0.57954,1.7449,0.86411,1.181,1.3413,0.51065,0.49862,0.44141,1.2383,0.48278,0.038262,-0.1041,-0.69227,-0.058073,0.057855,0.16427,0.52271,1.0823,0.61857,0.47652,0.27357,-0.20773,0.30399,-0.29021,-0.092216,-0.54974,0.23213,-0.47818,0.1164,0.60527,-1.274,-1.1877,0.08566,-0.54997,0.33136,-0.81176,0.56869,0.28086,-0.5243,0.90783,0.47607,0.28025,0.76574,0.33748,0.040734,0.16194,0.75692,0.38723,-0.65635,0.015976,0.12996,1.4157,1.0832,0.89327,1.0498,0.94694,1.3927,-0.6906,-0.093264,-0.39427,-0.17787,0.17499,-0.35167,-1.0063,-0.35588,-0.33623,-0.96122,-0.63167,-0.47579,0.55958,-0.50729,-0.5907,-1.1267,-0.35221,-0.16589,-0.5895,0.40323,0.35267,-0.6738,-0.39875,-0.50806,-0.78743,-1.2152,-0.09518,-0.3092,0.018022,-0.66977,-0.66302,-0.39061,-0.92565,-0.94829,-0.71828,-1.1613,-1.1702,-0.80778,-0.39569,-1.2332,-0.60221,-0.60036,0.61259,-0.061728,-0.2188,0.217,-0.92201,-0.59413,-0.94267,-0.22096,-1.0195,-0.55315,-0.52493,-0.92915,-0.7699,0.2009,0.62342,0.40326,0.32236,0.9958,1.2543,0.39101,0.56459,0.17437,-0.0011482,-0.10924,0.046697,0.92609,0.86684,0.77635,-0.64777,0.70801,1.0559,-0.33193,0.17033,0.95125,0.21186,0.45639,0.38608,1.7987,0.39642,-0.066575,0.20256,0.2496,1.0665,-0.51384,1.389,1.1996,0.45282,0.94368,1.1048,2.2577,0.085147,0.25073,0.659,0.74977,1.0695,0.28129,-0.19874,-0.91862,-0.35203,-0.40356,0.7021,-0.78914,0.56886,1.1027,0.98695,0.55705,-0.28194,0.22835,0.73476,1.402,0.13238,0.43765,0.13992,-0.33648,1.2855,0.97474,0.073172,0.86927,0.56308,1.6447,0.87558,1.3224,0.039778,1.0679,1.5154,0.45814,0.76276,0.9379,0.12182,0.12874,0.24083,-0.28439,-0.62491,-0.17007,0.29279,0.58998,-0.6792,-0.13564,-0.090115,0.25493,1,0.16952,-0.55325,0.5264,0.70762,0.5729,0.73277,1.0705,-0.32204,0.016044,0.79937,0.69367,-0.26179,0.022811,0.51234,0.39147,-0.074754,-0.68253,-0.91599,-1.0423,-1.0009,-1.375,-0.68983,-1.1861,-0.18431,0.094499,-0.068105,-0.70308,-0.46723,-0.37509,-0.16112,-1.2891,-0.42445,-1.5786,-1.0022,-0.45899,-0.10749,0.031297,-0.14775,0.67878,0.92058,-0.2042,0.71237,-0.49586,-0.34947,-1.1788,0.29277,-0.37726,-1.5906,0.051356,-1.1513,-0.77201,-0.38399,-1.2098,0.55267,-0.64829,-0.55626,-0.57122,-0.40495,0.20796,0.30022,0.20049,-0.38781,0.044408,0.87045,0.0083638,0.44574,0.53182,0.69852,0.0080423,1.8064,0.087032,0.20645,-0.026176,0.51969,0.12559,-1.3384,-1.0133,-1.0788,-0.87426,-0.75055,-1.217,-1.2556,-0.73806,-0.6993,-0.35856,-1.1025,-0.32756,-0.28583,0.44582,-0.016421,-0.2395,-0.59412,0.52424,0.85836,-0.53385,-1.2244,-0.46753,0.01737,0.76903,-0.2042,-0.29916,0.36546,-0.70975,-0.31865,0.073616,-0.34614,-0.30475,-0.32947,0.29475,0.8331,0.67598,0.76601,0.068911,0.14562,-0.52269,0.63396,0.22635,0.55924,0.92397,0.45841,0.020521,-0.38293,-0.5765,-0.23292,-0.3461,0.09808,-0.088258,-0.46435,0.94663,0.16315,0.43175,0.72397,1.3046,-0.017537,-0.57504,-0.018947,-0.54652,0.11115,0.59194,-0.41317,0.53187,-0.59334,-0.33326,-0.030752,-0.29874,0.66807,1.0255,-0.88173,0.44496,0.0024993,-0.28726,-1.0263,-1.1661,-0.09338,-0.61669,-0.52018,-0.31606,-2.0202,-1.5071,0.36768,-0.14819,-0.31617,-1.7426,-1.0747,-0.21067,-0.74698,0.86229,-0.50857,-0.37691,0.077794,0.48886,0.93365,0.094799,-0.148,-0.67739,0.71876,1.0665,0.23997,-0.55075,-0.68017,-0.40632,-0.26993,-0.12541,-0.24913,0.66749,0.18205,-0.47675
-0.51758,0.082271,0.66172,0.20895,0.65739,-0.72255,-0.46526,0.24501,0.19447,-0.72668,-1.4257,-0.12019,0.5715,0.14428,0.44421,-0.23607,-0.15062,0.34223,-0.35456,-0.34491,0.14231,-0.60281,-0.6727,-1.0191,-0.3894,0.63889,-0.48837,0.016933,-0.14054,-0.35245,-0.31703,-0.98511,-0.5675,-0.1275,-0.34209,-0.31135,-0.19811,-0.4746,0.1337,-0.01033,-0.30998,-0.24522,-1.7068,-0.44766,-0.1376,-0.026717,0.16376,-0.22739,-0.87347,0.33622,-0.7026,-0.61816,-1.0044,-1.2272,-0.64735,-0.21015,-0.65071,0.40322,-0.17685,-0.11305,0.0046461,1.413,0.10817,-0.36475,0.41838,0.19607,0.27374,0.22575,0.6357,-0.35317,0.11165,0.018013,0.1259,-0.01625,0.39641,0.53791,1.5719,1.59,1.638,-0.44848,1.1491,2.4073,1.2254,-0.54897,1.1311,0.55902,0.43839,0.60789,0.80994,0.81648,0.63543,-0.25374,0.0062435,0.026751,-1.5911,-1.0229,-1.216,-0.073424,0.26132,-0.23161,-0.026513,0.41705,1.1439,0.31382,1.1827,0.7275,0.76512,-0.021885,0.56614,-1.0488,-0.16741,-0.24112,-0.13088,0.4971,1.3257,1.248,0.792,1.4619,0.6559,0.44511,0.42375,1.1966,0.82397,1.2026,0.96655,1.5467,1.9554,1.3929,0.70869,0.63091,0.57959,1.09,1.3831,1.0169,0.99772,1.2863,1.8294,0.86781,0.41594,0.74806,-0.026395,0.15384,-0.23914,-0.17272,0.70905,0.7091,0.39037,0.74757,0.92581,0.44863,0.54053,0.95469,-0.024304,0.0528,0.77292,0.96772,-0.44423,-0.24305,0.34086,0.6587,0.090205,0.75008,0.55334,0.87666,-0.10899,0.40332,0.019439,0.62502,-0.50499,-0.81959,-1.3377,-0.070208,-1.1167,-0.78353,-0.58952,-0.6054,-0.25347,-0.099725,-0.043626,0.19769,-0.14405,-0.13416,-0.015769,-0.65324,-0.12839,0.35872,-0.35416,-0.041092,0.44923,-1.2449,-0.47574,0.95496,0.50694,-0.029167,0.66221,1.4776,1.2857,1.4061,1.2126,0.78626,1.3324,2.0697,1.416,0.49367,0.86122,1.5399,1.8772,0.62589,1.0764,0.22198,-0.040833,-0.42271,0.7728,0.083278,0.035739,0.79571,1.3366,-0.41822,1.5325,0.39166,1.6291,-0.23935,0.026737,0.15657,0.53094,-0.14073,0.72987,0.070509,1.1251,1.0002,-0.82939,-0.042588,-0.11419,0.19482,0.64694,0.27431,1.2968,0.53864,0.73611,1.1148,1.0876,0.9882,1.1686,1.4583,1.4802,0.91296,0.29181,0.61458,0.43423,0.47963,0.071196,0.94763,-0.6532,-0.8481,1.4418,0.4165,0.93788,0.7861,2.0498,2.4152,1.4751,2.6642,0.16554,0.74598,0.54849,0.17221,-0.073519,-0.082871,0.015203,0.10335,1.0751,0.91079,0.29597,0.27184,0.29387,0.29633,1.5889,1.2863,1.0907,1.7722,0.31738,0.39832,-0.28676,0.10119,-0.98456,-0.31207,-1.3445,-1.3583,-1.6217,-1.5041,-0.45031,-0.87454,-1.6199,-0.52299,-1.073,0.2684,-0.20323,-0.23287,-0.54448,0.10836,-0.78734,-0.23629,-1.1223,0.2798,-0.75076,0.026144,-1.1929,0.11485,-0.069484,-0.45153,0.6202,1.042,0.5925,0.52641,0.993,0.38272,0.65793,-0.20324,0.057948,0.4613,0.56455,0.47611,0.49447,-0.21535,-0.44241,0.023774,0.45484,-0.76378,0.42063,-0.66552,0.76897,-0.74409,0.24123,-1.4456,0.65895,0.027798,0.76729,0.78326,0.96952,0.29339,0.51287,0.064167,0.25872,-0.34821,0.60598,0.37468,1.1708,-1.1069,-0.18406,1.247,-0.066799,-0.24696,-0.88387,-0.11541,-1.304,-2.3578,-1.3683,-0.13189,-0.23926,0.34151,0.2613,0.69639,0.84992,0.92002,0.69315,0.41125,-0.33006,-0.029189,0.92766,0.91627,-0.42685,-0.12958,-0.27382,1.1465,-0.084137,0.81521,0.65184,-0.74175,0.68445,0.79834,0.46044,0.086369,-0.22219,-0.2337,-0.67347,0.062881,-1.7735,-1.3841,-1.0181,-0.48316,-0.22548,-1.7401,-0.82565,0.45861,0.67371,-0.072192,0.67188,-0.43474,-0.43401,0.083852,-1.1666,-0.19599,-1.3599,0.62834,1.6235,0.84052,0.043202,-0.18335,0.56852,1.7105,0.47568,0.71148,0.62108,1.4387,-0.075296,1.2349,0.72343,-0.18075,-0.070921,0.16607,0.27022,0.085522,-0.72395,-1.0017,0.22857,0.14551,-0.95677,-0.73635,-0.7129,-0.75792,-0.7427,-2.304,-0.4065,-0.27003,-1.0583,0.12837,-0.029875,0.53749,0.27575,-0.40488,-0.29871,-1.128,-0.7073,-2.0444,-2.0047,-1.3774,-1.0684,-0.55198,-0.74039,-0.15887,-0.042529,1.0954,0.61382,0.11158,-0.48024,-0.16256,-0.54792,0.62629,0.13094,-1.1271,-1.2097,-0.67874,-1.2914,-0.77555,-0.84092,-0.61427,-0.86936,-0.04426,-0.62601,-1.0501,-0.90722,-0.50509,-0.8545,-1.1137,-1.6142,-1.2991,-0.66224,-2.0548,-1.4987,-1.5136,-1.5807,-0.58157,-0.52448,-1.5697,0.13018,0.39813,-0.61336,-0.27492,0.36874,-0.50542,0.77989,0.0090977,0.10626,-0.44259,-1.3442,-0.70916,-0.070182,-1.3165,-0.53048,-1.4157,-0.06468,0.26921,0.22079,0.68624,1.0435,-0.98722,-0.26232,-0.38342,-0.47614,-0.91381,-0.86198,-0.28822,-0.20225,-0.14271,-0.94972,-0.70659,-0.41909,-0.4893,0.13266,0.53407,0.18861,-0.017077,0.45521,-0.59115,0.18749,-0.019849,0.40853,0.97531,0.66195,1.7365,1.2538,1.1021,0.44164,1.2028,-0.27545,-1.8375,-1.987,-0.14827,-0.5491,-0.59189,0.72624,0.82002,1.4896,-0.027977,0.12459,1.1447,-0.86245,0.17155,1.5537,0.094638,-0.30023,-1.7502,-1.9271,-0.018154,-1.5355,-0.58214,-1.0789,-1.1979,-0.80655,-0.47257,-0.84488,-0.81908,-1.2022,-0.37648,0.04262,-0.33738,-0.99926,-1.1148,-0.56734,-0.85551,-0.66768,-2.1561,-1.4612,-0.78273,-0.93697,-0.66279,-1.9441,-1.0749,-0.39668,0.0018174,-0.11229,-0.50417,-0.85508,-1.2545,-1.7732,0.36725,-0.23614,-1.314,-1.103,-1.7115,-1.1828,-1.0004,-1.8221,-0.37494,-1.3825,-0.47206,-1.2541,-1.0393,-0.88976,-0.19518,-0.80905,-0.71048,0.017197,-0.44017,-0.76093,-0.31592,0.35486,-0.3734,-0.54106,-0.8814,-2.0056,-1.3071,-1.3009,-1.2029,-1.2752,-1.1754,-1.1003,-0.16532,-0.08679,-0.78175,-1.0105,-0.73682,-1.1861,-1.1393,-0.81586,-1.6877,-2.0075,-1.2094,-2.1258,-1.3143,-0.5395,-1.0972,-1.9223,-0.54185,0.064999,-0.9862,-0.5743,-0.86939,0.22403,-0.60472,-0.43882,-1.6986,-0.5404,0.17765,-0.14036,-0.44086,-0.92389,-1.3225,-1.135,-0.86968,-0.72725,0.63845,-0.93572,-0.25537,0.45411,0.75532,-0.8525,0.60051,0.22484,0.10406,0.24283,-0.19598,-0.37194,0.30495,0.20782,-0.24294,-0.24286,-1.0312,-0.69523,-0.40564,0.20838,-1.6107,-1.8885,-1.3835,-0.50376,-0.30073,-0.83012,-0.34436,-0.14938,0.14153,0.69197,0.7824,1.2235,1.9548,1.695,0.43462,1.0395,0.50077,-0.76304,0.66211,0.56653,2.6901,2.4036,1.0541,0.96815,1.2116,1.2858,-0.16995,-0.25385,-0.12251,-0.81948,0.69475,-1.8318,-1.6989,-2.0719,0.0051511,0.21414,-0.75898,-0.2574,0.75276,0.9375,0.23985,-0.34341,0.4135,0.35026,-0.25157,-0.30101,-0.11855,-0.77147,-0.40112,-0.97741,-0.13705,-1.5362,-1.6097,-0.39414,0.42336,1.3792,1.1185,1.6259,1.9657,0.03893,0.79778,0.32172,-0.64698,-0.69713,-1.8153,-1.2779,-0.88032,-1.5255,-1.2267,-0.95138,-0.84286,-0.43079,-0.93473,-0.74745,0.62453,1.1674,0.21014,0.13752,0.98909,1.1402,0.68198,-0.2549,1.7043,-0.023307,1.3485,1.2135,1.1464,1.0159,0.1565,0.91644,0.33712,0.88728,0.22267,0.0022587,0.28535,0.14966,0.19397,-0.83059,-0.66009,-1.4948,-1.5741,-0.21553,-0.22549,-0.32453,0.43689,0.57189,0.59848,1.2542,2.0452,-0.17917,-0.23074,0.1727,0.71792,0.097786,-0.94521,-0.8574,-0.93113,0.56126,-1.0043,-0.19328,-0.91283,-0.34487,-0.70944,-0.054883,-0.14548,-0.24645,0.50741,0.39165,0.36619,0.91855,0.75173,0.1809,1.3506,0.9929,0.90289,0.49368,0.65707,1.4413,0.98717,1.545,1.4907,0.99992,0.55746,1.2642,0.30724,-0.16555,-0.82071,-1.5599,-0.69626,-0.5872,-1.7492,-1.1871,0.90612,0.61549,1.2992,1.5722,1.171,1.6746,1.7117,1.5509,0.51761,-0.10489,0.91611,1.3853,0.028617,-0.64102,-0.83105,-0.52166,-0.12791,0.97992,-0.5152,0.25463,0.86082,0.77198,0.57555,0.5013,0.34364,1.3308,0.18413,-0.30572,0.16196,0.052024,0.066799,-1.0024,-1.163,-0.4423,-0.985,-1.1487,-0.73427,-0.40595,-0.46552,0.061502,-0.0011705,0.23493,-0.99104,-0.90963,-0.83834,-0.56881,-1.8482,-1.1981,-1.6749,-1.4144,-1.1433,-1.0088,-0.66495,0.033244,-0.081807,-0.73494,0.6326,-1.0229,-0.55557,-0.14909,-0.92201,-0.7889,-1.2821,-0.8004,-0.39633,-0.18039,-1.1821,-1.3453,-1.4541,-0.0017993,0.039326,-0.16796,-0.98689,-0.74967,-0.67798,-0.027116,-1.2392,-0.79267,0.14939,-0.88838,-0.058031,-0.27091,-0.7343,0.025076,-0.19254,-0.52657,-0.64926,-0.42348,-0.17555,-0.16759,0.025267,-1.0021,-1.0202,-0.2239,-0.65009,0.90286,0.21595,0.11239,-0.24489,-1.2634,0.25643,-0.30081,0.1453,1.4693,0.63978,-0.22039,-0.16856,-0.73812,0.30188,-0.74036,0.68167,-0.51453,1.7875,1.3817,2.2636,1.4602,0.62275,1.0655,1.5658,1.4375,0.48141,1.2447,0.94329,0.57711,2.1911,0.98693,2.5621,1.2495,1.0335,0.95352,2.2873,1.1669,0.71488,0.13407,0.75719,1.0312,0.61399,-0.038977,0.038161,-0.88249,-1.337,-0.69938,-0.35235,-1.1423,-1.2428,-0.55186,-0.71343,-0.45298,0.69563,0.45024,0.41482,0.91054,1.9996,0.60492,0.96035,0.49445,0.4385,0.73373,-0.38921,1.0146,0.099782,0.5093,1.1428,1.5265,0.35731,0.854,1.3941,0.14683,1.6955,0.82933,-0.17914,0.1091,-0.19725,-0.031116,-0.61587,0.32257,-0.5062,-0.4368,0.78066,0.17689,0.20364,0.50408,1.3183,0.66602,0.84511,1.7145,-0.028291,0.28732,-0.4099,1.0578,0.1924,0.089443,-1.89,-0.36988,0.79788,0.72243,1.5609,1.5129,1.9406,0.65091,0.57992,-1.4595,-1.2417,-0.90926,-1.1708,-0.29874,-0.51611,-0.49806,0.94634,-0.00078344,1.0165,1.0988,0.19163,0.0021237,-0.25944,0.3452,0.37221,0.80246,1.159,0.18244,1.1238,0.91959,0.11408,0.48803,0.63551,0.87921,-0.99668,-0.3176,-0.30479,-0.43498,-0.53681,-0.84703,-0.019823,-0.3665,-1.5186,-1.3456,-1.0095,-1.4411,-0.75552,-0.99527,-0.84674,-0.50406,0.073009,0.82868,-0.57273,0.76742,1.0244,1.6058,-0.25171,1.5488,-0.23756,0.8501,1.1576,0.22119,1.1179,0.50648,-0.42079,-0.61522,-0.30123,-1.4678,-0.83492,-1.5852,-1.6077,-0.79293,-0.3941,-0.60592,-0.015144,-0.3163,-0.28862,0.65058,-0.050868,0.36674,1.0165,0.98049,0.17325,0.52247,0.53945,1.1509,0.96088,-0.91361,-0.12451,-0.16187,0.50102,0.35284,0.66663,1.1001,0.15834,0.35784,0.72186,0.027316,-0.18805,-0.040134,-0.15702,1.2925,0.66387,0.89096,0.83371,0.64202,0.39211,0.32465,-0.0049948,-0.13621,1.1238,-0.24648,0.32033,1.6417,0.1054,-1.9631,-1.4948,-0.94842,-1.0957,-1.1211,-1.8408,0.25944,1.0107,1.3294,0.68761,1.0115,1.1814,1.5752,1.3165,1.984,0.71878,2.3076,1.0714,2.0828,1.8694,0.71843,1.6946,1.578,0.26272,-0.18317,-0.18355,0.52252,-0.52906,-0.90618,0.11043,-0.87729,0.32282,-0.65814,-0.05455,-1.2019,-0.80675,-0.46876,-0.93748,-0.14465,0.30912,-0.3421,0.11653,0.084603,0.080729,0.62001,-0.2449,0.71275,1.2117,0.4855,0.78566,1.4505,-0.32957,0.18611,0.36224,0.2407,-0.39943,0.3132,0.61378,1.9085,1.4532,0.91583,0.9926,1.8524,1.4106,1.4325
1.2751,0.56462,0.8798,1.1575,0.79832,0.65506,-0.31012,-1.4189,-0.1263,1.2163,0.88182,0.22569,-0.16837,1.3035,2.3219,1.6089,1.0779,0.4113,1.0533,0.96339,1.6755,0.89959,0.89913,1.4179,1.0519,1.1591,0.4968,-0.87957,-1.1422,-0.73828,0.26509,-0.2342,-1.08,-1.0621,-0.081945,-0.072623,0.32365,0.2873,-0.39402,0.68055,0.98029,1.6833,1.5583,2.486,1.7118,1.5549,2.0449,0.13347,0.48025,0.060633,0.62006,-0.94519,-1.5342,-1.0589,-1.0642,-0.31088,0.16443,0.77345,1.1499,-0.70259,-0.24397,-1.2913,-0.8145,0.17633,-1.8095,-1.3947,-0.044471,-0.95999,-1.5295,-1.3843,-1.8766,-1.3394,-0.9493,-0.49859,0.0015313,-0.68277,-1.2398,-0.073931,-1.8588,-0.8954,-0.21657,-0.89834,-0.44412,-0.87834,-1.1434,-0.73561,-0.46757,0.56312,1.8177,1.7955,2.3734,2.6926,2.0364,1.0108,0.65901,0.55711,-0.22372,-0.35216,-0.24064,-0.1169,0.13702,0.82471,1.3859,0.6619,0.95713,0.29453,0.90224,1.0786,1.9047,2.2714,2.2057,1.1853,0.68251,0.85,0.025692,-1.0677,-1.7,-1.4049,-0.45934,-0.6313,-1.1711,-1.5237,-0.55634,0.43678,0.25767,0.81096,1.6366,1.0414,1.1336,1.2877,1.2845,0.85677,0.99985,1.7291,1.9523,1.5383,0.38084,0.097448,-0.98632,-0.50395,0.19,-0.045888,-0.4813,-1.4443,-0.45945,1.1241,1.0296,-0.20146,0.16776,-0.17616,-0.58757,0.032046,-0.74189,-0.13354,-1.5619,-1.1114,-1.5391,-0.74128,-1.6668,-1.172,-0.59585,0.16541,0.70553,0.78051,0.92942,0.26723,1.4195,1.1905,1.79,1.8486,2.3087,2.5984,2.6,2.1501,2.1507,1.2755,1.2848,0.95481,1.6553,1.8186,1.7337,2.3441,2.3097,2.6542,2.5259,2.3916,1.8099,0.8411,1.2145,1.6352,0.052254,0.17985,0.83954,0.82836,0.39808,0.5528,-0.25809,-0.62645,-1.5466,-0.42463,-0.58652,-0.29352,-0.53614,-0.42219,-0.57994,-1.0452,-1.3224,-1.364,-1.2015,-1.1802,-0.41944,-1.0119,-0.30703,0.4241,0.87055,0.34304,0.14592,0.51353,0.88749,1.0807,1.1697,1.7211,1.8321,1.6646,1.9282,2.1696,1.7732,1.7307,1.8131,1.5936,1.7327,1.6591,1.7631,2.3617,2.311,2.2223,1.1734,1.5974,1.276,0.90014,1.07,-0.51818,-0.93941,-0.64304,-0.12662,0.81469,0.18941,-0.81279,-0.024907,0.082156,0.24052,0.89653,0.34449,1.2917,0.96811,0.61047,0.78719,-1.3076,-0.73418,-0.081831,-0.034017,-0.01351,-0.050409,-0.82358,-1.7903,-1.2453,-0.44369,0.086885,-0.41197,-1.0213,-2.2588,-0.83664,-1.126,-1.2796,0.24627,-0.48539,0.452,0.52427,0.6388,0.23721,-0.63496,-0.9784,-1.3963,-0.44892,-0.078491,0.38346,-0.76154,-0.79362,-0.58992,-0.92173,-0.26749,0.48929,-0.52088,-0.5461,-0.8909,-0.57714,-1.1148,-0.90032,-1.0012,-1.1449,-0.1071,-0.85025,-1.4108,-0.51161,-0.7786,-0.5536,0.006667,-0.65201,-0.71686,-0.76747,-0.72785,-1.4765,-2.2224,-1.2742,-2.3301,-1.3304,-1.2961,-2.4373,-2.4999,-1.8828,-1.904,-1.9781,-2.4137,-2.5934,-0.95614,-1.8775,-0.73131,-1.8533,-2.405,-1.6731,-2.3055,-1.4127,-0.57229,-0.94113,-0.51473,0.49232,0.11665,-0.45908,-1.074,-1.5257,-2.5041,-1.5906,-0.91451,-0.95001,-1.721,-0.38522,-1.3942,-1.2166,-1.1845,-2.7564,-2.1348,-1.3028,-0.81772,0.19493,0.31233,0.71203,-0.010656,0.14061,-0.34612,-0.70852,-1.5363,-1.1596,-2.1551,-1.0045,-2.1853,-1.4272,-1.2999,-1.4122,-1.14,-0.40938,0.13773,0.05395,0.73656,0.45992,0.30978,-1.0964,-1.9047,-2.3645,-2.1796,-1.6202,-1.6867,-2.0012,-2.1007,-1.939,-2.2516,-1.9601,-2.1349,-2.6951,-1.304,-0.5157,-0.65567,-2.1699,-2.7064,-1.5356,-1.1139,-0.093896,-1.014,-1.9955,-1.4885,-1.0504,-1.2357,-1.5436,-1.1588,-0.99661,-0.77262,-1.1299,-2.168,-1.4,-1.3708,0.59806,1.0497,1.3055,0.59036,2.2302,1.5591,0.78861,1.3919,0.25937,0.21408,0.9238,0.68904,0.064498,-0.99483,-0.74535,-1.0063,0.61797,-1.2635,-1.1303,-0.35908,-0.58553,-0.11476,1.1612,1.2706,0.60273,0.95417,2.6868,1.811,0.85328,0.30594,-0.36228,-1.1488,-1.4056,-2.1906,-0.90132,-1.0067,-0.43809,-0.29545,-0.17218,-0.39957,-0.36739,-0.27919,-1.1286,-1.2031,-0.66138,-1.3704,-2.5635,-2.6764,-2.9222,-1.9139,-1.7549,-0.55994,-0.07372,0.67787,-0.027758,-0.63357,-0.95842,-0.59824,-1.3605,-1.4151,-1.0897,-1.8609,-1.074,-1.5443,-0.52798,-1.0968,-1.2097,-0.18701,0.1128,0.67048,0.095095,0.12253,0.71663,0.19205,-0.16934,-1.1823,-0.08748,1.2288,0.5094,0.98039,1.7453,1.3515,1.475,1.443,2.0843,2.2464,1.3878,1.4208,1.485,2.2354,1.8799,1.9145,1.7378,1.9232,1.9815,0.78961,1.7302,-0.21305,0.54854,0.75412,0.068504,0.9803,0.87093,2.0702,2.4492,2.0886,2.3277,2.4386,2.0853,2.6344,1.3231,1.5788,1.1986,1.4307,1.977,1.1592,1.0519,0.42576,0.63906,-0.24339,-0.89027,-2.2709,-1.7568,-1.1444,0.055679,0.3894,0.59985,0.34469,0.78538,0.87363,-0.66669,-0.74656,-0.31374,-0.9455,-0.46364,-1.2428,-0.090284,-0.52849,-0.95306,-0.44019,0.85107,0.18877,0.8079,-0.92025,-0.70326,-1.4967,-1.0734,-0.64438,-1.2754,-1.2681,-0.70442,-0.66243,0.12892,-0.0079848,-0.74466,-0.54567,0.25587,0.5994,0.013276,0.73825,-0.22836,0.027857,0.49922,-0.93524,-0.19681,1.3235,2.5419,3.5148,3.5302,2.5353,3.0261,2.8018,2.3322,2.3411,1.3212,0.7376,0.35865,0.51042,0.32848,-0.11906,-0.14656,-0.65973,-0.91063,-1.9658,-1.9449,-1.369,-1.5236,-0.83677,-0.76962,-1.4274,-0.7861,-1.2485,-0.85463,-0.92197,-0.70408,-2.0225,-1.4808,-2.6262,-1.9058,-2.9898,-2.8897,-1.0457,-1.9916,-0.92581,-1.4637,-1.6732,-1.7606,-0.72685,-0.94855,-1.4024,-1.1877,-1.7365,-1.8184,-1.6587,-1.4427,-1.5099,-0.91991,-1.6146,-1.7752,-0.9343,-0.49521,0.42592,0.039401,-0.25021,-0.76053,-0.059152,-0.08449,-0.66002,-0.8094,-0.79687,-0.28189,0.48186,0.8455,-0.24357,0.059774,-1.9085,-2.1396,-2.5106,-2.5998,-1.8526,-1.559,-1.1559,-0.25076,-0.41375,0.88435,-1.1767,-0.3103,-1.4671,-1.6724,-2.0185,-0.86949,-0.79636,-1.4451,-1.2204,-0.85198,-0.20644,-0.86613,-0.90035,-1.2309,-2.1372,-2.2886,0.086212,-0.13549,-0.1669,-1.1704,-0.99854,-1.0123,-0.93063,-1.2353,-0.4261,-0.39263,-0.7395,-0.0143,-0.18504,0.19436,-0.76976,0.11398,-0.50626,-0.6303,-0.20575,-0.45201,-0.26141,-0.87785,-2.0381,-0.44657,-1.8757,-1.218,-0.43766,-0.49594,0.10128,-0.096659,0.2413,0.052602,0.080098,0.18359,-0.13186,-0.81323,-0.95205,-1.1378,-0.9273,-0.86242,-0.95494,-0.73553,-1.0936,-0.80049,-1.7661,-2.0768,-0.5997,-0.48367,-0.30203,-0.44605,-0.00032246,1.0158,0.8128,0.53348,0.646,-0.055854,0.41694,-1.0748,-1.094,-0.85241,-0.32982,0.49598,0.89799,1.1491,1.5914,1.4685,1.6571,1.1669,0.68207,0.62297,0.85272,0.72377,1.1143,0.98201,0.37195,0.57983,0.47988,1.1837,1.4711,0.29617,0.99208,0.52348,1.0276,1.4996,1.0016,1.3174,1.1537,1.3619,0.63169,0.28189,-0.18771,1.1732,1.6552,1.5738,1.8304,0.20502,0.73571,0.40807,0.92122,0.75957,0.12986,-0.51782,0.2411,0.73828,1.8116,0.64397,1.212,1.8985,1.545,2.1741,2.2203,0.2749,0.1239,0.45692,-0.21298,0.034361,-1.2698,-0.26875,-0.37683,-0.66535,-0.52309,-0.34954,-1.0172,-0.033619,-0.23516,-0.45376,-0.82764,0.16943,0.099547,1.045,-0.18912,-0.22422,-0.032627,0.01265,-0.47239,0.77773,-0.40617,-0.18421,-0.4328,-0.10448,-0.74675,-0.41014,-1.9176,-1.3911,-1.086,-1.5028,-0.60261,-0.79723,-0.62834,-0.050512,-0.18967,0.17624,0.30494,1.0984,1.5984,1.2446,1.4068,2.0591,1.8716,1.8988,2.9335,1.8722,1.1494,0.56226,1.3356,2.2815,1.5094,1.0496,1.0789,1.559,0.96832,1.079,0.64594,0.44517,0.93681,0.11169,0.56931,-0.16097,1.0976,0.015808,0.21684,-0.22283,-0.47088,0.72991,0.85072,1.6121,0.52164,0.55986,1.49,-0.038665,-0.2042,-0.6861,-1.591,-0.51266,-0.73307,-0.38982,0.36984,0.29405,0.031143,0.18388,0.11473,-0.28895,-0.21815,0.18702,-0.24615,-0.66251,-0.20109,0.52016,0.23061,0.27829,-0.17953,0.37121,0.54423,0.87544,1.9285,1.5555,1.6682,0.9033,1.3162,2.1912,1.3461,1.0717,1.1766,2.1751,1.9045,1.5387,1.4988,1.2456,1.2281,1.3427,0.29532,0.39298,0.25807,0.27588,-0.35195,-0.37041,-0.46717,-1.1281,-0.77072,-1.5802,-0.81894,-0.71334,-0.56071,0.68073,1.0213,0.12953,1.2964,1.5502,0.96353,0.62297,0.76964,0.20857,0.0075454,-0.084363,-1.5557,-1.2903,-1.7425,-0.95996,1.2899,-0.39274,0.33224,0.50711,0.95266,0.66091,2.518,2.1224,1.5001,1.2879,1.9134,2.1225,1.1251,1.2229,1.6443,1.9786,0.76642,0.8673,0.49465,0.069367,0.48436,0.020162,-0.4897,-1.7049,-1.7992,-0.41359,-0.26743,-0.34883,-0.7259,-0.82023,-0.85855,-0.89557,0.16531,-0.036079,-1.056,-1.0573,-0.50155,0.042431,0.31747,-0.39484,-0.75207,-0.54193,0.23337,0.4902,0.68069,0.71514,0.11228,0.44316,0.43119,-0.11276,-0.99877,-0.40549,-0.67628,0.51116,0.59231,1.2378,0.98592,2.0803,1.7297,1.0634,0.20533,-1.2888,-0.8647,-0.18863,-0.8805,-0.76289,-0.68611,-0.20606,0.25431,1.5962,0.93736,0.91053,0.35097,0.43273,-0.59907,-0.1669,-0.44178,1.3431,0.5635,1.2338,1.1339,0.1963,-0.36953,-0.45109,-1.4388,-0.2486,-0.49419,-1.7067,-1.177,-0.45459,-1.0285,-0.12378,-0.72649,-0.38703,-2.078,-1.195,-1.6293,-1.2439,-0.97496,-1.1695,0.19816,0.1137,0.5347,0.27533,0.025352,0.4827,0.43128,1.1663,0.83324,0.53223,0.60783,0.70776,0.66257,0.58838,-1.6053,-1.3708,-0.6607,-0.47879,-0.97078,-0.84771,-0.78482,0.28891,0.52307,-0.10802,0.66337,0.25903,0.62232,0.23953,-0.2011,-0.81565,-0.88678,0.058279,0.15251,1.104,0.8418,-0.77957,-0.62992,-0.27723,-0.094974,-0.54789,-1.1821,-1.564,-1.1495,-0.12262,-1.1397,-1.2533,-0.66623,-0.87403,-0.40521,-1.6414,-1.5144,-0.84149,0.93753,0.59432,0.8609,1.148,0.22434,-0.0009594,0.12171,-0.25702,-0.32599,-0.81558,-0.51107,-0.65056,-0.49272,0.69232,0.24172,1.0951,1.3356,0.1641,-0.38419,0.51021,-0.092184,-0.021116,-0.46314,-0.734,-1.0012,-1.0217,-0.20318,0.31391,-0.1384,-1.0601,-0.12837,0.30374,0.81808,0.95573,0.76468,-0.073923,0.3876,-1.0501,0.64758,-0.3249,-0.24785,0.16676,0.81606,1.5407,1.1671,1.1327,1.8933,1.6236,2.2276,2.3415,0.52202,-0.17183,-1.0459,-0.081174,-0.32392,0.29647,-1.0382,-0.90807,-0.091085,-0.90863,-0.84623,-0.47301,-0.50875,1.0505,-0.039681,0.55216,-0.049465,-1.0022,-0.89715,-1.4055,-1.079,-1.923,-1.1452,-0.99784,-0.83254,-0.5331,-0.28824,-0.16205,0.39041,-0.20978,-0.59703,-0.95802,-1.721,-0.56644,-0.022525,-1.0658,0.25545,0.72414,1.795,1.784,1.5424,1.4968,0.93398,1.5183,0.96435,0.37677,-0.95262,0.20693,0.0059326,-0.16285,0.50559,-0.38546,0.25751,0.25154,1.8277,0.98749,1.257,0.7428,0.70619,0.28332,-0.13843,-0.30452,0.75404,0.5954,0.22808
-0.050756,-0.43999,0.32561,0.69027,1.1414,0.54334,0.010567,0.63092,-0.18213,-0.03308,-0.70114,-0.22215,0.97153,-0.52842,0.69176,1.0311,0.31455,0.57825,0.87594,0.75009,1.7454,0.16106,0.65049,0.10809,0.18748,0.77425,0.12234,-0.20542,0.87048,0.020301,0.13245,0.61469,0.60041,0.71253,0.66784,-0.53747,0.13772,1.0477,0.49433,0.038071,-0.010994,-0.17679,-0.23224,-0.3081,-0.71499,0.72656,0.092619,-0.16507,-0.24833,0.79683,0.1373,-0.36289,1.4428,0.028537,1.1703,-0.5526,1.4415,0.88561,-0.56829,0.64606,1.3681,-0.19252,0.91463,0.92809,-0.97569,-0.64809,-0.70674,-0.60395,-0.54625,-0.0025858,-0.88209,-0.73164,-0.01599,0.58403,-0.77194,-0.47206,-0.016227,-0.23104,-0.043117,-1.3218,0.18557,-0.47204,0.22463,-0.80625,0.24653,-0.028489,-0.78428,-1.0434,-1.0424,0.26028,-0.93362,-0.55765,0.31418,0.18351,-0.6514,0.038464,-0.33768,-0.65777,-0.55135,-0.28185,0.19156,-0.093321,-1.0799,0.26968,0.0070406,0.44196,-1.1677,-0.63459,-0.74708,-0.52487,-0.076117,0.049373,-0.13107,0.76021,0.35838,0.52584,0.97962,-0.60034,-0.37471,0.32165,0.10915,-0.22365,-1.2707,0.39457,-0.21679,0.49362,-0.096853,-0.39215,0.85692,-0.37743,0.25382,0.62724,0.057805,0.60745,0.56898,0.38318,0.065952,0.91779,-0.22549,-0.2265,0.35936,0.64793,0.36659,-1.0526,-0.94252,0.60923,-0.11395,-0.14427,0.014085,-0.051603,1.302,0.74101,0.90279,0.27512,1.1065,1.2543,0.8656,0.53061,0.17503,-0.52527,-0.34421,0.25445,-0.31017,-0.59793,-1.5218,-0.92297,-0.57537,-0.68812,-1.5133,-0.66441,-1.1266,-1.1896,-1.0427,-0.55191,-0.21256,-0.28114,-0.11714,0.39096,-0.27645,0.28249,0.18326,0.51618,0.17328,0.31517,0.39189,0.72746,0.055618,0.8377,0.89778,1.0925,0.77871,-0.25675,-0.033492,-0.1303,0.76389,0.080558,0.92826,-0.071575,0.74788,1.2544,1.4291,0.71031,0.21044,0.52732,0.3367,-0.099259,-0.27496,-0.39016,-0.96519,-0.8567,-0.91674,-0.6999,-1.1864,-1.2994,-0.63678,-0.48945,0.055949,0.10058,0.055806,0.097908,-0.25457,0.6512,-0.16219,0.15014,0.20704,0.42094,0.37196,0.73299,0.2206,0.055308,0.68832,0.47566,0.96527,0.098183,0.60638,1.0533,0.63013,-0.30877,0.92433,0.10725,0.84443,0.28674,0.6339,-0.69475,0.23094,0.31477,-1.7371,-1.0129,-1.6971,-0.99712,-0.1653,-1.4408,-0.90945,-0.87087,-1.154,-0.1263,0.07792,-0.78497,0.96122,0.30023,0.80593,0.45262,-1.1795,0.12428,-1.0219,0.90606,-0.63512,-0.079019,-1.3422,0.23689,-0.30472,-1.3852,-0.87438,0.056296,-0.2231,-0.61196,-0.47359,-1.0821,-1.1225,-0.85862,-1.1317,-0.84306,-1.8362,-0.71744,-0.039957,-0.42236,-1.1994,-1.8664,-1.0275,-0.2815,0.74015,0.054514,0.22817,0.93466,0.58472,0.37613,0.43627,0.29024,0.52259,1.2875,0.61249,0.36736,1.0284,0.50576,-0.29542,0.96027,0.648,1.0153,0.085143,0.92092,1.0988,0.041108,1.7557,1.4928,1.0636,1.2966,-0.71868,1.0778,-0.45227,0.22383,-0.47993,-0.15828,-0.71831,-0.96338,-0.88186,-0.79722,-0.28204,-1.3921,-0.82325,0.0035569,-1.0172,-1.0782,-0.55188,0.65675,-0.56987,1.6085,0.1327,1.3444,0.38047,0.69254,1.3189,0.95459,0.56915,-0.042611,-0.3035,-0.76276,0.64076,-1.0363,-0.81637,-1.1463,-1.3117,-1.6676,-0.21962,-0.63311,-1.9102,-1.4792,-1.4004,-0.70397,-0.47177,-0.62556,0.89471,-0.14185,-0.4775,0.037403,0.18137,-0.065843,0.15101,-0.090464,0.45786,-1.5284,-0.55703,-0.46362,-0.17951,-0.036579,0.1863,0.037146,0.43099,0.58692,0.70344,-0.040773,1.1542,0.17126,-0.0047686,-0.45696,-0.81033,-0.81008,-0.49661,-1.6924,-0.43977,-0.97626,0.64225,-0.26089,0.13205,1.1882,0.72205,0.6044,0.80514,0.19882,0.58254,0.97493,0.37034,-0.11957,-1.0652,-0.67708,0.36555,0.65132,0.65745,0.69043,0.62707,-0.92138,-0.61188,0.21501,-0.11855,0.47158,0.16013,0.3814,0.1076,0.76548,0.78857,-0.68681,0.030733,0.83052,0.50937,-0.61434,0.81076,0.51985,0.21388,-0.56369,-0.32035,0.22572,-0.69546,-0.39874,0.25072,0.78776,0.050262,1.7047,-0.40503,0.53003,-0.14773,0.34997,0.43892,1.1768,-0.65915,0.63548,1.052,0.46829,1.0902,0.48529,0.943,0.46319,-0.39737,0.40735,0.38164,-0.607,-0.21495,0.81162,0.59451,-0.3203,-1.3813,-0.68126,-1.7349,-0.8964,-1.3741,-0.60455,0.089907,-0.64325,0.59428,0.99699,-0.32591,0.83578,0.90973,-0.50204,-0.67822,-1.141,-0.45276,-0.55041,-1.364,-0.89229,-0.68684,-1.4563,-1.0354,0.030234,-0.60762,-0.12823,0.26046,0.33042,0.64169,0.87681,0.99506,0.82245,0.6754,0.34287,0.1436,0.52338,0.20679,0.7142,0.33475,1.0336,0.84479,1.4176,1.2659,0.97136,1.2864,2.7065,1.5599,0.84154,0.57469,0.060403,-0.40177,-1.2956,-0.31755,0.11014,-0.31913,0.55335,0.1116,-0.093908,0.4866,0.10469,0.20704,0.75768,0.77205,0.094772,0.80418,0.44272,0.5505,0.90448,1.2856,0.42964,0.40993,1.1863,1.1887,-0.45211,0.33969,-0.26018,0.41685,-0.47158,-0.48573,0.30712,-0.61884,-0.28574,0.55613,-0.074528,-0.59149,0.56249,0.93164,0.27543,-0.43489,0.18532,0.12042,-0.38573,-0.050831,0.14783,0.36754,1.0288,-0.96749,0.75527,-0.32108,-0.54097,0.27464,0.099861,-0.23092,-0.8478,-0.0096458,0.43431,-0.43291,-0.47044,0.34637,0.67035,0.30242,0.32269,-0.60982,-1.097,0.43717,0.35444,1.3111,1.6512,0.5442,1.0416,0.56224,0.73491,0.13394,0.036171,0.98281,-0.19364,-0.1301,-0.060461,-0.63204,-0.63274,-0.58994,-1.3897,-0.36442,-0.35727,-1.3157,-0.55972,-1.2037,-0.5012,-0.71795,-1.7388,-1.0955,-0.93355,-0.15072,0.43948,-0.92323,-1.265,-0.58373,0.096908,-0.96434,-0.22626,0.070833,0.2633,-1.3802,-1.0698,-0.7295,-0.18957,-0.18791,0.071804,0.17092,1.1038,0.35789,0.13419,1.1354,0.17098,-1.3275,-1.6809,-0.17251,-1.1497,-1.0377,-0.76748,0.019147,-1.1767,-0.84537,-1.5995,-0.80497,-0.63562,0.82347,0.30134,0.19587,0.35515,-0.29651,-0.61555,-0.0094127,-0.023237,-0.35939,0.013034,-0.79078,-0.20594,-0.24269,-0.878,0.058345,-1.0706,-0.71295,-0.79468,-0.58322,-0.017532,-0.76767,-0.5772,-1.3888,-0.20334,0.74536,-0.84422,-0.0041672,-1.1047,-1.3038,-0.1427,-0.66481,0.41765,-0.52973,-0.49901,-0.59405,-1.6664,-1.4755,-1.2012,-1.3194,-0.6743,-0.89854,-0.96668,-0.97183,-1.318,0.5452,-0.48138,0.099771,-0.10455,-0.1536,0.70547,0.097166,1.2524,0.54655,0.8262,0.12494,-0.31087,-0.079983,-0.97894,-0.17782,-0.19212,-0.23056,0.21849,0.21447,-0.67034,-0.2299,-0.73679,-1.2895,-1.4744,-1.3617,-0.89671,0.46524,0.16579,0.53006,0.77695,1.0575,0.44006,-0.22479,-0.38511,-0.9369,-0.37252,-0.7443,-0.41897,-0.13243,-0.067703,0.38395,-0.22273,0.34187,-0.87978,-0.30298,-0.63752,-0.69142,0.52624,0.13958,0.016436,0.62813,0.17356,0.72293,-1.2668,-0.64762,-1.4356,-0.56531,-1.8262,-1.3596,-0.095345,0.11674,-0.35044,0.52079,0.49762,0.24797,1.5852,-0.22381,0.56593,0.76115,0.61877,0.69946,1.4029,0.99564,1.2878,1.2022,0.48776,0.31808,-0.3188,0.46222,0.3223,0.95094,0.3784,0.062939,-0.086937,-0.033133,-0.27137,-0.29219,-1.2015,-1.3857,-1.7876,-0.65104,-1.294,-0.29332,-0.65242,-0.45622,-0.42851,-0.22078,-0.32599,0.099228,0.89553,0.75006,-0.0010245,-0.27999,0.41212,0.0092733,0.064773,-0.94458,-0.072474,-0.2427,-0.1322,-0.82858,-0.17171,-0.94453,0.45732,-0.42834,0.073801,0.14394,-0.3602,0.43755,-0.62019,0.39634,0.57586,0.51821,0.54391,-0.089028,1.3444,0.27907,1.2437,1.6843,1.8997,0.28655,0.94251,1.0216,0.64919,0.84829,0.95511,-0.93235,-0.61923,-1.8075,-1.0563,-1.4588,-0.92723,-0.44537,-0.14214,0.25586,0.13704,-0.33118,0.61167,-0.057306,0.95972,0.95585,0.80481,0.57,0.58391,1.2804,0.13438,0.68279,0.32872,-0.079786,1.2672,0.66296,0.19182,0.12195,0.46822,0.32078,0.53904,0.09073,0.32252,0.27901,0.66788,1.0377,-0.08451,-0.14163,-0.70387,-0.40793,-0.74636,-0.99559,0.11638,-0.57702,-0.16465,0.48431,-1.1689,-0.40684,-0.082178,-0.073866,-1.047,-1.4447,-0.31951,-0.33224,-0.38976,-1.0858,-1.3731,-0.54408,-0.74477,-0.63345,0.44785,0.11191,0.027919,0.52669,0.5711,0.48015,0.61365,1.889,1.3111,0.5982,0.88222,0.25642,0.60017,0.46281,1.2233,0.63194,1.1705,0.70027,0.5203,0.13715,0.5545,1.0584,0.7261,0.53917,0.60589,0.99433,0.39045,0.98209,1.2398,0.94127,0.30167,0.84145,0.82441,0.76679,0.17873,0.17172,0.68223,0.9023,0.096714,0.4934,0.14369,0.022145,0.26613,0.055435,0.30157,0.51017,0.3843,0.35171,1.2037,1.3234,0.49544,0.38784,1.5129,0.042822,1.027,0.064157,0.46106,0.53953,0.45654,-0.59114,0.29132,-0.50433,1.056,0.86692,-0.003503,0.28585,1.1806,0.94125,2.0418,1.0953,0.75218,0.38687,0.50372,0.68703,1.3589,1.1813,0.063382,0.28686,1.5592,0.54002,0.3681,0.21699,-0.11591,0.31656,-0.467,-0.28096,-0.60014,-0.59627,-0.71682,-1.1466,-1.7245,-1.1506,-0.66623,-0.82274,-0.21734,0.45464,0.60147,1.2714,-0.12352,1.1098,0.53553,0.33689,1.1372,1.0631,0.12357,0.22727,0.67744,1.0682,-0.13193,1.0001,1.2657,0.69894,0.36039,1.7759,0.90209,1.6005,0.80465,1.6326,1.041,0.10776,0.53724,0.83971,-0.10625,-0.29025,-0.75737,-0.61159,-0.26485,-0.33229,-1.1113,0.18161,-0.74945,-0.7116,-0.1874,0.86147,-1.2069,0.99656,-0.50732,-0.36239,-1.0616,-0.26882,-0.90218,-0.70493,-1.2016,-1.0034,-1.4414,-0.80231,-0.50437,0.050912,-0.47887,-0.67045,0.44137,0.078299,-1.0584,-0.57012,-0.92475,-0.76745,-0.50577,0.14548,0.56683,-0.65298,0.52055,-0.26016,-1.0559,-0.11797,1.263,0.55969,-0.11277,1.2845,0.95634,0.46951,1.2808,0.71804,0.30953,0.55869,0.43538,0.20748,0.49741,0.013464,-0.42102,-1.0274,-1.1057,-0.21362,0.3083,-1.797,-1.5399,-1.9516,-1.4205,-1.1138,-1.8571,-1.072,-0.98902,-1.0562,0.0028593,-0.54624,-0.18367,0.096795,-0.32736,0.20533,-0.32251,-0.80887,-0.49312,-0.47927,0.4374,-0.29434,-0.26289,-0.11964,-0.9376,-0.63669,-0.85156,-0.88494,-0.36903,-1.2278,-0.061242,0.10636,-0.72714,-0.17162,-0.54782,0.0036701,-0.58135,-0.43301,0.084059,-0.68741,0.97998,-0.24582,-0.027618,0.42481,0.86366,0.20013,0.34618,0.78399,0.41615,-0.68189,-0.33101,-0.80846,-0.91704,-0.65767,-2.3109,0.23918,-1.9499,-1.1932,-1.4758,-0.27105,-1.3254,-0.037924,-1.3281,-0.24019,-0.23758,0.26442,-0.57682,-0.55089,-0.55542,-1.4454,0.21139,-0.8996,0.98557,-0.062357,1.1691,-1.4738,-1.3713,-0.51333,-0.24457,0.29599,-0.2702,0.94616,-0.67509,0.35531,0.85873,0.63469,0.73048,0.91826,-0.090243,0.24122,0.98582,0.82356,1.7632,1.1783,0.19076,0.34555,1.0643,-0.093565,0.069985,-0.22493,-0.41396,-1.153,-0.71634,0.22566,0.081888,-0.62459,-0.99004,0.6216,-0.83462,-0.81656,-0.26962,-0.48523,-0.78882,-0.55466,-0.68189,0.060311,0.43006,0.79392,0.24444,-0.54202,0.34849,0.18986,-0.052253,-0.076013,0.43462,0.42543,0.56653,1.4756,0.34067,0.71062,0.46664,1.2097,1.2844,0.39517,1.3925,1.3347,1.2617,1.0746,0.49878,0.24748
-0.66031,-0.16394,0.74512,0.15155,0.081446,-0.62975,-0.3614,0.4316,1.1512,-0.080192,0.56096,1.2213,1.7403,3.1121,2.7332,2.2534,1.8302,2.349,2.5267,2.1009,1.4227,1.6326,1.0998,1.7344,1.6746,1.308,1.0312,1.0576,2.2001,2.6016,1.6615,1.9085,1.8355,2.5704,2.6117,2.49,2.3064,1.6714,2.5513,2.8052,2.4655,1.1131,0.6793,0.73772,0.49447,0.71743,0.90322,1.2139,1.6249,2.6263,2.9371,2.4395,1.6591,2.0333,2.1544,2.0669,0.95096,0.75,0.36523,0.75124,2.363,2.3801,1.8824,1.6356,2.4118,2.1621,2.0242,1.6848,0.67092,1.3089,1.3292,0.82202,-0.059034,0.1574,-0.67133,-0.401,1.3142,0.15408,0.84177,-0.63312,0.097849,0.1578,-0.46126,-1.5361,-0.93244,-0.78812,0.64125,0.56645,1.0677,0.95055,1.4533,1.1405,0.22887,1.4925,0.98698,-0.22356,-0.063564,0.12095,-0.51244,0.20755,-0.21636,0.049003,1.218,0.90277,0.45759,1.1584,0.81341,0.84811,1.201,0.19691,0.060604,0.34416,0.85377,0.15983,-0.62917,-0.093725,0.083797,0.51431,0.98851,0.45761,1.4835,0.51958,1.6631,1.5181,0.69633,-0.073393,-0.37344,-0.050989,-1.3947,-1.3248,-2.3329,-2.0195,-1.4546,-1.7427,-1.3948,-1.5224,-1.1991,-0.51251,-0.53274,-0.34904,-1.1711,-1.7982,-1.875,-1.279,-1.3264,-2.6072,-2.101,-1.716,-1.3158,-0.60997,0.48034,-0.26051,-0.01808,-0.70806,0.47981,0.24137,-0.82246,-1.2749,-1.1928,-0.87565,-0.43457,-0.55809,-0.68282,-1.5309,-1.4369,-2.5083,-2.3931,-3.1934,-2.7985,-2.7327,-1.8089,-1.1829,-1.2217,-1.2343,-1.8226,-2.1231,-1.7305,-2.3232,-3.0215,-2.6051,-1.8333,-1.3727,-1.7386,-1.7241,-1.0829,-0.20479,-0.034834,0.88755,0.59619,0.50824,0.33373,0.23617,-0.35922,-1.6822,-1.7304,-1.25,-0.57825,-0.77637,-0.39857,-1.533,-1.3117,-0.80031,-0.72817,-0.42233,-1.1569,-0.98397,-0.93348,-0.40058,-0.36095,-0.41424,0.20824,-0.61937,-0.67701,-1.1142,-2.0403,-1.775,-1.5632,-1.8294,-0.89227,-0.46898,0.11271,0.70682,1.8566,1.5371,0.45743,0.84493,0.69843,1.3418,1.2581,1.6802,1.5004,0.39449,0.44569,0.37393,0.040808,-0.68068,-0.92184,-0.46156,-0.76084,-1.2752,-2.1811,-3.1391,-3.5762,-3.183,-3.5459,-3.4452,-2.8986,-1.0555,-0.80621,0.073022,0.37814,0.024004,0.035898,0.20146,0.90631,0.22791,0.92377,1.464,1.6484,-0.42986,-0.71727,-1.1147,-1.8094,-1.5333,-0.60886,-0.40266,0.034048,0.4297,0.33982,-0.40499,-0.68563,-0.61685,-1.0752,-1.7663,-0.63298,-0.32211,-0.041131,-0.1369,-0.57121,-1.1679,-0.73871,-1.1841,-0.45863,-0.86332,-0.45023,-0.83502,-0.48331,-0.093931,0.12486,0.65368,0.25798,0.30414,0.20248,0.76351,1.7479,1.2007,1.7508,1.9634,1.7901,2.681,3.252,1.7919,1.9081,1.2762,1.4408,1.5912,0.97341,0.35384,1.5051,2.5176,2.4111,2.4625,1.6157,0.35739,0.58443,-1.2236,-1.933,-1.642,-2.2728,-1.966,-1.5764,-1.3451,-0.95275,-1.5544,-1.1672,0.38507,-1.216,-2.6054,-2.7721,-1.8045,-0.96607,-0.78863,-0.54682,0.29962,1.4137,2.1173,2.6962,2.1412,2.6586,2.2072,2.2402,1.1287,-0.068927,-0.28513,-0.39491,0.6777,0.54823,1.3713,1.8478,1.5725,1.126,-0.53932,0.75583,0.28282,-0.22568,0.15192,0.09455,0.82451,0.98798,2.077,2.128,1.9931,2.4022,2.5726,2.3967,1.1908,0.77337,0.85821,1.7981,2.2149,1.5231,1.2452,0.95088,0.49411,-0.1606,-0.23933,-1.0564,-1.9715,-1.6448,-1.5003,-1.9868,-1.6607,-1.1549,-0.28431,-0.35658,-0.74665,-1.4932,-1.3613,-1.8734,-2.3065,-1.5295,-0.61223,-1.7569,-1.5871,-2.1289,-3.0108,-3.728,-2.7527,-2.081,-1.9539,-0.93472,-1.2391,-0.77364,-0.32262,-0.32348,-0.9114,-0.92311,-1.7821,-1.2145,0.047406,-0.1691,-0.59759,0.48657,0.50805,-0.34086,-0.66843,-1.2532,-1.5536,-0.67897,0.36373,0.42472,0.56656,1.1172,0.3125,1.1313,-0.79507,-0.49424,-1.0327,-1.1661,-1.8626,-1.8355,-2.0987,-1.6859,-0.78926,-0.71797,0.51459,0.80975,0.68632,0.41756,1.259,2.4186,1.0769,1.1064,0.89966,1.8302,2.5206,2.3916,2.7264,2.0118,1.7438,1.6937,-0.076939,-2.2843,-2.4545,-1.9718,-1.7853,-1.3349,-1.0825,-1.1321,-0.61682,1.0051,1.3148,1.6991,1.5942,2.1115,2.1865,1.9304,1.2791,1.2414,-1.1742,-0.48416,-0.74472,-0.017155,-0.11644,-0.66161,0.61626,0.36418,-0.35538,-0.25613,-0.23415,0.051172,0.58748,0.60275,1.242,1.3003,1.6578,1.5752,1.9645,0.80856,-0.26026,0.88242,0.51381,0.14026,0.11357,0.2979,1.3049,1.2277,1.6262,1.8588,0.54822,0.57564,-0.35602,-2.1179,-2.1601,-3.1655,-3.0466,-2.8975,-2.8043,-2.3632,-2.3891,-1.8828,-1.4857,-1.8364,-2.0522,-2.7389,-1.5763,-0.87369,-0.92666,-0.048995,-0.89602,-0.52313,0.65366,0.40322,0.11021,0.22662,-0.49709,-0.96335,-0.96583,-2.5279,-2.3831,-3.4966,-2.8345,-2.613,-3.3779,-3.5312,-2.3787,-2.0492,-0.42872,-0.70936,0.18836,1.1985,0.94464,1.2484,0.41916,1.5753,-0.33496,0.73843,0.84331,0.80544,0.71201,0.63517,0.26234,1.154,0.41026,0.21694,0.27097,0.44427,0.48859,0.75521,0.76117,1.5482,0.69344,0.7899,1.8532,2.5702,2.8671,2.2897,2.4925,2.5103,2.6451,2.8095,1.9859,1.833,0.89681,-0.049392,-0.36965,-1.1593,-1.4182,-2.2095,-2.6788,-1.8058,-1.387,-0.93902,-1.1732,0.46146,0.49801,0.25882,0.19974,-0.66271,-0.39964,0.87133,0.49612,0.85479,-0.035256,0.7695,0.55152,0.70305,0.93929,1.2496,0.81268,1.1631,1.0925,1.0908,0.25947,-0.71013,-1.0267,-0.72912,-1.4551,-0.96317,-0.94534,-0.96825,-0.12332,0.11869,0.0059438,0.010085,0.29623,0.9955,1.2795,0.62381,0.6457,-0.12203,-0.22256,0.29985,-0.16076,-0.52226,-0.50322,-1.4558,-0.97113,-0.2611,-0.63646,-0.3868,0.20507,0.83095,1.9461,1.9762,1.6925,1.3529,1.8907,1.6044,1.6389,-0.083029,0.33845,-0.59862,-0.19929,0.74214,0.34335,-0.35268,-0.030697,0.16487,0.39684,0.63445,0.83937,0.10073,0.56965,1.3528,0.47843,0.98859,0.082459,0.41593,0.35746,-1.1285,-1.2673,-1.4404,-1.7107,-1.6319,-1.9489,-1.8281,-1.9878,-1.7207,-1.1971,-1.4825,-1.4965,0.12221,0.27076,2.7465,1.7729,1.0036,0.41661,0.45821,0.11538,0.65125,-0.28896,-0.41126,-0.51691,-0.22048,1.1481,-0.0196,-0.025759,-0.3611,0.077576,1.558,-0.96874,-1.4742,-2.3252,-2.1569,-2.1495,-3.0036,-2.2719,-2.9232,-2.559,-1.7479,-1.1003,-0.26714,0.69109,0.48996,1.659,1.3998,1.6954,1.5071,0.94702,2.309,2.2725,2.7027,0.36496,1.0383,0.94397,1.2446,0.91529,1.0238,-0.15741,0.68691,0.60074,-0.60718,-0.86184,-0.85882,0.080557,0.20787,0.019278,-0.21309,-0.47917,-0.0055855,-0.10227,-0.91208,-1.8524,-1.7712,0.070136,0.4434,0.98343,1.0177,1.5691,2.286,1.209,0.13009,-0.52662,-0.77446,-0.45549,-0.13474,-0.99323,-0.84487,-1.4641,-0.93262,-1.4388,-1.0918,-2.1269,-1.8078,-1.6036,-1.7653,-3.0834,-2.5355,-3.7328,-3.1701,-2.2451,-2.361,-2.2554,-2.2229,-2.4814,-2.1472,-1.3109,-0.3701,0.11108,0.36437,0.39795,0.69836,0.38146,-0.6144,-0.7733,-1.8611,-0.49928,-2.1829,-2.0586,-3.1247,-2.54,-1.1789,-0.66436,-0.87959,-0.82362,0.26577,1.2027,1.754,0.63755,0.78015,0.2322,1.1817,0.90961,0.18711,-0.34244,-0.31639,-1.2744,0.81952,1.3867,1.4626,0.99685,1.1553,0.35129,0.14487,-0.61706,-1.0075,-1.1124,-0.57517,-1.5904,-1.8249,-2.3092,-2.5265,-0.64122,-1.061,-1.0591,-1.2787,-1.0955,0.77503,0.66084,1.0558,0.87887,1.1987,1.7413,1.5567,0.69973,0.29749,0.099423,0.43272,-0.29368,-0.162,-0.82473,-0.56249,-1.226,-0.58072,-0.66323,-0.29735,-0.088886,1.3868,0.64886,0.53122,0.31122,-0.013507,0.885,0.14142,-0.92951,-1.2574,-0.85407,-1.566,-1.8156,-0.92895,-0.87587,-0.86847,-1.1404,-1.4091,-1.7681,-1.2689,-1.8434,-1.5921,-2.242,-2.219,-1.9362,-1.3521,-1.7153,-0.72175,-0.5368,-0.08706,0.024927,0.61031,0.22177,0.36268,0.32535,1.2021,1.3683,0.89113,1.1497,1.1641,1.7663,1.3763,1.0057,1.2297,1.1152,2.5359,1.3104,1.8093,1.5931,1.6015,2.1185,1.7706,1.9008,0.96856,0.99092,1.528,0.96664,0.73809,0.040624,0.65226,1.1156,1.2778,1.1802,1.0005,2.1265,1.9249,1.7882,1.3946,1.6326,2.1175,1.8313,1.4662,1.028,1.0804,2.129,2.103,2.1248,1.3101,1.7389,1.0392,1.3799,0.023562,1.0238,1.2813,1.9669,1.8953,1.1029,1.0968,0.85447,2.4621,1.7242,1.6625,1.1307,1.2809,1.512,-0.4182,-0.7466,-1.9434,-1.2771,-1.7983,-0.74148,-0.85854,-0.36472,-0.61082,-0.056332,-1.1379,-1.4189,-1.4004,-0.53087,-0.50479,0.31441,0.22518,-1.5729,-0.71557,-1.2819,-0.96643,-1.4279,-1.3712,-2.0672,-2.5112,-2.2509,-2.7936,-1.2989,-0.87764,-1.3222,-0.97993,-0.35021,0.78788,1.5268,0.95148,1.519,1.2891,1.9601,1.8441,1.6671,2.2203,2.1077,2.573,2.6274,2.3037,1.9506,3.1524,3.0521,2.6268,1.4613,0.95146,1.1722,1.115,0.11468,-0.15265,-1.1956,-1.1975,-1.8812,-0.43475,-2.7562,-2.1684,-2.2121,-2.7374,-1.7321,-1.3152,-1.6258,0.013824,0.79746,0.91675,1.0241,0.44133,-0.57762,-1.8609,-1.2225,-1.0994,-2.1907,-2.6017,-2.5024,-2.3845,-1.1701,-1.6701,-0.17158,0.071332,-0.046061,0.11525,0.3353,-0.065135,-0.14359,0.10581,0.20621,2.2116,0.18627,0.75216,-0.10072,-1.2368,-0.78069,-0.49225,0.030201,-0.7201,-0.67017,0.5918,0.12289,1.2085,-0.39548,0.27917,0.56411,1.0153,0.43635,-0.10018,-0.059501,-0.57779,0.15999,0.65879,1.4219,1.3593,0.68372,0.99001,1.546,1.3475,0.61444,1.2912,1.8338,0.35648,0.64359,0.1921,-0.4771,0.36227,1.3416,1.397,1.4119,1.8389,2.335,2.9589,2.2652,2.3592,2.2113,1.9542,2.8097,2.8447,1.9937,0.80893,-0.60707,-0.59664,-0.48283,-1.4727,-2.0841,-2.1215,-2.0989,-1.1464,-1.9817,-1.2685,-1.7192,-0.58491,-0.10429,0.51985,0.36263,0.24746,0.43826,0.4663,0.15247,0.20832,-0.44867,-0.22602,-0.71945,-1.463,-1.9005,-2.317,-2.2122,-2.5587,-2.6391,-2.659,-1.5558,-1.2829,-1.4559,-1.3875,-1.8784,-2.8171,-2.3018,-0.89319,-1.039,0.17468,0.0013275,1.1848,1.7545,1.0334,0.57526,-0.026366,-0.97727,-0.36323,-0.72205,-1.0561,-0.4623,-0.82415,-0.80915,-0.42933,-0.52554,-0.1822,-0.39663,-0.40097,0.50094,1.1189,3.0585,2.9586,2.1047,2.0305,1.6697,0.81853,1.0511,0.9085,1.9361,2.4167,1.2055,-0.51888,-0.53612,-0.65833,-0.38871,-0.24711,-1.1039,-1.1876,-0.32318,-1.2604,-0.93873,-0.76385,-0.46783,-0.49393,-0.51173,-0.20879,-0.24265,-0.52107,-0.85981,0.73635,0.41262,0.04849,0.27352,-1.354,-0.060689,-0.30504,-0.60309,0.35399,1.2538,1.0672,1.0265,1.6688,2.1557,2.312,2.3533,2.0371,1.7916,1.414,1.0943,2.4526,3.0101,1.9736,1.8323,1.0634,1.1922,0.29401,-0.8376,-1.2086,-2.4369,-2.9411,-2.518,-2.6633
1.1337,1.1857,0.74087,1.374,0.6345,0.2853,1.1379,0.61931,1.2165,3.0371,1.1535,0.028414,1.6339,1.1257,0.010312,2.292,1.3952,1.8621,1.9002,0.66817,2.5668,0.91662,1.4121,0.79963,1.6181,0.8439,0.57005,1.0658,0.457,0.30262,0.34555,0.54009,1.2885,1.1866,0.41731,0.84256,1.2116,1.2245,1.6243,-0.036486,0.27752,1.0238,1.9857,0.83748,-0.82008,0.36209,1.3017,1.1439,1.1275,0.71292,0.69978,-0.39344,0.92711,0.75348,0.96403,0.44093,-0.3016,-0.18067,1.348,-0.61001,1.0506,-0.67639,0.44403,-0.045727,0.41279,-0.11676,0.3072,-0.14678,0.055811,0.023296,-0.27055,-0.31884,-0.71606,0.36033,0.37785,0.30804,1.3166,-0.46826,-0.52636,0.12917,0.12834,0.31945,-0.34243,-0.57178,0.08526,0.74992,-0.079879,-0.44493,0.30264,0.36245,0.20421,0.54184,-0.75172,-0.57956,0.64356,0.94912,0.34396,0.27345,-0.49836,-0.39883,0.81274,0.57345,0.44382,0.046399,0.35787,0.092486,1.2463,-0.77034,-0.60805,0.95065,0.48465,-0.42171,-0.16399,-0.22648,-1.2022,-0.96368,-0.41381,-0.72764,-0.90766,-1.0561,-0.80149,-0.60912,-0.63715,-0.67927,-1.0873,0.24627,0.47618,-0.13832,0.31282,0.083217,0.35068,-0.1521,-0.22021,-0.91567,0.086728,0.013402,1.1781,1.0385,0.72252,1.3398,0.22286,0.70755,0.45308,0.4382,0.42174,-0.34914,-0.24361,0.10561,0.049916,-0.32521,-0.71844,0.039784,-0.025534,0.7322,0.29967,-0.098648,-0.11597,-0.16056,-0.13354,-0.64489,0.38264,-1.1085,-0.10774,-0.63877,0.12394,-1.0023,-0.71051,-0.027516,-0.73301,-0.41853,-0.079922,-0.29325,-0.47256,-1.0958,0.096073,-0.56825,-0.443,-0.11998,0.017075,0.27109,-0.028169,0.33274,-0.21685,-0.63431,0.21884,0.20086,-0.22241,-0.69242,-0.57217,0.012922,-0.07567,-0.096686,-0.083837,-0.41395,0.041588,-0.10266,-0.050088,-0.22702,0.53682,-0.80453,0.52263,-0.037868,-0.38129,-0.82808,-0.46856,-0.75958,-0.86694,-0.39796,-0.38025,-0.74118,-0.3926,-0.68301,-0.33105,-0.5836,-0.13241,0.056538,-0.9396,-0.18936,-0.68953,-0.88165,-0.34509,0.042428,-1.1188,0.087155,0.14964,0.82827,0.50535,1.1367,-0.017622,-0.19473,-0.32762,0.19994,0.12263,-0.48702,-0.60962,0.075063,0.1573,-0.44804,0.7476,0.0074712,-1.1122,-0.32997,0.46827,0.23333,-0.043805,0.14099,-0.4718,0.20773,-0.52128,0.25976,-0.19748,-0.057071,-0.099697,0.22771,0.44097,1.1137,-0.48235,-0.8478,-0.85888,0.0381,-1.2346,-0.57734,-0.42246,-0.64803,-0.92079,1.0502,-0.43387,-1.1768,-1.3512,-0.56255,-0.062022,-1.1902,-0.63833,-1.0742,0.85022,-1.1106,-1.4572,-1.4334,-1.0041,-0.30298,0.67016,0.54426,0.092397,0.27735,-0.071681,-0.034042,0.016882,0.40221,1.0117,0.24259,-0.19783,0.6267,-0.085123,1.2145,1.0431,0.22489,-0.19395,-0.018334,0.45529,0.0013756,-0.90143,-0.4837,1.3347,1.046,1.0211,0.15183,-0.42245,0.47884,0.55082,-0.67043,-0.91017,-0.83901,-0.54365,0.47636,-0.28872,-0.48283,-1.8321,-0.0080782,-0.39288,-0.64617,-0.67105,-1.1135,-0.17018,-0.4501,-1.11,-1.4655,-0.90412,-0.29295,-1.3399,0.30122,-0.66921,-0.27793,0.21549,1.0053,0.9938,1.4851,-0.088984,0.31618,0.52247,-0.11894,-0.68341,-0.62318,0.4885,0.73581,0.20207,0.89355,0.50062,0.047853,-0.59613,-0.71002,-1.1669,-0.31639,0.27615,-0.28377,0.017391,-0.44557,0.97217,0.98047,0.038699,-0.97651,0.10895,-0.73622,-0.58131,-0.52067,-0.39038,0.014863,0.0054196,-0.056431,-0.62353,-1.9809,-0.97004,-0.15752,-0.90428,-1.1108,-0.98196,-1.3181,-1.0972,-0.93451,-0.81433,-0.96403,-0.99733,-0.9976,-0.64923,-0.3717,0.068038,0.37854,-0.05255,0.24392,0.26193,-0.39646,1.0791,-0.97787,-0.69098,-0.92919,-1.4106,-0.22119,0.037378,-0.71504,-0.49379,-0.19378,0.89999,-0.15128,0.24916,0.18177,0.14644,-0.557,-0.86446,-0.41412,-0.54725,-0.30204,-0.25856,-0.9586,0.29971,-0.94201,-0.61072,-0.64205,-0.22679,-0.19492,0.85097,-0.4996,0.72904,0.90432,0.78756,-0.53288,-1.3182,-0.59308,-0.7303,0.11337,0.0046311,0.18346,-0.037563,-0.060125,0.23498,0.58868,0.80764,-0.14126,0.024766,0.72005,0.86592,0.12743,-0.22561,0.29821,-0.66662,0.44112,0.40097,0.3554,1.0941,-0.66082,0.29835,-0.15435,0.53678,-0.94033,-0.43482,-0.9231,-0.16718,-0.24592,-0.80815,-0.93301,-0.82336,-0.53755,0.55827,-0.48611,-1.1297,-0.63467,-0.47194,0.09046,-0.19772,0.029266,-1.0019,-0.23548,-0.074806,0.016675,-0.21594,-1.1698,-0.58208,-0.50428,0.8119,-0.11928,0.45821,0.72495,0.65692,1.6328,0.084757,-0.04308,0.21473,1.7384,-0.19791,-0.39794,1.3699,0.92336,-0.27659,0.095356,-0.46713,0.15714,0.073112,-0.19391,0.68291,0.20055,0.25209,0.57887,0.12048,-0.92115,0.0096013,0.33769,1.133,-0.18177,-0.27797,0.12909,0.30261,-0.37339,-0.041422,-0.41172,-0.050551,0.088871,0.42501,-0.28637,0.41779,0.14862,1.4928,0.33998,0.18985,-0.21439,0.55683,-0.58583,-0.76525,-0.48542,-0.34906,-1.3121,-0.34088,-0.76833,-0.012892,-0.99902,-1.1162,0.32803,0.86937,0.89183,1.2167,0.57679,0.18708,-0.7273,0.94212,1.071,-0.079723,-0.13897,-0.97076,-0.050251,0.065542,1.0509,1.5124,-0.088799,-0.95531,0.64383,-0.23943,0.23012,0.26667,-0.6041,0.01593,0.23365,0.32138,0.29871,0.34932,0.29588,1.001,0.46473,-0.70513,-0.26768,0.65732,0.87604,1.2063,0.2505,0.21203,0.66795,0.20612,0.19046,-0.054598,0.3243,0.59037,0.35438,-0.060711,-0.35817,-0.12299,-0.61326,0.59878,-0.051123,0.42114,-1.0939,-0.015175,-0.055775,-0.43816,-0.36705,-1.323,-0.3484,-1.0887,-0.91363,-0.46414,-0.97617,-0.89385,-0.51293,-0.49669,-0.5928,-0.30412,-0.13085,0.23353,-1.4015,-0.6982,-0.051441,-0.98585,-0.81686,-0.25773,0.057756,0.053464,0.26611,0.21196,0.27707,0.28944,0.32299,0.7607,1.7073,0.28736,0.22498,0.8958,0.98006,1.9749,0.11046,0.16988,-0.2749,0.0049669,0.07747,-0.018058,0.064198,0.57922,0.27678,0.83096,0.34001,1.1474,0.89597,0.80557,1.0737,0.1577,0.24613,0.061701,0.64887,0.065001,0.75708,-0.5728,-0.10318,0.98534,0.97459,0.063599,-0.48817,-0.12065,0.64117,-0.4416,1.9078,0.39789,0.086591,0.27108,1.2099,-0.25808,-0.0084848,-0.94535,-0.42822,-0.80181,-0.98435,-0.070202,-0.1369,0.76975,-0.93006,-1.4272,-0.75301,-0.28633,-0.082174,0.05114,0.88802,-0.37523,-0.85874,-0.54524,0.11072,0.47393,0.87931,0.82365,-0.96528,1.4011,0.22953,-0.30148,-0.57285,0.28884,1.2437,1.28,0.34812,-0.036415,-0.050248,-1.1809,-1.7677,-1.7511,-1.0413,-0.10232,-0.63937,-0.64074,-0.89777,-0.36393,-0.65345,0.2174,0.17534,0.56187,0.21711,0.19969,-1.035,0.031002,-0.64043,-0.094953,-0.2535,-0.31574,-0.3609,0.891,-0.92712,-0.75055,-1.1467,-0.67064,-0.86108,0.0016266,-0.21454,-0.66603,-0.043197,0.73282,0.58707,-0.48426,-0.92762,-0.55385,-0.95597,-0.86437,-0.63566,-0.11812,-0.74407,0.54547,0.33862,-0.14963,0.22829,0.69784,-0.9202,0.12275,0.2235,0.6761,0.21848,0.33727,0.61537,-0.51488,-0.93607,-0.62308,-0.036598,1.0112,-0.17163,-0.30665,0.9105,0.28958,1.1401,-1.076,-0.23702,-0.59394,-0.10059,-0.28493,-0.47753,0.17939,-1.3375,-0.80765,-0.2217,-0.10391,-0.67477,-1.0495,-0.63052,-0.89522,-0.85922,-0.81435,-0.4788,-0.055688,-0.053988,-0.21795,-0.67456,-0.6369,-0.81313,-1.1041,-0.18488,0.8021,0.48618,-0.80582,-1.0376,-0.24401,-0.28017,-1.6971,-1.3817,-1.6329,0.30085,-0.8104,-0.74873,-0.31636,-0.21004,0.72454,0.36346,-0.066629,0.61965,-0.39739,0.13504,-0.10734,0.36321,-0.39856,0.59833,-0.56257,1.3476,0.21728,-0.099986,-0.23421,-0.32529,-1.0023,0.14336,0.55517,-0.3321,-1.0408,0.52955,0.80195,-0.1837,0.38519,-0.0043106,0.47554,0.19595,-0.55997,0.45665,0.81627,1.0431,0.60169,0.38201,0.020311,-0.095606,-0.11686,-0.72461,-0.55339,-0.091003,-0.26365,0.04998,-0.52377,0.67941,-0.26624,-0.27533,0.15794,-0.35833,-0.046495,-0.52753,0.20633,-0.88583,0.00047614,-1.0532,-0.87589,-0.10821,0.18403,-0.57455,-0.58358,-1.4434,-0.15065,-0.4003,-1.2046,-0.99608,0.13112,-0.77098,-0.40625,-0.49724,-0.71143,-0.49019,-0.24526,0.49592,-0.12011,0.47825,-0.40835,-0.68465,0.11295,0.14973,0.75098,0.40607,0.1913,0.37042,0.30721,0.31606,0.93074,1.0748,-0.1023,-0.32762,0.35885,0.79958,1.2528,1.2687,-0.59818,0.3891,0.51509,0.51863,1.0676,-0.36546,-0.20352,1.0062,0.48515,1.3556,-0.64841,0.83106,0.91696,0.20457,0.5323,0.10263,0.21739,0.42343,0.43955,0.11973,0.073313,0.39619,-0.32085,-1.0783,0.21569,0.27187,0.56838,-0.72857,-0.41124,-0.016539,0.4169,-0.70883,-0.010988,0.36622,-0.83821,0.10946,-0.22537,0.49131,0.032448,0.4688,0.4587,-0.72109,0.30678,-0.062118,-0.35221,-0.68155,-0.0043227,-0.31795,1.1965,-0.43326,-0.32373,0.067978,0.70258,-0.047093,0.49751,-0.29423,-0.28843,-0.25214,1.5737,0.26648,-0.37987,-1.8324,-0.92979,-1.145,-0.33399,-1.3789,-1.5272,-1.2362,-0.4485,0.044047,-0.46917,-1.3955,0.37943,-0.33566,0.47404,0.23145,0.066802,-0.33315,0.4854,0.41157,-0.40399,0.82968,-0.018111,0.2652,0.28491,0.83778,0.43988,0.75828,0.31512,0.034911,-0.41217,0.44774,-0.17265,0.212,0.68027,0.74123,1.516,-1.3688,0.10036,0.106,0.21929,-0.23582,-0.29574,0.236,-0.048467,0.30855,0.33267,0.38883,-0.79313,0.20239,-0.16967,-0.13125,0.7666,-0.1346,-0.31025,-0.68204,-0.50493,-0.24676,-0.7346,0.102,0.00034059,-0.33117,-0.28416,0.17524,-0.98059,0.57624,-0.23422,0.75765,0.27993,-0.99348,-0.11864,0.42278,0.5965,-0.0074234,-0.11043,0.011376,-1.0652,-0.21316,0.76142,-0.21767,-0.23126,0.31683,0.93432,-0.37645,0.51989,1.3079,0.67827,-0.69015,0.62674,1.8454,1.2521,-0.0063298,0.10192,2.0253,0.77701,0.38435,0.55725,-0.30608,0.48115,0.70698,0.68134,-0.33576,-0.2689,0.50369,-0.95335,-0.64145,-0.43265,-0.22388,0.25732,-0.32496,-1.2099,-0.47267,0.29212,-0.26745,0.82574,-0.57927,-0.931,-0.32978,-0.69077,0.14079,-0.63279,0.16381,-0.35114,0.51533,0.28681,0.053523,-1.1675,-0.48738,-0.92518,-0.26909,-0.021925,-1.3179,-0.6454,-0.65541,0.69416,0.51771,0.47167,0.58692,0.16836,0.27805,0.63778,0.66485,0.12307,0.041788,0.67808,1.4557,0.8653,0.66477,1.1229,1.0323,-0.10726,0.75733,0.60365,0.52891,0.78502,0.60203,0.11477,-0.15961,-1.1061,-0.50214,-0.31612,-0.96501,-0.88111,-0.31662,-0.28022,-0.06827,-0.27041,-1.0659,-0.40617,-0.69687,-0.47716,0.44288,0.19931,0.68574,0.057209,0.18858,-0.17686,0.47146,-1.3734,-0.48232,0.25226,0.53003,0.47596,-0.18943,1.0466,1.2269,0.75131,2.2027,1.5068,1.1679,0.81121,-0.82211,-0.53584,1.1471,-0.62453,-0.087119,-0.3037,0.43441,0.48009,0.97805,0.18584,0.53474,0.51779,0.36089,0.29161,0.097656,-0.12609,-0.54749,0.10145,-0.35329,-0.59644,-0.16714,0.23339,0.32856,0.10205,-0.13199,0.41991,0.54174,-1.9775,0.020874,0.026767,-0.16301,0.68036,1.3747,0.73336,0.025006,0.82624,1.2611,0.78976,0.083315,-0.71666,0.88345,1.2375,1.2715,-0.19347,-0.046945,0.11849,1.1629,0.6625,0.91284,-0.33503,-0.62501,0.67403,1.2576,0.99289,-0.12083,-1.2034
1.2136,-0.017153,0.17001,0.47695,0.55376,0.33446,0.27013,1.1448,0.61065,1.0383,-0.27598,0.64853,1.5574,1.226,-0.47921,0.522,0.051415,1.6864,0.86293,0.4697,0.63622,0.18098,0.57761,0.17891,-0.038416,0.71992,0.0926,0.20106,0.46606,0.48661,-0.053287,-7.6678e-05,0.55017,1.6855,0.91425,0.15559,0.038873,0.38559,0.70818,0.49138,-0.57015,0.47562,0.50061,-0.28432,-0.28049,0.35358,0.77479,-0.33973,0.91522,-0.28073,0.12056,-1.0106,0.5962,0.53287,-0.020719,-0.67892,-0.053214,-0.14141,-0.24232,-0.24497,0.81998,0.27916,0.7592,0.20638,-0.16574,-0.17582,0.6702,-0.49806,-1.5482,-0.78346,0.93215,0.39198,0.56203,1.8495,-0.45787,-0.25269,0.71705,-0.16738,1.3632,0.33947,1.1341,-0.6063,1.378,-0.12216,-0.51886,0.20111,0.10146,0.27654,-0.60315,-0.63962,-0.4917,0.35171,0.0012506,-0.57643,-0.041774,-0.90942,-0.52124,-0.027275,0.16546,-0.25757,0.5696,-0.29896,-0.25162,0.83025,-0.075201,-0.10168,-0.013107,0.16708,0.067736,-0.014701,0.35278,0.84038,0.49285,1.617,1.4823,-0.24775,0.51176,-0.23698,0.056627,-0.12401,-1.3486,-0.083945,-0.042971,0.23341,-0.72148,0.52434,0.51201,-0.011238,0.99561,0.66489,0.52907,1.5087,0.99817,0.15936,0.66878,0.76537,-0.044865,-0.072839,0.73569,0.34218,-0.050398,0.83501,0.097809,0.080318,1.4234,0.55437,0.41854,-0.39016,0.93199,0.26086,0.66207,0.90449,1.5069,0.58339,1.2448,0.68315,0.29991,0.38306,0.1465,-0.13362,0.62159,-0.087357,0.0012704,0.15337,-0.38027,-0.64702,0.19759,-0.58698,-0.37509,-0.34093,-0.8508,-0.76162,-0.73256,-0.90195,-0.62531,0.032813,-0.27592,0.52223,0.13878,-0.51497,-0.40866,0.053315,0.22937,-0.43233,-0.53139,0.46934,0.24823,0.52136,0.0035199,0.072138,0.39446,0.64191,0.37211,0.22321,0.21598,-0.021739,0.88543,0.22105,1.2518,0.14462,1.3007,0.62523,0.47734,0.18051,0.17683,-1.299,0.5263,-0.44321,-0.8809,-0.47475,-1.0718,-0.44484,-0.61464,-0.39095,-1.0256,-0.33109,-0.27647,0.30917,0.032096,-0.38931,-0.22343,-0.53429,-1.216,-0.039435,-0.25523,-0.24073,-0.071653,0.56466,0.69213,0.36107,-0.30183,0.13716,0.51554,-1.6521,0.093407,0.34285,-0.26643,0.23924,1.0651,0.72775,0.27588,1.5901,0.79195,1.2739,0.68398,-0.57881,-1.5935,0.634,-1.5288,0.14728,-0.82766,-0.78187,-1.0005,-0.7253,-0.10275,1.4056,0.66706,-0.24934,0.16244,1.0941,0.62022,1.3323,0.85371,-0.061802,-1.4813,0.56342,-0.69153,-0.77471,-1.3998,-1.0722,0.93027,-0.037714,0.76726,-0.17794,-0.46051,-0.87981,-0.78698,0.34899,-0.17028,-0.44001,-0.40007,-1.549,-1.1309,-0.39095,-0.82127,-0.82756,-1.315,-1.8039,-0.63824,-0.52492,-0.030658,-0.515,-0.2293,0.11107,1.0391,0.51519,-0.84544,0.81272,0.17502,-0.019679,0.47742,-0.66638,1.0822,-0.68669,-0.74986,-0.17218,0.059999,0.16225,0.2692,-0.40581,0.41266,0.70337,0.55008,0.25729,1.0422,1.08,-0.13448,0.60833,0.080759,-0.083872,-0.49059,-0.24786,-0.030359,-0.68534,-1.3518,-1.8549,-0.75924,0.19237,-0.59143,-0.10965,-1.1086,-0.53537,-0.17866,-0.37079,0.57162,0.14412,0.47276,0.94778,0.75044,-0.069251,0.69061,0.29474,-0.16457,-0.8009,-0.32717,-0.92322,1.1881,-0.55607,-0.45301,-0.86854,-0.15186,-0.55649,-1.3518,-1.2144,-1.342,-0.95859,-1.7891,-0.74248,-0.35627,-0.37224,-0.55758,-0.80802,0.61472,-0.27631,0.59009,-0.15547,0.24475,-0.020544,0.20504,-0.43124,0.31995,-1.7482,-0.32343,0.11239,-0.12862,0.3812,0.51796,0.87006,0.28996,-0.10188,1.2916,0.22509,-0.46989,-0.49142,-0.43013,-0.43191,-0.60373,-0.13791,-0.74474,-0.26572,-0.07468,-0.32348,-0.37492,0.66591,0.40103,0.12149,0.49621,-0.18203,-0.44634,-0.38224,0.22602,-0.046664,-1.0099,-1.4922,-0.46995,-0.14679,0.66623,0.32835,0.045764,-0.64195,-0.31506,-0.14644,0.28399,-0.17602,-0.14086,-0.15875,0.056257,-0.40116,-0.24904,-0.729,-1.4658,-0.69615,-1.2397,-1.0245,-1.1428,0.63904,-0.5469,-0.51515,-0.65627,-0.15267,-0.010377,0.4502,-0.51054,0.02064,0.79901,-0.83042,-0.28075,-0.37461,-0.32457,0.12019,-0.20753,0.31223,-0.2684,0.066594,-0.26817,-0.11435,0.9618,-0.32931,0.37399,0.5662,-0.16897,-0.25482,-0.20592,0.15421,-0.52773,-0.69714,-0.51113,-0.53192,-1.0919,-0.68989,-0.15729,-1.1034,-1.0604,-1.4892,-1.2329,-0.57855,-0.52928,0.24005,-1.5583,0.032708,0.63286,-0.11347,-0.3929,-1.6452,-0.3115,-1.862,-1.3072,-0.41803,-1.8677,-1.3928,-0.037628,-0.60025,-1.0308,-0.10554,0.19959,0.49147,0.16115,-0.69333,0.67617,0.42806,-0.70992,0.14627,-0.059982,-0.29766,-0.28547,-0.55274,0.05479,-0.16486,-0.44926,-0.1029,0.64761,-0.21727,0.75207,0.82476,1.3946,0.53142,0.32497,0.11481,-0.90014,-1.27,-0.89795,-0.012252,-0.31437,0.11711,-0.78373,-0.87304,-0.29148,0.24012,0.67574,-0.11695,0.24174,-0.44976,0.68844,1.3342,0.032301,1.0357,0.97201,-0.22183,0.64065,0.38274,0.027656,0.56008,-0.097666,-0.71067,-0.31193,-0.015342,-1.0332,0.13944,-0.32466,0.015187,1.573,-0.3241,0.58591,0.59981,0.050544,0.23759,0.73993,-0.345,0.96753,-0.010945,0.45459,-1.5565,-0.87494,0.34272,0.32446,0.031078,0.20058,-0.11465,-0.042371,0.17048,0.026962,0.89873,0.85865,0.34462,0.74042,0.94563,0.49251,0.95338,0.24482,0.5628,0.16029,-0.0093628,0.26715,-0.060608,0.23861,2.2848,1.5485,-0.31985,0.94475,0.64036,0.32887,0.23037,-0.19325,-0.60362,0.57495,-0.076862,-0.045508,0.11151,-0.37633,-0.27872,0.096021,-0.17093,-0.17062,-0.020184,-0.49299,0.21626,-0.58977,-0.31944,-0.46442,0.098945,0.49842,1.4208,1.3406,0.58625,-0.12703,0.59109,0.33748,-0.1897,0.52276,-0.096593,-1.0918,-0.49577,-0.4268,-0.96646,-0.68697,-0.77726,-0.80353,0.25448,0.65157,0.1162,0.28498,-0.35628,-0.48374,-1.2143,-0.29951,-0.65277,-1.1154,-0.58475,-0.96612,-1.0661,-0.25749,-1.8439,-1.3167,-0.2739,1.2042,-0.16616,-0.78538,0.37316,-0.15736,0.18958,0.40019,-0.7663,0.2484,0.24321,-0.077516,-0.28301,0.48454,-0.20302,0.18673,0.19817,0.015272,-1.0328,-0.94095,0.77334,0.074561,-0.79477,-1.7619,0.68648,0.069608,-0.051138,-0.72783,0.70472,-0.54329,-0.30948,-0.37525,0.94687,-0.066519,-0.76318,-0.5642,-0.36508,-0.78594,-1.0938,-0.51199,-0.55151,-0.90946,-0.53888,-0.96167,0.49448,0.2656,0.79527,0.89459,-0.49583,1.7485,-0.46055,0.50685,-0.81154,0.47596,0.58833,0.62219,0.37888,0.84388,1.3628,0.17414,-0.83946,0.10891,-0.82046,-0.13234,0.39255,-0.043815,-1.0515,-1.2707,-1.4447,0.17169,-0.72743,0.017193,0.2268,0.67258,-0.013975,-0.4563,0.40668,0.1253,-0.79519,1.0547,-1.1581,-0.49442,-0.35618,-0.29907,-0.12717,0.21748,-0.83483,0.20512,-0.77039,-0.82864,-1.1284,-1.1309,1.3625,0.40797,0.54496,-0.49433,0.13212,-0.0049999,-1.0779,-0.046593,-0.89934,-0.81928,-1.1881,-1.4173,-1.633,-1.2611,-1.4708,-0.96115,-0.45991,0.91294,1.2864,-0.029507,1.553,1.4217,0.90173,1.3841,0.99948,0.56117,1.2856,1.4143,0.48044,0.10571,1.4872,0.52034,0.29641,-0.74521,-0.29441,-0.52568,-0.78291,0.31028,-0.20067,-0.1165,-0.29611,-1.3421,-0.24195,-0.80721,-0.6015,-0.66361,-0.79237,-0.4007,0.45122,0.16576,0.26016,0.47299,0.93966,1.5204,0.63273,-0.11633,-0.82986,0.16036,-0.51247,-0.51002,-2.0262,-1.2573,-0.69448,-1.4297,-1.0615,-0.75926,-0.44207,-0.26162,-0.86957,-0.26639,-0.40465,0.19337,-0.96666,0.12281,1.3646,0.96942,0.43125,-0.53178,0.22253,1.2181,0.93914,0.68425,1.4344,0.86629,1.1584,1.1255,1.1698,0.27248,0.81768,0.01992,0.331,-0.90852,-0.90902,-0.71735,-1.0903,-0.020616,-0.66215,-0.17407,0.33803,0.17783,0.88189,0.52243,0.46443,0.64151,0.32099,0.7635,0.67648,0.55805,-0.099759,0.26072,0.5264,0.085006,-0.49342,-0.41761,-0.24198,-0.26074,-0.17211,-0.0039497,0.15645,0.81272,0.045422,-0.49738,0.18388,0.82782,-0.034171,-0.21276,0.26159,-0.026054,0.16103,-0.5504,-0.84047,-1.5693,-0.85209,-0.34427,0.091955,-0.44488,-1.1067,-0.66103,-0.043812,-0.079134,-0.47919,-0.83142,-1.447,-0.68902,-1.5142,-0.16703,-1.5584,-1.4059,0.43352,-0.56469,0.1571,0.060228,0.14766,0.55415,1.282,0.17208,0.87053,0.45144,1.5474,1.4765,-0.11109,0.052727,0.80634,0.47589,-0.26475,-0.40462,-0.11034,0.22669,-0.56816,-0.28545,0.31782,-0.17674,0.21227,0.65865,-0.41258,0.14476,-0.33043,0.90426,0.5394,0.45338,0.39,0.91672,-0.43327,0.43965,0.71539,0.45357,-0.60844,0.20331,-0.42479,-0.45522,-0.059056,0.095331,-0.375,1.0779,0.75063,0.31717,-0.39859,0.87949,0.99426,0.84095,0.84822,0.431,-0.014118,-1.1026,-0.68995,0.47748,0.40084,0.7283,0.8246,0.69482,0.19908,1.0654,1.4774,1.3933,0.13228,0.069332,0.55628,1.3025,0.91502,1.3142,0.59969,1.3777,1.4353,1.3971,2.1263,0.97077,0.42078,0.18095,1.361,1.108,0.17421,0.53555,0.70326,-0.0051209,-0.093798,0.1822,-0.56187,-0.32405,-0.14335,-0.34534,-0.66773,0.2358,-0.5657,0.12195,0.20359,-0.043497,0.80261,-0.0024867,0.74655,0.17626,1.038,1.1757,0.357,-0.0016332,0.6342,1.5382,0.30244,1.1104,0.77789,2.4697,0.35794,1.487,2.1129,0.54854,1.2151,1.9801,1.2822,1.3221,0.46623,0.097408,-1.5003,-0.52482,-0.24723,-0.83357,-1.2939,-0.72146,-0.64348,-0.43553,0.1936,0.30107,0.68101,0.44813,0.74764,0.74034,-0.51233,-0.4896,-0.74528,0.16613,0.132,-0.47397,-0.65008,0.25436,0.53787,-0.39972,0.0054514,-0.0019579,-0.646,-0.9506,0.78863,-1.5345,-1.2177,-1.1214,-1.6457,-1.6699,-0.77044,-0.30259,-0.073242,0.31313,1.2749,1.6337,0.56128,0.79761,0.20326,0.03881,0.35649,1.0213,0.2215,0.32522,1.0629,0.78236,1.0757,0.66276,-0.60324,0.39847,-0.25164,-0.15225,-0.93174,-0.71938,0.3409,-0.14368,-0.084071,0.083581,-0.2535,-0.53359,-0.81122,-0.63045,-1.3901,-1.8812,-0.98979,-0.55857,0.58307,0.067677,0.21728,0.22709,-0.19627,1.5567,1.2989,0.39996,0.27736,-0.21477,1.3708,0.72252,0.58409,-0.30457,-0.10529,-0.75147,-0.29369,-0.52821,-0.57497,-1.4207,-1.3488,-0.70396,-0.24821,-0.73685,0.30046,0.10665,0.40756,-0.38627,0.65242,1.3438,1.0216,0.77358,0.46991,0.52213,0.75314,1.0316,0.39177,0.30322,0.15262,0.15245,-0.061026,-0.29915,-0.13086,-0.89158,-1.3005,-0.55212,-0.43787,-1.2682,-1.4139,-1.1896,-1.115,0.63046,0.94973,-0.32997,0.17254,-0.51223,-0.21552,-0.19788,-0.56474,-1.4016,-1.5406,-1.4545,-0.82085,-0.57614,-1.1311,-1.1463,-2.0435,-0.11309,0.43375,-0.73939,-1.1852,-0.037766,0.63181,0.82537,0.3501,1.328,0.14542,0.092859,0.90188,0.71001,2.0621,1.1478,1.0882,1.1256,0.67588,0.62708,0.68335,0.28839,-0.16566,-0.51475,-0.37836,-0.38614,-0.31109,-1.109,-1.7829,-0.91939,-1.3478,-1.3276,-0.68666,-2.0768,-1.017,-2.2859,-1.6457,-0.21661,-1.0181,0.3563,-0.21156,0.61494,0.85939,0.85917,0.035811,1.307,0.80998,0.049097,1.1107,0.37914,1.2319,0.16444,0.86326,1.1791,0.044004,-0.051172,1.8273,1.2447,0.86401,0.7862,0.95705,1.3581,0.54521,-0.20361
0.76902,0.086213,0.45724,1.4688,1.5286,0.55371,1.0161,0.027938,1.5507,-1.5707,0.051656,-0.86544,0.45768,0.55224,0.04971,1.6183,0.45132,1.186,0.71081,0.89076,0.39333,0.20602,1.0846,0.43945,0.53531,-0.16661,0.38421,-0.2169,0.42281,-0.2631,0.70933,-0.11079,-1.1889,-0.59141,0.46394,-0.34012,-0.51441,0.3771,0.14214,0.52243,0.48485,0.35173,0.58352,1.3645,0.55346,1.7278,0.078465,-1.0994,0.22525,0.64014,0.77515,-1.2614,0.38387,-0.064638,-0.94222,-0.96386,0.20065,0.96095,0.50801,0.96327,2.1222,0.13334,0.52616,0.99713,-0.45076,0.055156,0.77803,-0.18991,0.075272,-0.064335,0.10062,0.55518,1.0407,0.07103,0.50036,1.2622,0.40596,0.69803,-0.019703,-0.11162,2.5484,1.3603,1.153,-0.13244,0.47467,1.1709,0.88253,0.40845,-0.75222,0.98523,-0.17697,0.24058,1.0774,2.3826,-0.6305,-0.72311,-1.3319,-1.2939,-0.72178,-0.33934,-0.058007,-0.024567,-0.53581,-0.98334,0.2445,-0.029977,-0.7888,-1.6321,0.21589,0.052984,0.26211,-0.57577,0.569,0.7976,-0.2559,-0.58551,-0.98991,0.3047,0.049208,-0.65662,-0.12883,-0.43061,0.47077,-0.24378,-0.22449,0.24278,1.0651,0.15937,0.94153,1.4166,0.82368,0.84722,1.2818,1.6607,2.2605,2.5226,0.90983,1.2157,-0.74475,-0.45202,-0.70807,0.7009,0.33802,-0.54675,-0.5146,-0.099372,0.01339,-0.88364,0.95026,-0.36237,0.51515,0.036699,0.4862,0.40575,1.3819,0.68124,0.75297,0.22359,0.35017,-0.48716,-0.50638,1.0834,0.34066,0.86343,0.43513,0.95555,0.7639,1.6113,1.3066,0.26164,0.25586,0.49322,-0.23719,0.6917,1.203,0.021495,0.52058,0.52204,0.39147,0.75401,0.91408,1.0596,0.20229,1.4471,1.2819,1.0616,-0.091924,-0.078565,1.4233,0.93561,-0.15892,0.027594,0.48853,0.53323,0.76978,0.41729,1.5631,-0.12969,0.27423,0.80077,0.46262,-0.1237,1.9986,0.71223,0.34702,0.2169,-0.15959,0.18658,0.56282,0.12186,0.04208,-0.077168,-0.46169,-0.14991,0.15881,1.1646,0.82274,-0.45412,0.67949,0.27057,1.2324,1.206,0.41944,0.29446,0.59649,0.1122,1.002,-0.32103,1.3837,0.056614,2.0288,1.2397,-0.71072,-0.11796,0.59805,0.33828,0.38741,0.14846,0.083387,-0.74521,-0.051452,-0.39394,0.61765,-0.47752,-0.12736,1.2959,0.62698,-1.1679,-0.20494,-1.0789,-1.1817,-0.17354,-0.65839,-1.0182,-0.75917,-0.56646,-0.56859,-2.0847,-0.21307,0.38207,-0.48107,0.9435,-1.0133,-0.15931,-0.77274,0.0021023,-0.60229,-0.61468,-2.0614,0.27788,-0.016661,-0.88431,-0.099645,0.50681,0.57292,0.23763,1.0238,1.5972,0.93104,1.1265,0.42933,0.090113,-0.055441,-0.55756,0.32045,-0.39989,-0.48574,-2.3672,-2.6641,-1.4625,-1.6107,-1.5158,-1.3274,-0.93038,-0.16498,-0.65793,-0.73181,0.18804,1.1004,-0.13477,-0.53124,-0.75885,-1.7738,-1.1659,-0.35491,-1.5734,-0.63326,-1.2295,-0.6138,0.12325,0.37487,-0.088819,-0.30438,-0.77026,-0.056494,-0.3356,-0.82927,-0.65967,-0.7744,-0.20941,-0.30917,-0.12229,-0.89479,-0.24924,-0.12178,0.67872,0.4863,-1.68,-1.0249,-0.84748,-1.3382,-0.67823,-0.77886,-0.072108,-0.75274,-0.61932,-0.77871,-0.026661,-0.92714,-1.3044,-1.3285,-0.94328,-1.1162,-1.1694,-1.8359,0.31067,0.3833,-0.44412,-0.61757,-0.81523,-0.063838,-2.2227,-1.24,-1.0152,-1.0244,-1.7099,-1.41,-1.3343,-2.6557,-2.122,-1.5294,-0.98367,-0.6151,-0.33863,-0.76396,-1.146,0.37693,-1.2894,-0.95371,-0.94763,-1.2873,-0.98754,-1.343,-0.32451,-0.83148,-2.172,-1.4353,-1.2655,-0.11919,-0.57554,-0.24829,-0.59381,-0.17706,-1.5821,-1.2713,-1.1239,-1.3366,-1.141,-1.0537,-0.67028,-0.92565,-1.6513,-0.84605,0.25953,-0.12051,0.14314,-0.37668,0.33325,-0.48991,0.67187,0.23736,-1.4221,0.18163,-0.27236,0.91538,-0.26892,0.066396,0.03168,0.44814,0.48753,0.0030094,1.1663,-0.13934,0.15275,0.89514,0.53752,0.33753,0.69435,-0.63356,1.3767,0.58475,0.29138,-0.041754,1.1071,0.165,0.90661,0.14821,-1.1371,-1.1076,-0.41383,-0.87208,-0.30869,0.33959,0.48622,0.25178,0.62669,-0.19295,0.20913,-0.52518,-0.25765,-0.61684,-0.19369,-0.59716,-0.56553,-0.65823,-0.33708,-0.33989,-0.49869,-0.54508,-0.67043,-0.32603,-0.13691,-0.22232,-1.0461,-1.0604,-0.043738,0.021377,-0.67128,-1.248,-1.4129,0.3113,-0.70744,-0.37696,-0.0088403,-0.81013,-0.63937,-0.21479,-0.73545,-1.6548,-0.97208,-1.9369,-0.321,-0.03245,0.37027,0.052509,-0.8714,-1.204,-1.1403,-0.6636,-0.98144,-0.63487,-1.3919,-0.80651,-1.9569,-0.93127,-1.2541,-0.57493,0.23629,-0.47371,0.1455,-0.69689,0.40771,0.049841,-0.11912,-0.23629,-0.73942,-0.24964,0.080196,0.16738,-0.93379,-0.10904,-0.40778,-0.17283,1.2703,0.053598,0.84391,-0.77374,-0.28687,-0.81229,-1.3824,-0.32432,-0.97341,-0.23787,-0.89268,-0.56302,0.066147,-0.39179,0.29737,1.4116,0.96711,-0.068104,-0.011872,0.67092,1.1942,-0.28493,0.029775,0.39489,0.6153,-0.32678,1.2849,-1.6464,-0.12554,-0.70658,-0.99388,0.23952,-1.6063,-2.2352,-0.91135,-0.36308,-1.5988,-0.49728,-1.2651,-1.2764,-1.0923,-1.1404,-0.86922,-0.63251,-1.9725,0.31234,0.93516,-1.2196,-0.77047,-1.5945,-0.081058,-2.0364,-1.0363,-0.90291,-1.5409,-1.2713,-0.86251,-1.182,-1.5336,-1.1353,-0.29498,-0.75011,-0.44587,-0.29837,-0.089585,-0.85427,-0.10313,-0.65747,-0.87044,-0.93586,-0.99264,0.28749,0.6119,-0.068374,-0.19789,-0.26542,0.35818,-0.045322,-0.078174,-0.50379,0.64475,-0.29747,0.059171,-0.46152,-0.13619,-0.50518,-0.27785,0.34159,0.081116,-0.036244,-0.61965,-0.28562,0.51711,0.31917,0.33443,-0.098956,-0.54382,0.15807,0.5717,0.28295,-0.187,-0.33391,-0.12882,0.44129,-0.38551,-0.90189,-1.2202,-1.0196,-1.8,-1.0347,-0.57112,-1.6649,-1.9835,-1.4762,0.035576,-0.19821,-0.88574,-0.83898,-1.285,-0.98934,-1.2421,-0.75222,-0.59285,-0.43856,-0.86184,-0.58425,-0.17459,-1.0522,-0.75864,-2.4402,-0.29424,-0.36961,-1.657,-1.9596,-0.69986,-0.39573,-0.79365,-0.43395,-0.1517,0.40295,2.4448,-0.68892,0.0023292,-1.034,-1.3441,-1.5515,-1.0677,-0.96535,-1.1133,-1.5607,0.4975,-0.27206,0.43003,-0.76618,-1.2017,0.24292,1.8355,-0.30462,-0.29453,0.26209,1.3083,1.0979,1.4366,-0.18932,0.59376,-0.33568,-0.19439,1.2682,0.46488,0.0021335,0.43843,-1.5785,-0.52773,-0.87229,-1.8532,0.52192,0.17291,-0.33203,0.57825,0.44352,0.72299,1.3734,1.5586,0.93783,0.030177,-0.06004,1.1092,1.5528,1.5308,1.3636,1.35,0.46596,1.3642,1.5382,0.69459,0.19272,0.90585,-0.12903,0.14258,0.26478,-0.8473,-0.10153,0.10947,0.60258,-0.3729,0.76985,0.72427,1.1918,0.64101,-1.4103,-0.77051,-0.34812,0.090243,0.77025,1.0351,0.37724,0.76661,1.8021,1.8315,1.5614,0.25756,0.8023,1.1145,1.2384,1.2322,-0.074329,0.70941,1.9664,1.4375,2.0987,-0.10326,-0.1683,-0.07469,1.3017,0.63533,-0.1643,0.12791,0.92678,0.56407,0.42518,0.26858,0.9844,1.766,0.83742,0.087142,0.3936,0.56096,2.3584,1.0712,0.81322,1.4018,1.4167,0.77538,1.7803,1.2896,0.7775,-0.35371,0.25941,2.2513,2.0844,1.7442,1.6256,1.102,1.143,1.6924,1.8302,0.61488,0.43265,0.1972,0.71088,1.0116,0.52257,0.46436,0.95072,0.85617,1.4544,2.2635,1.2955,-0.071951,-0.15473,1.1401,-0.064292,0.72317,-0.97002,-0.071868,0.24756,0.62486,-0.26335,-0.5456,-2.1195,0.37216,1.0884,0.55965,0.21349,0.16855,1.9588,1.032,1.8076,0.84688,1.8055,0.52513,0.27855,1.6958,-0.59152,0.90544,0.82122,1.1554,0.87202,1.2177,0.49823,1.9406,0.29024,0.97895,0.14874,-0.2236,-0.53011,-0.86626,-0.40864,0.36575,-0.019962,1.0416,0.36473,0.78026,0.59903,0.84086,1.3358,1.3146,2.2389,1.0848,0.8245,2.1895,1.6326,1.4164,0.45301,0.77764,0.077516,0.10917,0.65862,0.91225,-0.33933,0.48803,0.9671,-0.17774,-0.54441,0.60112,2.0248,0.39101,0.59067,-0.10963,-0.18768,-0.18128,-0.23312,1.5205,0.53241,0.71684,0.86909,1.2889,0.15449,0.35207,0.91229,0.97825,0.39164,0.49014,0.40879,0.32593,0.016263,-1.4621,0.025848,-0.97893,-0.54787,1.1448,-1.0455,-0.78626,-1.0537,-0.0081702,0.31697,0.21837,-0.25334,-0.017407,1.3086,0.66962,1.1368,0.40656,0.45193,-0.66168,0.41481,0.76214,0.2009,-0.45397,0.45466,0.6305,-0.5386,-0.35289,-0.36212,-0.17281,-0.22944,-0.15581,-0.25679,-0.92218,-0.38258,-0.36338,-0.46861,-0.97549,-0.2953,-0.52686,0.32717,-1.2766,-1.2153,-0.44703,-0.35282,0.45609,-0.52183,-0.87431,-0.28626,-0.2248,-0.42676,-0.38859,0.27321,1.1808,0.3649,0.98785,-0.55453,-0.50864,-1.0622,-0.5002,0.17861,-0.0030042,0.17096,0.21165,-0.46705,0.38814,0.13311,0.78602,-0.40116,0.63571,0.49902,0.64517,0.40603,1.9136,0.79551,1.3602,0.32025,0.039335,-0.97754,0.78843,0.90334,0.11641,-0.0058439,-0.041659,0.028872,1.2523,1.5093,0.18095,0.78962,-0.1364,-0.24668,0.16651,1.0282,0.40424,-0.96079,-1.1011,-1.2751,-0.61075,-1.159,-0.48814,-2.1185,-0.46168,-0.84396,-0.19948,-0.50357,-1.0797,0.03441,-0.8133,1.0859,0.96683,-0.79622,-0.047569,-0.76419,-0.59745,0.75359,-0.33399,0.60164,1.0448,1.4466,1.1883,-0.16969,-0.38948,1.4936,0.82094,1.0879,0.04268,-0.60844,1.0492,0.77034,-0.040215,0.14388,-0.66414,-0.44502,-0.76349,-0.12846,-0.63652,0.077369,0.90738,0.71968,1.1637,0.80783,0.27552,0.32114,0.30894,-0.45269,0.40254,0.33396,-1.3636,-0.81427,0.50952,-0.36155,-0.81884,-0.34926,1.2309,-0.87174,0.4945,-0.44929,-1.1391,-0.47186,-0.82647,-1.1241,-1.0328,-0.96244,-0.39651,-0.17979,0.43318,0.80066,0.9049,0.020861,0.069081,0.3684,0.88743,1.6206,0.22534,0.29153,0.42331,0.62196,0.18907,0.14356,-0.62502,1.4854,1.5761,1.5057,0.086621,-0.13068,1.6591,0.96268,0.66289,-0.012088,-0.30814,-0.97325,0.17823,0.1672,0.22045,-0.72521,-0.48188,0.37533,-0.71278,0.50473,0.42874,-0.77725,-0.52858,0.2527,0.8744,-0.49074,-0.45351,-0.65298,-0.068719,0.63959,-0.093046,-0.35606,-1.0408,0.73665,-0.18206,-0.28593,-0.31024,-1.3419,-1.061,-0.53374,-0.85606,-1.1055,-1.6425,-1.36,-0.23747,-1.0366,-1.0099,-0.46762,1.1224,0.25922,0.55919,-0.25438,1.4126,0.45721,0.8585,-0.45846,0.059952,0.99618,-0.55819,0.62367,1.1134,0.8512,-0.272,0.62768,0.22677,-0.045373,0.43404,-0.17738,0.13136,0.33877,-0.12657,0.63367,-0.31441,-0.27306,-0.1417,0.025511,-0.12947,0.17201,-0.059039,-0.16001,1.6231,0.8325,0.87984,-0.34225,-1.1591,-1.154,-0.33942,-0.78165,-1.8639,-1.4606,-0.82733,-0.30928,-0.27523,-1.0672,-0.80761,0.048875,0.7766,-1.3818,-0.58704,-0.28675,0.25145,0.2899,-0.73149,-0.83056,0.28456,0.41146,-0.79832,-0.63513,0.049709,1.0142,0.19737,1.4691,0.42624,-1.1997,-0.32902,0.061706,0.31192,-0.75401,-1.9888,-0.84325,0.14965,0.43682,0.18843,-1.5513,-0.28863,-0.067143,-0.1652,-1.9246,-0.48033,-1.248,1.023,-0.1607,0.51325,-0.67123,-0.56255,0.53879,0.040606,1.184,-0.57708,0.0057897,0.3838,0.78638,1.0839,0.082549,-0.31838,0.83718,0.80188,0.90745
-1.2997,-0.95867,0.48623,0.14477,0.05073,-0.96961,-0.45904,-0.58626,-1.535,-1.3777,-0.61788,-0.30476,0.58868,0.44817,-0.37697,-1.2541,-2.197,-2.3098,-2.1877,-1.2915,-1.3718,-1.984,-0.4609,-1.2758,-1.506,-1.8091,-1.7594,-1.9609,-2.4132,-2.3738,-2.2493,-2.0319,-1.7567,-1.8168,-1.2946,-1.6011,-1.8681,-2.0543,-1.5029,-1.5527,-1.8952,-1.3228,-2.7725,-0.95469,-0.49676,0.57223,-0.54828,-1.0748,-0.87506,-0.42565,-0.89518,-1.2615,-1.883,-1.9743,-1.5244,-0.74245,-1.5434,-1.4108,-2.378,-1.0014,-1.7138,-2.0701,-1.203,-0.9546,-1.275,-1.0559,-0.70444,-0.56679,-1.6899,-1.7375,-1.0624,-1.5441,-1.1374,-0.95381,-2.0416,-1.6011,-0.79363,-0.36273,-0.60888,-1.4656,-0.24376,0.81032,-0.50683,-1.3344,-1.2695,-0.33315,1.21,1.5014,0.87915,1.3454,1.2845,2.1594,1.4373,0.90246,-0.62704,-0.97026,-1.625,-1.1696,-1.5681,-1.184,-1.0591,-1.6131,0.34968,0.39945,0.28965,-1.7692,-0.35374,1.7958,2.2689,1.5247,1.3883,0.45168,1.114,0.58658,1.1711,0.35141,0.55144,0.49864,1.1669,-0.41532,0.55638,-0.43682,0.35967,1.0565,0.41245,-0.39758,-0.055206,0.69329,1.2721,1.5261,1.4027,1.3802,1.2521,1.8759,1.5385,1.4967,0.91889,-0.47476,-0.76096,-1.3129,-0.67575,-0.23812,-0.13566,-1.2538,-0.094195,0.26599,0.40308,-0.048602,-0.19184,0.066889,-0.13146,-1.7241,-0.21508,-1.0507,-0.44516,-0.39722,-1.4767,-0.27602,-0.98958,-1.5177,-0.92784,-0.97292,-0.17908,0.16648,0.31726,1.6526,0.41946,1.0485,0.70726,0.74901,0.99293,1.4115,1.5141,0.62465,-0.005021,0.12008,0.4383,0.82911,0.26828,0.5431,1.2453,1.4306,2.1201,2.3595,1.375,1.8268,2.7393,3.04,1.9971,0.89961,1.8965,1.0721,1.3484,1.3152,0.49593,0.69964,0.29953,1.1253,0.80404,-0.6477,0.99273,0.093342,-0.11508,0.02813,0.22751,0.24904,0.84059,0.64888,0.47588,-0.18646,-0.30517,-0.73149,-0.36967,-0.41801,0.24193,-0.59388,-0.2999,0.21326,0.72267,0.45055,0.55525,-0.061832,1.1269,1.7068,2.4093,1.8732,1.6383,1.606,1.761,1.9695,2.2177,1.2696,1.8134,2.3891,2.2557,1.4169,1.7888,1.7673,1.5423,1.7958,0.97195,-0.27513,-0.11914,0.0013358,0.44177,-0.077353,-0.088668,0.00058921,1.3624,2.1275,1.3994,1.0592,0.61611,0.37991,0.269,-0.29729,-1.0945,-0.91874,-0.26164,2.2889,2.1999,1.1442,0.35027,-0.46415,0.8297,1.4368,1.1755,1.5042,1.8594,1.2584,1.8393,1.7571,2.2842,1.2244,0.5496,1.8473,1.7741,1.6724,1.8723,1.3152,1.0629,-0.25859,0.87594,1.177,0.016531,0.58909,-0.3583,-1.0474,-1.7581,-0.90016,-1.768,-1.7733,-2.5375,-2.0784,-1.865,-1.4082,-0.7997,-0.77382,-0.52502,-0.30355,-0.40902,-0.69224,-1.9387,-0.3693,-0.20078,0.50993,0.097655,0.49029,0.45776,-0.099032,-0.32336,-0.7932,-1.3733,-1.4407,-0.55932,-0.72107,0.1153,0.3082,-0.36991,-1.077,0.15211,0.014837,-0.2552,-0.80459,-0.49935,-0.94375,-0.030744,-0.24802,0.21273,-0.85854,0.22825,0.07822,0.77276,-0.20146,-0.11953,0.48272,0.0080883,-0.19449,-1.3229,-1.6243,-1.3115,-1.4469,-0.58648,-1.3333,-0.15902,0.25415,-0.044004,-0.35473,0.56259,0.49804,-0.19624,0.64862,0.69156,1.0482,0.40639,0.060609,-0.39269,1.4131,0.97323,0.67372,0.30905,-0.60939,-0.2566,-0.89462,-0.67066,-0.57397,-1.3892,0.1047,0.60585,0.80238,1.5606,1.4591,1.6975,1.8594,1.2361,0.93959,-0.5189,-0.30112,-0.79913,-0.43011,-0.18394,0.69566,-0.61546,-0.415,-0.72392,-0.92767,-1.7016,-1.4943,-0.61339,-0.045831,-0.58573,-1.203,-0.5438,0.55848,1.1584,1.2897,0.30443,0.73793,0.37822,0.87758,-0.98076,-0.37792,-1.4888,-1.6255,-1.1807,-0.16175,0.11748,1.1199,0.31087,1.4935,2.457,2.0878,1.9908,2.2505,2.1313,1.8383,1.106,1.3866,0.60131,1.07,0.95988,0.56637,-0.75588,-0.66636,-0.29653,-0.3724,0.14282,-1.1356,-0.81478,-0.51935,0.30595,0.044839,0.21118,0.058253,-0.018934,-0.30046,-0.29983,-0.9514,-1.2794,-1.8272,-0.67831,-0.66615,-1.1381,-1.7464,-1.4149,-0.57762,-0.86726,-0.99689,-0.94536,-1.795,-1.068,-0.51339,-0.43878,-1.1943,-1.5086,-1.2574,-1.1247,0.050611,-0.29706,0.18499,0.5532,2.1993,1.6181,0.10621,0.24401,1.237,0.055471,-0.88001,-2.1393,-0.73391,-0.39913,-0.37009,0.61399,0.6369,-0.043388,0.74428,1.4914,0.89145,0.077194,-0.22607,0.32222,-0.29749,0.12738,-1.0157,-1.1724,-0.18478,-0.2815,1.214,-0.10656,0.29942,1.4978,1.5122,2.4369,1.7581,2.2434,2.1229,3.2352,2.7385,2.4584,2.0631,1.4784,2.0457,2.9886,1.7942,1.653,0.98095,1.1849,1.2026,0.70946,0.29555,1.3333,1.1584,1.6292,1.0573,1.4695,0.72772,1.4017,1.9982,1.4171,0.88089,0.31585,1.1552,0.41899,0.82807,0.16012,0.21703,0.95315,1.078,1.0459,0.32944,-0.19699,0.14915,0.26507,-0.35813,-0.28246,-1.6328,-0.86549,-0.72165,0.31096,-0.39493,-0.48405,-1.5992,-0.13311,-0.62932,-0.99068,-0.81109,-2.1808,-0.93155,-0.63894,0.45739,-0.15991,-1.7044,-2.2269,-1.5444,-1.2413,-0.95213,-1.0805,-1.2902,-1.6006,-1.1807,-1.4479,-1.2199,-0.95507,-1.4614,-0.63289,-0.38096,-1.256,-1.2444,-1.7945,-2.3071,-1.6481,-1.7636,-2.0185,-0.95655,-0.11097,1.8075,1.6835,1.3092,0.80764,2.2316,2.4449,2.1587,0.95456,-0.14658,0.5356,1.1054,0.53571,0.43883,0.86596,1.3388,0.83034,0.65739,1.4898,0.75476,0.21152,2.5786,2.7131,3.3824,3.4155,2.956,3.0364,2.6345,2.1755,1.9236,1.4923,0.83599,1.4549,1.0672,0.63732,0.30898,-0.65856,-1.8078,-1.1505,-1.267,-0.96909,-1.6362,-1.6559,-0.97971,-1.4138,-2.1243,-2.6331,-2.4461,-1.9576,-0.89869,-1.2914,-1.6548,-2.012,-1.7363,-1.0877,-0.93319,-1.5117,-1.2734,-1.2848,-1.6861,-2.2034,-2.277,-2.0569,-2.2664,-2.1133,-0.63532,-0.78762,-0.87088,-1.3632,-1.6776,-1.853,-1.6659,-2.447,-2.0884,-1.8451,-0.22665,-0.59808,0.56324,-0.84898,-0.51052,-0.43635,-1.8423,-1.8995,-1.9155,-1.7741,-1.2304,0.2751,-1.0011,-0.18539,-0.20761,0.1285,1.2478,0.10965,-0.14679,-0.34692,0.1866,0.37693,0.44853,-0.18837,-0.90328,-1.1964,-1.0006,-0.74188,-1.3147,-3.1205,-1.4866,-0.33333,-0.32527,0.46276,-0.22507,0.45141,0.40321,-0.61698,-0.0021451,-2.0893,-0.74518,0.60347,0.13539,0.96913,0.092575,0.13304,-0.037474,0.66977,0.6741,0.63143,0.37418,0.42609,1.0153,0.1086,0.18356,-1.3927,-0.49649,-0.0030174,-0.24857,-0.95335,-0.38307,-0.6483,-0.67738,-1.0765,-1.3206,-1.2164,0.23376,0.49103,1.5433,0.48973,1.7946,1.2987,2.3475,1.8861,0.9857,-0.011619,1.5787,1.1079,2.121,0.7646,1.577,1.6507,2.6572,1.6781,1.5904,2.3202,2.22,1.1454,0.12855,-0.40043,-0.80019,-0.39632,-1.3048,-0.87155,-1.3671,-1.4773,-0.6746,-1.0806,-0.24684,-0.076092,-0.17113,0.17364,0.81049,0.25961,0.41401,0.12369,1.3371,0.55889,0.71363,0.59245,0.3793,0.22765,1.3375,0.99353,1.6948,2.1858,1.6203,0.43104,1.8498,1.8732,1.0454,0.66994,-0.60694,0.4154,0.49037,0.46571,-0.98096,-0.25415,0.051571,0.14081,0.3617,-0.22787,0.15261,0.76486,1.5623,1.6572,0.86077,0.58623,0.24561,1.1255,0.84708,1.3997,0.12623,0.91825,1.2753,-0.093739,-2.0809,-2.4963,-1.6123,-0.88194,-0.35947,-1.1001,-1.3156,0.22344,0.20984,-0.21095,-0.30214,-0.90077,-1.4118,-0.58584,-0.6042,-0.43039,-0.53147,0.37869,1.0914,0.46511,0.71163,0.010969,0.17346,-0.11145,0.15079,-0.35489,-2.0778,-1.6988,-0.8386,0.33113,0.71,0.47842,-0.11212,0.62547,0.81443,0.41937,-0.043036,-0.31634,1.2441,1.9766,1.4936,1.2215,2.2915,2.0745,1.8235,1.9718,0.96194,0.45225,0.49764,0.672,0.10447,-0.89314,-0.098701,0.69709,0.70353,0.61192,0.082787,0.28212,1.0955,1.2676,1.7649,0.95094,0.81101,1.3096,0.28302,1.08,0.42916,0.74009,1.3514,1.5372,1.2719,1.4535,0.89012,1.0831,0.97155,0.18758,-0.46542,-0.46135,-0.70881,-1.7024,-2.048,-1.9536,-1.806,-1.7014,-1.0912,-1.7285,-2.0527,-1.7593,-1.1372,-1.1327,-1.2568,-2.0496,-0.96414,-0.79385,-1.3064,-2.0496,-0.94441,0.27815,-0.055538,0.34025,-0.054292,-0.60053,-0.17147,0.043238,-0.40017,-0.74981,-0.52253,-0.67437,-0.42643,-0.9291,-1.1725,-1.6649,-1.9565,-1.2093,-1.6852,-1.4397,-1.6045,0.15401,-0.41157,-0.58222,-0.21666,0.69882,0.0010418,0.50815,0.45982,-0.97047,0.39091,-1.4528,-0.91086,-1.7694,-1.4037,-1.7207,-0.9394,-1.5207,-0.58835,-0.97796,0.0004196,0.66466,0.86812,1.9276,1.782,1.1963,2.3244,2.0041,-0.12563,-0.64134,0.81788,1.3108,1.0859,1.6057,0.70659,1.2699,1.8331,1.0002,0.432,-0.41688,-0.66597,-0.12821,0.60676,0.53384,0.84366,-0.22047,0.2492,0.0078634,0.25148,0.35251,0.33794,-0.40386,-0.31735,-0.14166,0.068999,-0.19494,-0.99272,-1.5755,-1.2061,-1.3061,-1.484,-0.7437,-1.0063,0.37055,0.05617,0.32938,0.3845,1.0555,1.2344,1.3144,1.2205,1.2365,0.62823,1.7081,1.7314,1.9254,2.3021,-0.22847,0.48583,1.1629,0.63921,-0.035659,-0.46508,0.033935,0.35994,1.7965,1.8837,0.6055,-1.0403,-0.93676,0.36939,0.20955,0.53472,-0.35221,0.714,2.4641,2.3096,1.6572,0.77793,0.20259,1.343,1.2069,1.3675,0.77666,-1.3937,-0.82433,-0.12398,0.95319,-0.93862,-1.363,0.19557,-0.11815,-0.41052,-0.044616,-1.0093,-1.6427,-0.74148,-1.0197,-1.198,-1.988,-1.5521,-0.91316,-0.55189,0.70353,-0.034823,-1.2798,-1.0347,-0.91073,-1.3612,-0.95805,-1.3329,-1.6096,-1.8318,-1.2007,-2.0217,-1.3093,-1.5232,-1.2135,-0.45296,0.03239,-0.5981,0.048344,0.85245,1.8923,1.0813,1.2529,0.60348,1.5285,1.4454,1.1359,-0.31584,-0.47443,-1.263,-0.89871,-0.96146,-1.2001,-1.9116,-1.6718,-1.3888,-1.2298,-0.90785,-0.85355,-2.2431,-0.41003,-0.026759,0.50798,0.4976,1.3801,0.12123,1.2335,1.166,1.0985,0.33551,-1.1414,-0.64463,-0.22574,-1.2087,-2.1717,-1.6135,-1.4277,-1.9903,-1.1141,-1.9715,-0.89911,-1.0726,-0.22362,-0.22745,-2.0674,-1.7335,-0.87132,-1.0847,-1.3398,-1.3517,0.47612,0.38251,1.4118,1.3428,0.66611,1.6029,1.9621,1.1256,1.9569,0.74648,0.48477,1.2431,1.4473,2.2022,2.1973,1.235,0.68215,2.1811,1.7997,1.7391,1.1457,1.0852,1.054,1.4369,1.2658,0.8526,-0.0047518,1.2758,1.6643,1.757,2.7798,-0.5457,-0.92011,-0.33187,-1.9255,-1.4399,-0.85499,-0.88729,-0.0094363,-0.23881,-0.18435,-1.0372,-1.3616,-1.0892,-1.0245,-0.48967,-0.8435,-1.0728,0.29722,-0.044523,0.077297,-0.24224,0.53873,1.2185,0.66402,0.70022,0.11411,-0.051419,-0.014522,-0.094351,0.037628,-0.18558,0.6646,0.5764,0.38176,0.41118,-0.9792,-0.58326,-0.50495,-0.46354,-0.12671,-1.7018,-0.87218,-0.27332,-0.46975,-0.63741,-0.5141,-0.33435,0.29456,0.31779,0.60572,0.060254,0.095371,0.90418,-0.20093,0.53309,-1.0815,-1.0726,-0.40283,0.16464,0.67539
0.16999,-0.74512,0.12483,-0.36204,-0.30189,0.25836,-0.3322,0.52997,0.52403,-0.60852,-0.06223,-0.60959,-0.1612,0.14801,-0.00057471,-0.36934,0.35041,-0.46123,-0.63123,-0.27576,-0.57502,-0.83072,-1.1495,-1.2737,-0.70596,-1.5125,0.072991,-0.44855,-0.46735,-0.41272,-1.6049,-0.29799,-0.36963,0.2389,-0.93405,-0.19018,-0.77318,-0.72675,0.71233,-0.93755,-1.348,-0.95128,0.42358,-0.7296,-1.127,-0.32939,-1.3057,-1.0075,-0.47135,-1.0127,-0.45324,-1.2037,-0.18088,-0.62129,-0.40154,-0.056611,-1.1968,-0.37435,-0.38253,-0.96414,0.23093,-0.28557,0.53349,-0.37886,0.74276,0.074221,-0.15298,-0.34317,0.23037,-0.54854,-0.64537,-0.5672,-0.87741,0.28951,0.3481,0.67009,-0.72755,-0.57791,-0.31599,-0.36082,0.54625,-0.84473,-1.1413,0.54039,0.54127,-1.4262,-0.83592,-0.4948,-0.78517,-1.767,-1.0223,0.20223,1.1407,-1.0123,-0.57233,0.23371,0.20226,0.06795,-0.49815,-0.24513,-0.45003,0.24292,-0.20928,0.65612,-0.23078,-0.78352,-1.8535,-1.5534,-1.0166,-1.2374,-0.72768,-1.0167,-0.064926,-0.50426,-0.37395,-1.1718,-0.93863,-0.11706,-0.55632,-0.89743,-1.1527,-0.5463,-0.4344,-0.44461,0.091823,-0.18852,-0.49706,-0.80493,0.25029,-0.31791,0.017566,-0.29286,0.59331,0.86519,0.18739,1.0268,0.38752,1.4201,0.23673,1.2412,-0.2221,0.51242,-0.022141,0.94061,1.8099,0.19656,0.27601,-0.95154,0.60037,-0.40358,-0.26372,0.20775,0.24046,0.48312,1.253,-0.16166,0.54264,-0.69438,0.52906,0.22767,0.95519,0.091791,1.0206,0.45611,1.051,0.50622,0.60126,1.0779,0.9674,-0.0006751,0.050333,-0.13709,-0.22349,-0.62337,-0.37215,-0.48383,-0.31167,-0.11756,-0.50849,-1.0344,-1.0556,-0.9711,-0.27838,-0.89542,0.62996,-0.24306,-0.37284,-0.6787,0.30926,-0.22251,0.11943,-0.64777,-0.37376,0.77258,-0.33377,0.36659,0.3224,0.71635,-0.43398,-0.03665,-0.41606,1.2928,0.27841,0.33588,0.15893,1.0084,0.40588,0.41431,1.071,0.13343,-0.1374,0.5136,0.078907,0.25241,-0.13029,0.020549,-0.61951,0.11559,-0.83832,-0.5008,-0.04283,-0.20771,-0.26292,-0.28748,-0.50244,-0.48906,-0.86307,-0.28988,0.0036825,-0.63188,0.063106,-0.80748,-0.089961,0.37684,-0.4391,-1.293,0.026634,0.49224,-0.32071,-0.6881,-0.004343,-0.16505,0.15815,0.41192,-0.084784,0.14157,0.51553,0.35233,-0.44408,-0.19545,-0.44556,-0.16593,-0.46647,0.33915,-0.14049,-0.42834,-0.12328,-1.3275,-0.21829,-1.1292,-0.50673,0.85814,0.58447,0.23617,0.35597,0.77926,-0.25964,0.79829,0.46001,-0.2323,-0.26165,-0.38407,0.26566,1.0454,1.3141,1.3328,-0.3579,-0.081361,-0.35351,-0.42117,0.53212,1.0028,1.778,0.67984,0.4421,1.422,0.12584,0.2482,0.21975,0.80647,0.041949,0.17172,-0.63253,-0.9731,-0.53503,0.70975,-0.5562,-0.11432,-0.36465,0.61169,-0.70931,-1.365,-0.32932,-0.43971,0.23156,-0.4654,-0.17601,0.78435,-0.4369,1.1741,0.92355,0.32277,0.10206,1.0852,0.65682,1.4859,1.309,1.131,0.84491,0.63471,0.65923,0.72346,-0.35044,0.13321,1.3078,0.55954,0.61591,0.20804,0.49616,0.95095,1.1838,0.67627,0.38542,-0.020529,0.26129,-0.70506,-0.2537,0.33069,0.2225,0.99839,0.29492,1.4237,0.44022,-0.21197,1.0073,-0.36893,-0.69151,0.78368,0.32282,0.031796,-0.54048,-0.14714,0.15839,-0.39066,-0.095538,0.19805,0.27431,0.68192,-0.067107,-0.16052,0.045314,0.48709,0.23672,0.64287,-0.65013,0.29988,0.10727,0.30654,-0.2719,-0.14817,-1.0149,-0.71185,-1.0598,-0.48891,-0.24928,0.39376,-0.27713,1.2264,1.5633,0.74165,0.60845,0.22733,-0.70368,0.87523,1.4165,1.5165,1.0482,0.6284,0.49521,1.6957,1.5029,0.99381,-0.15589,1.6327,1.1904,0.28577,0.59298,0.69685,0.47927,-0.056757,1.8766,0.51669,0.38789,1.4861,1.3116,0.85558,0.51597,1.365,0.30895,0.61035,0.225,0.2309,0.148,0.54679,0.32744,-0.44082,-0.15077,0.49682,0.49573,0.35772,1.1208,-0.62323,0.024683,0.4346,1.0546,0.64785,-0.89253,0.50512,0.10034,0.30137,-0.009881,0.63837,0.10198,-0.45886,0.70594,0.57245,-0.74589,0.55424,0.44504,0.35436,0.48923,0.56831,0.31544,0.40046,-0.4193,-0.19005,0.058271,-0.22921,0.16318,-0.17552,0.97891,0.66716,1.3561,1.4312,0.84744,1.019,-0.024672,0.66151,0.61551,0.63825,0.29032,-0.19824,-0.89881,-0.61315,0.13677,0.13523,0.86464,0.57438,0.18466,1.2306,1.1449,1.048,1.2681,-0.27156,0.54198,0.55109,-0.12726,0.52732,-0.14307,-0.079424,0.19888,-0.19932,-0.67331,0.78077,0.30901,0.45459,0.63047,-0.15723,0.13753,-0.21959,-0.38188,-0.19305,-0.069271,-0.23228,0.45101,1.0554,-0.44265,0.16428,0.43158,0.35626,-0.15823,-0.1699,0.45644,0.6653,-0.083668,2.0252,1.7167,0.52107,0.69457,0.20178,-0.21084,1.3102,0.1899,0.29361,-0.43076,0.60222,0.47331,0.096194,0.27517,-0.6771,-0.63376,0.2716,0.83579,-0.20026,0.36478,0.98755,0.49709,1.1099,0.1478,0.61802,0.49888,0.25335,-0.16966,0.56955,0.69992,0.24598,2.3318,1.7497,1.1659,0.73282,0.3198,1.3597,0.61797,1.0197,0.94139,0.43089,1.1045,1.6846,1.3425,0.88092,1.0636,0.19231,0.036522,0.17676,-0.39084,0.98739,-0.72408,0.40394,0.36495,0.31668,0.55594,0.17638,-1.0415,-0.3951,-0.11075,-0.49067,-0.9949,-0.51127,-0.062399,0.92167,0.1435,-0.66827,-1.0507,-1.3265,-0.73566,-0.61113,-0.36812,-0.034196,-0.47216,-0.086037,-0.71295,-0.5624,-1.0489,-1.554,-0.26493,-0.33979,-0.30456,-0.45478,-0.73812,0.16218,0.32498,1.0479,0.058517,0.074996,0.59341,0.17864,0.24634,0.96868,-0.13377,0.44964,0.36748,0.26449,-0.42454,-0.63578,-0.08826,0.73777,-0.38011,-0.59415,0.40392,-1.0023,-0.26166,0.62849,-1.0303,0.29164,-0.11797,-0.96086,0.023989,0.39815,-0.68046,0.21335,-0.78914,-0.11365,0.33653,-0.48992,-0.51934,-1.0344,0.093365,0.68176,-0.83729,-0.26287,-0.097585,-0.61889,-0.75201,0.59414,-0.31543,-1.5144,-0.36228,-0.6053,-0.18665,0.51853,-0.18355,-0.19286,0.38845,-0.93304,-0.15068,0.3798,0.63548,-0.17421,0.25652,-0.38083,-0.25896,-0.40424,-0.8595,0.049569,-0.21685,-1.2062,0.70902,0.35946,-0.56462,-0.029112,-0.036135,-0.16383,0.42659,0.75996,0.075757,0.025808,-0.60968,-0.24583,0.082735,-0.47402,0.5471,-0.14635,-1.5918,0.25686,-0.48841,0.60315,0.27998,-0.2377,-0.13119,0.51429,1.2602,-1.2811,-0.18879,-0.95877,0.64664,0.062922,0.0079138,-0.083051,0.89577,-0.60658,-0.023514,0.62773,0.16217,0.6855,-0.21326,1.4503,0.65797,0.54714,-0.054662,0.40562,0.89926,0.79631,-0.27347,0.046764,-1.3527,-0.5529,0.31722,-0.042101,-0.31155,-0.84816,-0.15853,-0.5652,-0.72383,-0.52087,0.23016,0.51884,0.14587,-0.78569,0.44044,0.50406,-0.55086,-0.003524,0.30089,-0.19224,-0.14666,0.17519,0.55142,0.022966,-0.22073,-0.10936,-0.51654,-1.0792,-0.47505,-0.97677,-0.38345,-0.12439,0.13831,-0.32006,-0.38491,-0.74662,-1.0237,0.07969,-1.3693,0.36518,-0.047911,-0.38741,-1.2701,-1.0545,-0.013821,-0.47189,-0.48013,0.020693,0.64792,-0.040719,1.2863,0.96103,0.22384,0.18348,0.5253,0.72688,1.1524,0.28288,1.0896,-0.36354,-0.30758,-0.064414,0.95164,-0.085705,-0.47908,-0.68755,-0.78131,-0.77923,0.079175,-1.4681,-0.78814,-1.2527,0.037372,0.25075,-0.0068674,-0.019376,0.3735,-0.15083,-0.06693,0.21801,-0.54386,0.23143,0.025696,-0.30342,-1.0113,-0.13687,-0.56796,-1.181,0.2514,-0.19981,0.38834,-0.28402,-0.47131,0.030004,-1.0162,-1.1723,0.93111,-1.0829,-1.2201,0.55148,0.11808,-0.077802,-0.56434,-0.51263,0.26741,-0.050267,0.17643,-0.45551,0.68579,0.2188,0.87199,0.65553,0.30118,0.38247,0.57758,-0.51538,0.86679,-0.74647,-1.0842,-0.52118,-0.31414,-0.30565,-0.67198,-0.58546,-0.33221,-0.86244,-0.38638,-0.7896,-0.19722,-0.85292,-1.3322,-0.64216,-0.45794,0.020118,-0.74005,-0.2818,0.056351,-0.91425,-0.47221,-0.12414,-0.81104,-0.72442,-0.51122,-0.55595,-0.068544,-0.46114,-0.58942,-0.99064,-0.29486,-0.016179,-0.33154,-0.68365,-0.81467,-0.17967,1.0278,0.20253,-0.518,-0.17368,-0.73945,-0.28151,-0.35627,-0.29887,-0.1623,-0.16316,0.61557,-0.51413,-0.36813,-1.0408,-0.99965,-0.3742,-0.7418,-0.020816,-0.64486,-0.35137,0.015071,-0.11232,-0.85661,0.15894,-0.57801,0.30197,0.029411,-0.54223,-0.21615,0.32437,-0.66303,-0.12034,-1.2096,0.016853,0.45865,-0.4813,-0.70676,0.20976,-0.59894,-0.079327,-0.0024063,-0.41751,-0.29213,-0.22991,-0.66848,-0.48849,-0.94453,-0.38492,-0.75784,0.031292,-0.46373,-0.078907,-0.37426,-0.57298,0.12053,-0.66721,-0.44642,-1.1261,0.4078,-0.82406,0.019354,-0.19792,-0.71553,0.76437,0.035993,0.53437,-0.72107,-0.59543,1.1486,0.54392,0.44407,-0.35402,-0.4102,0.55062,0.91486,0.07468,0.4675,-0.48075,-0.11463,-0.24786,-1.2093,-0.13401,0.13454,-0.061761,0.088264,-0.029177,0.15259,-0.10476,0.59825,-0.49315,-0.060346,0.40094,-0.12203,-0.63868,0.7885,0.57109,1.2012,0.6073,0.22294,0.23604,0.077315,1.0802,0.13675,0.82605,-0.30897,-0.65832,0.098137,0.099258,-0.18733,-0.41559,-0.43392,-0.21799,0.39718,-0.70721,0.3097,0.21873,0.46831,-0.24353,-0.69426,-1.2828,0.259,0.3768,-0.82777,-0.81632,-1.0982,0.39601,1.0227,-0.094684,-0.5271,0.13626,0.76493,0.54672,1.0676,0.46492,0.18259,0.64803,0.83118,1.0575,0.18273,0.03759,-0.57192,0.30695,0.37278,0.37441,0.76513,0.66916,1.2271,0.0025896,-0.05499,0.8506,0.028172,-0.02669,0.64588,1.2903,0.47803,0.83416,0.25863,0.29801,0.10904,0.15869,-0.15001,-0.899,0.42708,-0.24531,0.88713,0.020929,-0.65686,0.53109,0.69081,0.12941,-0.47682,-0.17463,-0.81719,-0.13555,-0.50843,0.70331,-0.29879,-0.12734,0.48219,0.02003,0.73929,0.39664,0.99523,-1.2781,-0.56249,0.33214,-0.065673,0.52028,-0.12576,-0.75205,-0.25318,0.46098,0.22638,-0.2269,0.90002,-0.32222,-0.89457,-1.3218,-0.3012,-0.75627,0.23656,-0.97353,-0.11544,-0.66062,0.098402,0.3127,-0.26111,-0.33699,0.10212,-0.79787,-0.13025,0.25863,-0.36015,-1.3721,-1.4342,0.03394,0.044698,0.77714,0.037247,-0.27519,1.172,0.12819,-0.14795,0.66931,-0.30018,-1.1198,0.99951,0.27612,0.20306,0.047528,0.56908,0.10842,0.87773,-0.54575,-0.36827,0.34866,0.58898,-0.0261,0.4029,-0.34757,0.39248,0.48563,0.46571,0.056751,1.0784,-0.50095,0.22902,0.26443,1.1507,0.54287,0.72707,-0.14498,0.074377,0.32153,-0.3139,-1.1744,-0.31594,-0.52476,-1.1913,-0.18069,-1.2943,-0.4964,-1.3397,0.37732,0.088007,-0.63911,-0.70463,-0.13545,0.07187,-0.6741,-0.15269,-1.3674,0.13247,1.8496,0.73364,-0.29801,-0.66042,-0.48209,0.4318,-0.3235,-0.45362,0.20411,0.042635,-0.20762,0.10106,0.066717,-0.73115,-0.76889,0.14593,0.10948,0.25016,0.83014,0.40391,0.90006,0.82131,1.4288,0.21226,-0.43306,1.6687,0.11417,0.38853,0.61231,0.27598,1.334,1.3431,0.56231,-0.21102,-0.20758,1.2819,0.0044677,-0.23011,-0.8803,-0.017409,-0.019525,-0.076692,0.31202,-0.9918,-0.63338,-0.048433,-0.081538,-0.21736,0.42636,0.22676,0.048777,-0.14842,1.0868,0.13846,-0.17094,0.82019,-0.55452,-0.38599,-0.28519,-0.242,-0.21658,-0.76191,0.84152,0.89851
0.29011,0.59771,-0.41015,-0.46632,-0.27401,0.52622,0.2227,-0.55703,-0.85814,-0.52139,1.4846,0.44744,-0.74332,-0.95548,0.39214,0.39299,-0.32413,0.55983,0.50427,-0.19407,0.58694,0.47806,0.68082,0.19019,-0.27456,0.087925,1.3584,0.74625,0.31083,0.48629,0.19209,0.8111,-0.16081,-0.70378,0.23554,0.91894,0.75417,0.6135,0.30198,1.1161,0.71942,0.21794,0.25321,0.31327,0.44003,-0.56656,0.71315,2.1764,0.6607,-0.61351,-0.45048,1.9467,0.76102,-0.13141,0.39196,0.53229,0.18777,0.90968,0.36131,0.34746,-1.2319,-0.45173,0.55689,0.16332,-1.0809,-1.1646,-0.034454,1.0699,0.60189,-0.32083,0.10886,0.81481,0.56205,1.334,1.2304,0.53034,-0.82474,-0.86329,-0.47543,0.37132,-0.086139,-0.4618,0.7947,1.0413,1.1222,0.14247,-1.3168,-0.13164,-0.59596,0.84807,-0.33565,-0.91935,0.69266,-0.85784,-1.5799,-0.2756,-0.10737,-0.062714,1.6234,1.0641,1.4455,1.75,1.2287,0.67331,-0.15291,0.56125,-0.30783,-0.28162,-1.0468,-0.61441,-0.84542,-1.5152,-1.1622,-1.296,-2.0791,-0.66191,-0.91064,-1.8454,-2.1227,-0.77437,-0.50876,-0.6103,-1.023,-0.32327,-1.5703,-0.39277,-0.21482,-0.52382,-0.86637,-0.48614,-0.1374,-0.45199,-0.34266,0.059305,0.25032,0.43557,-0.11516,1.188,0.38384,0.60521,0.10966,0.61837,0.6485,-0.71228,-0.7229,0.62767,0.75643,-0.009723,-0.23712,0.46427,0.22193,-0.63278,0.14498,1.8035,0.50326,-0.76273,-0.29681,0.50575,0.011009,-0.70248,-0.53768,-0.10816,-0.88281,-0.71971,0.080035,-1.008,-1.4003,-0.070891,0.81107,0.29351,-0.33289,-0.90384,0.09975,-0.65002,-0.67628,-0.2671,-0.64999,-0.61008,0.14119,0.71052,-1.1819,-0.86222,-0.12039,-0.7838,-0.19566,-1.2118,0.024509,-0.94249,-1.0801,-0.71966,0.37943,-0.91343,-1.2112,0.72586,-0.59825,-0.93053,-0.95901,-0.73928,-0.74582,-1.0251,0.50689,-0.29791,-0.84114,0.17702,-0.22958,-0.20609,-0.026642,0.16052,-0.35389,0.44467,0.64784,0.29681,-0.54309,-0.38021,0.62343,0.074133,-0.57097,0.24938,-0.61891,-1.0512,-0.067898,0.45577,-0.035867,-0.70853,-0.59269,0.48857,0.042189,-0.34163,-0.9148,0.30044,0.058114,0.056058,-0.23042,-0.1699,-0.91374,-0.69142,-1.4122,-0.40891,-1.4461,-0.82504,-1.462,-0.65676,-0.82351,-1.5838,-0.050285,-0.44951,-0.27897,-0.44398,-1.3216,-1.424,-1.0927,-0.50022,-0.25352,0.021954,-1.0069,-0.1007,1.2423,-0.1172,-0.65072,-0.85772,-1.0896,-1.5513,0.051602,0.47567,0.60689,-1.7057,-0.84715,-0.86403,-1.5557,-0.8931,-0.65189,0.34301,-0.14776,-0.49288,-0.30844,-0.02379,0.31538,-0.32949,0.78348,0.18992,0.046186,0.13115,1.0157,1.1504,1.078,0.66419,0.13654,-0.23063,-0.15948,-0.59199,0.66522,0.23069,1.2976,0.44182,0.08842,-0.31505,0.91314,-0.64917,-0.29179,-0.95379,-0.33983,1.5487,0.6978,-0.18985,0.020182,1.1642,-0.32618,0.30585,-0.28363,0.37846,-1.1639,-0.87514,-0.58453,0.85289,-0.55467,-1.9812,0.59993,-0.10292,-0.66777,-0.29461,1.0624,-0.025708,-0.046164,0.79526,1.5712,0.75996,1.2613,1.8581,1.5759,1.0159,1.1399,0.29812,1.2713,0.93134,0.50192,-0.62719,0.35894,-0.11863,-0.44527,1.8663,-0.041671,0.50079,0.32211,1.2574,1.67,1.0545,-0.21041,1.8053,-0.55718,-0.66594,0.29437,1.3512,0.93766,0.82332,1.3426,1.0277,0.25168,-0.24732,-0.22905,1.2149,-0.014149,-0.9719,-0.67278,-0.80136,0.093752,0.15713,0.84244,0.22583,-0.6372,-0.37343,0.25148,-0.82967,-0.94695,-0.37638,-1.616,-0.77789,-0.057792,0.20246,-0.8377,-0.73729,0.25641,-0.070656,-0.46416,0.60549,1.0687,0.59968,0.37937,1.2271,1.1704,0.3606,0.57983,1.7449,0.6951,-0.34137,-0.1173,0.48256,0.12968,0.037647,0.6753,1.2915,0.041707,0.14904,0.81722,1.3037,0.18736,-0.33441,1.1244,0.13879,0.00073387,-1.7504,-0.12439,-0.60202,-0.14532,-0.18411,-1.1196,-0.86758,-0.1832,0.74014,0.19441,-0.42655,-0.070436,1.6626,1.4712,0.83796,-0.58321,0.63992,-1.156,-0.84626,-0.23271,-0.66479,-0.47277,1.5405,1.5214,1.159,0.56564,0.7384,0.22651,0.69155,-0.9112,0.94185,-0.64507,0.070413,-0.63895,1.0063,0.1629,-0.21271,-1.1504,-0.11846,-1.2375,-0.34894,-1.3764,-0.92516,-0.98387,-1.1602,-1.0029,-0.53093,-1.2785,-1.2874,-0.19059,-1.0116,-2.1131,-1.2935,-0.72568,-1.0452,-0.8395,-1.5747,-0.51059,-0.60542,-1.4604,-0.58573,-0.24801,-0.37654,0.77907,-0.11538,1.0146,0.13544,-0.097529,1.1062,0.51851,0.61812,0.64082,0.023279,0.47422,0.27534,0.49575,-0.25205,0.25779,-0.26282,0.074731,-0.7751,-0.11745,-0.71867,-0.26363,-0.46981,0.53197,-0.50971,-0.71023,-0.56048,-0.27392,-0.36931,-0.52131,-0.65657,0.26346,-0.034623,-0.66851,0.48681,-1.0909,0.32929,0.30924,0.87772,0.00045055,-1.6377,-0.55475,0.056921,-1.2088,-0.5588,0.070858,-0.027686,0.12991,0.22929,0.60362,-0.29181,-0.407,-1.4726,-0.19126,-0.15867,-0.37368,-0.80018,0.11557,-0.83967,-0.38565,0.27283,-0.47237,0.78963,1.6217,1.5863,1.8002,0.29703,0.64765,2.7797,1.0507,0.31382,0.46722,0.97111,0.24114,0.86466,1.3946,0.63702,-1.2308,-1.9909,0.67721,1.2022,0.27631,-0.32768,-1.0192,0.61276,0.080059,0.55099,0.4155,-0.1204,0.40363,0.80938,1.5928,1.9304,1.1039,0.4919,0.79199,0.78161,0.70374,0.64985,1.4379,1.2654,1.5736,1.6533,-0.23283,0.30375,0.13382,-0.29423,-0.074982,-0.52907,-0.34629,-0.25637,-0.53077,-0.31648,-0.8738,-1.492,-1.5905,-0.80721,-0.85999,-1.5433,-1.8889,-0.77698,-0.66934,-1.017,-1.0726,-1.1317,-0.64356,-0.58643,-0.94031,0.17558,-0.31809,-1.0857,-1.0496,-0.074706,-0.79736,-2.3431,-1.8296,-1.2263,-0.88754,-0.23716,0.54769,-0.24318,-0.14091,-1.2127,-1.2102,0.40104,0.46724,-0.23972,-1.4435,0.28011,-0.5494,0.26241,-0.047086,0.4641,-0.87719,-0.18488,0.096186,1.8529,0.59078,0.76602,1.0805,1.3848,0.85394,-0.5036,-0.90104,0.89742,0.51971,0.020213,-0.33614,-1.6817,0.90149,-0.67681,-0.42393,-0.32499,0.20427,0.29643,0.12138,0.62062,0.65744,-0.3113,-0.32377,-0.0080565,1.1984,1.5004,-0.99018,-0.18503,0.8514,0.034363,0.064317,-0.16172,0.62741,-0.42809,0.74543,0.5798,0.14879,-0.80995,0.24097,0.98114,0.019212,0.077852,-0.48874,0.16582,0.46216,0.11306,0.4455,-0.77455,2.3591,2.0875,0.97896,0.21088,0.96555,0.14245,0.63137,-0.074283,-0.063534,-0.91478,-0.9403,-0.98355,0.19618,2.3346,0.059478,0.28153,-0.1745,1.3767,0.82609,0.28882,-0.23687,1.0631,1.1198,0.66616,1.0782,0.54755,1.6086,1.3925,0.35652,1.3699,-0.23755,1.3376,0.86864,0.76597,-0.31865,0.20498,0.13513,0.37403,0.56216,1.4485,0.082907,0.11612,0.80252,0.57295,1.0654,0.5232,0.72942,1.0345,0.066685,-0.42431,-0.13485,1.2338,0.17064,0.44505,0.6759,-0.3423,0.77924,1.1294,1.714,1.2634,0.2447,0.43419,0.4806,0.19398,0.33474,0.20489,1.1154,1.3331,0.63916,-0.022239,-0.4239,1.3035,0.43378,-0.35629,-0.80446,0.20612,0.17526,-0.14764,-1.6732,0.14814,-1.0985,-0.42909,-0.15977,0.14805,0.28419,-0.27285,0.61534,0.34815,0.1489,-0.4338,0.14231,0.6831,0.23706,0.58986,0.37441,-0.1582,-0.76418,0.21925,-0.11454,-0.32686,0.42306,-0.65141,-0.084541,-0.24628,0.9487,0.1773,0.89118,-0.20681,-0.19741,0.73233,0.22587,-1.62,-0.26877,0.24949,-0.43568,-0.98133,0.58419,-0.56843,-0.44944,-0.032813,0.19955,1.5408,0.8731,0.29546,-0.20316,0.83171,0.29703,-0.57646,-0.55315,1.4041,1.5161,0.95033,0.77447,0.070777,-0.069382,0.72357,0.5578,0.11169,-0.88064,-0.43467,1.3547,0.60788,0.60874,-0.45102,0.35879,1.1629,0.55045,1.0128,0.53764,0.55076,0.42057,0.73027,0.32415,-0.056076,-0.07158,-0.6592,0.88661,0.59714,0.70217,1.0034,0.64742,1.2325,-1.1953,-0.47744,-0.72969,0.045341,-0.132,-0.79823,-0.9519,-1.5537,0.0014891,-0.37524,-1.2043,0.48593,-0.30796,-0.46285,0.57607,-0.65214,0.6772,-0.30928,-0.58994,-0.94785,-0.52922,0.073353,0.3281,-0.19384,-0.182,-0.43896,-1.0615,-0.58045,0.60436,1.0644,0.65901,0.38536,0.009204,0.90362,0.65902,0.026172,1.0299,0.62876,0.98194,1.0914,0.95949,1.8299,1.3653,1.1689,0.30422,-0.33953,1.0623,1.7737,1.1734,-0.50944,-0.49736,0.20127,0.35716,0.89866,0.20854,-0.23852,0.23697,0.64742,0.80159,-0.13725,-0.23669,0.38594,0.47328,0.30265,-0.032031,-0.15715,-0.10076,0.84786,0.41361,0.0034904,-0.99865,0.70907,-0.61547,-0.27653,-0.68883,0.39487,0.8897,0.73674,-0.73216,-0.7136,-0.88925,-0.93566,0.46047,-1.1382,-1.344,-0.36272,1.5752,1.466,-0.0488,-0.49344,-0.080733,0.63597,0.59024,-0.091418,-0.24632,-0.49382,1.1887,-0.3804,-0.64518,-2.2091,-0.94702,-0.39628,-0.17823,-1.1505,-0.079498,-0.93796,-0.24547,-0.96455,-0.8146,-0.075852,-2.179,0.68714,0.95217,-0.44829,-1.5694,-1.1555,-0.61399,-0.78414,-0.62237,0.349,1.2384,0.5913,0.50215,1.5613,0.97038,2.4067,0.64701,0.14302,0.81841,0.87843,1.2219,0.38521,0.14838,-0.69536,1.1949,0.72491,-0.39845,-0.97681,0.24996,-0.060326,-0.92177,0.016771,-0.24892,1.7454,1.3246,-0.0023915,-1.4208,-0.57149,0.047087,-0.046466,-0.53274,0.94021,0.35193,0.022257,1.1568,1.4106,0.70583,-0.67309,-0.55097,0.79668,1.2927,0.87773,-0.38644,-0.12717,0.12769,0.32927,0.37975,-0.39875,0.69216,0.32856,0.051626,0.055594,1.3725,1.3957,1.04,1.799,0.57455,0.2549,-0.63213,-0.0094832,-0.048604,0.42181,-0.11675,1.0529,1.1208,-0.163,-1.4491,-0.72241,-0.1152,0.28895,0.13962,0.87121,0.35781,0.35702,0.10154,-0.95132,-0.32658,1.1514,0.95456,0.34544,-0.35983,-0.6569,0.042628,1.5288,0.68296,-0.39781,-0.57743,-0.21815,-0.883,-1.4908,-1.6805,-0.97983,-0.68599,-0.49743,0.34016,-0.59357,-0.51958,-0.9774,-0.18111,-0.74817,0.53248,-0.66789,-1.4585,-0.43493,0.18628,0.35298,-0.71391,-0.67185,-0.79494,-0.27719,-0.15865,-0.86278,-1.0514,-0.19155,1.6907,-0.20072,-1.4786,-0.36377,-0.26055,-0.18028,-0.68741,0.64513,-0.029636,-0.19302,1.1378,0.024941,0.28259,0.21974,-0.4807,-0.045627,-0.0092156,0.11467,-0.012414,0.098771,-0.15403,1.0183,0.69861,-0.027011,-0.54209,0.44819,-0.2048,-0.7296,-0.80357,0.0087185,0.019199,0.24594,-0.55671,-1.1116,-2.0811,-1.9916,-0.91269,-0.34084,-1.5333,-1.1688,-1.5115,-1.27,-0.2316,-1.7139,-1.9276,-1.0447,-0.61781,-1.1885,-1.3114,-0.34633,0.43408,-0.18681,-0.052708,-0.71181,-1.4948,-1.7524,-1.1684,-0.1066,0.50624,-0.17721,-2.3874,-0.99985,0.080978,1.2812,-0.096253,-0.63664,-0.34665,-0.031842,-0.49139,-0.41694,-1.4487,-0.58983,-1.0856,-1.1405,-0.50207,-0.80014,-0.55912,0.36771,0.12285,-0.05703,-0.54681,0.6614,0.66884,0.12126,-1.4763,-1.2376,-0.71,-1.7074,-0.64245,0.9212,-0.30477,-0.32422,1.017,0.29071,0.33778,-0.061525,-0.17969,0.37487,1.3301,0.77494,0.2592,0.12171,1.9518,-0.27803,-0.64642,-0.028958,0.8357,0.4115,0.55921,0.77486,-0.26856,-1.1468,-1.1867,-0.62764,0.4246,-1.4292,-1.0271,-1.1447,-0.43043,-1.0227,-1.2332,-0.29459,0.5864
-0.561,-0.49107,-0.55014,0.6008,0.67779,0.66043,-0.70607,1.3798,1.0921,0.37865,1.0562,0.36674,1.7177,0.56698,0.52754,-0.39679,1.2051,0.769,-0.21497,0.34689,0.4173,0.4701,0.45702,-0.58599,0.24108,-0.1372,0.11813,0.62111,0.032461,0.24294,-0.25225,0.69994,0.94562,-0.23317,-0.092938,0.21876,-0.21477,0.29589,-0.18038,-0.56569,0.14465,-0.20991,-0.29729,-0.46904,0.32757,-0.82448,0.25846,-0.3007,0.67365,0.049752,-0.78941,-2.0669,0.14813,-0.0083906,-0.62405,-1.4596,-1.5248,-0.44735,-0.27127,0.54204,-0.81609,-0.15192,0.13249,0.92702,0.13503,-0.07442,-0.65535,-0.55489,-0.23078,0.10623,-0.68817,0.076019,-1.1462,-0.31475,0.63756,-0.44724,-0.58032,0.44134,0.46463,0.45905,-0.36772,-1.0887,-0.62695,-0.82137,-1.0219,-0.48109,-0.65982,-0.69878,-1.4231,0.019401,-0.67458,-1.042,0.74241,0.71972,0.14232,0.64425,-0.49897,-0.41767,-0.92363,-0.015627,0.47756,0.14184,0.57423,0.078878,-1.0467,-0.2063,0.71804,-0.52993,-0.66148,-0.15161,-0.055479,0.64025,0.29188,0.28163,0.25773,-0.010157,-0.20438,-0.23829,-0.072087,-1.4048,0.73099,0.69577,-0.21994,-1.3432,-0.00087996,-0.13478,0.21839,-0.12781,-0.5553,0.066745,0.076878,0.40558,-0.26023,0.14197,-0.63944,0.027644,-0.62239,0.16816,0.4379,-0.092607,-0.36443,-0.60242,0.22059,0.099687,0.93008,-0.57709,-0.31556,0.29661,0.18737,-0.58604,-0.23009,-0.16663,-0.67687,1.4335,0.030257,-1.5943,-0.91385,0.17816,0.54871,-0.23976,0.35697,-0.3151,0.47665,-0.20548,0.019482,0.091825,-0.42577,-0.18329,-0.026267,-0.07115,-0.53917,-0.52728,-0.53159,0.21831,-0.15786,0.64972,-0.054933,0.84291,-0.09256,-0.17166,-0.73566,0.084525,-0.088848,0.13864,0.9559,-0.71584,-0.65076,-0.024694,-0.2888,0.40146,-0.25717,0.20975,-0.075184,0.42853,0.20299,0.14078,-0.47322,0.06318,0.85494,0.2868,0.55213,-0.4825,-0.2048,-1.0145,-0.94745,-0.035517,-0.58188,-0.87238,-0.38085,-1.3717,-0.72556,0.18398,-0.32869,-0.19506,-1.2929,0.40803,0.15753,-0.20542,-0.60626,0.6192,-0.81192,-0.044575,-0.29717,-0.91968,-0.90798,-1.4512,-0.22478,-0.097718,-0.59479,-1.0828,-0.27679,0.33116,0.78531,-0.47709,0.17968,-0.61957,-0.31997,0.5779,0.71455,0.51243,-0.90391,0.32567,0.91525,-0.27908,-0.69205,-0.64316,-0.82648,0.40891,-1.314,-0.91954,0.11321,-0.39518,0.12485,-0.47577,-0.018503,-0.11931,-1.0971,0.91772,-1.0981,-0.39346,-0.92284,-0.38553,0.49013,0.148,-0.25473,0.41919,0.1366,-0.2434,-0.098235,-0.35917,0.21419,-0.27239,-0.45649,-0.18388,1.127,0.90467,-0.54022,-0.67598,-0.8275,-0.67212,-0.67985,-0.10481,-0.1656,-0.39452,-0.49435,0.81537,-0.017433,0.46119,0.13751,0.42808,-0.25192,0.62691,0.082875,0.083482,0.64444,0.88062,-0.19623,0.47013,0.98214,-0.014584,-0.328,0.04797,-0.19882,0.61008,1.1005,-0.53744,0.95919,1.1821,1.2908,0.87525,0.64668,0.84289,-0.046341,1.4915,0.36585,0.18556,-0.53142,0.1783,0.44009,0.34258,0.12633,-0.22723,-0.51716,-0.47884,-0.08271,-1.5904,-0.78607,-0.27464,-0.47336,0.52843,-0.24765,-0.29407,-0.088297,1.0268,0.95352,0.36277,-0.93645,-0.099544,-1.358,-0.053711,0.29156,0.50971,-0.32115,0.093964,1.01,-1.6469,0.039261,-0.99746,0.023152,-1.0351,-0.56347,-0.077039,-1.6991,-0.57819,-1.1348,0.45154,-0.029127,0.327,-0.18234,0.93283,0.80001,0.82552,-0.082308,1.1461,0.2605,-0.55138,-0.25465,0.52919,-0.53209,-0.68803,-1.0609,-1.0541,-0.80696,-0.58767,-1.7061,-0.46718,-0.087983,0.56739,0.56901,0.61675,-0.10585,-0.19335,0.32549,0.098185,0.24501,0.16851,-0.31807,0.30413,-0.17056,-0.3083,-0.61712,-0.97597,0.71972,0.034933,-0.076199,-0.35692,0.45853,0.14047,0.35866,-0.11826,-0.85292,-0.95225,0.49564,-0.16827,-0.39273,0.55577,-1.0448,0.4841,-0.31107,0.15079,-0.95253,-0.34483,-0.89056,0.018073,0.46323,-0.18824,-0.30829,0.11449,-0.58021,0.31151,-0.10785,-1.5887,-0.70054,0.22238,0.32878,1.3845,1.4273,0.9025,0.6782,0.71512,-1.4569,0.067434,0.92334,0.59875,1.3444,0.82383,0.15417,0.00050777,0.5398,1.4206,1.3485,-0.21967,0.13266,0.66351,0.46916,1.1408,0.089317,-0.04635,1.1777,1.3385,-0.20834,1.4848,1.1761,0.62019,1.2403,1.1474,0.052697,0.39813,-0.47023,1.2018,1.2519,0.52675,-0.10527,0.42504,0.83153,0.53627,-0.32423,0.55381,0.70772,0.40147,1.3107,0.64476,0.16088,0.080083,0.33472,-0.044484,-0.41218,-0.073494,-1.0865,0.66821,0.39302,-0.026746,1.2594,1.4553,0.96237,1.0136,0.58424,0.50302,0.3808,0.631,0.81649,0.52595,0.6148,0.46988,0.8565,0.78114,1.1173,0.13553,0.09055,0.67264,0.70828,-0.43927,-0.063911,0.65417,1.1359,1.0546,1.0523,1.0103,0.11447,0.26759,0.15254,-0.86455,0.18269,-0.31527,0.16521,-0.35872,0.24328,0.70329,0.19054,0.43142,-0.14205,-0.4637,0.80362,-0.02846,-0.28857,0.6861,0.17704,-0.0759,0.31569,0.35409,0.027327,-1.0979,0.40656,-0.16384,0.32219,0.097514,1.2401,0.76529,0.21186,0.34734,0.83861,0.8036,1.0123,0.22798,0.63028,1.3462,1.1224,0.59581,0.83864,-0.21514,-0.27882,0.78554,1.3251,-0.15045,0.10517,1.0701,0.57411,0.56966,0.26574,-0.18723,-0.024874,-0.51231,0.23323,0.14524,0.49962,-0.47224,-0.22518,0.55086,1.0821,0.63573,-0.91958,-0.068682,-0.1287,0.32773,-0.23399,0.55043,0.47768,1.1179,0.74303,1.2096,-0.29399,0.89312,0.23369,0.098091,0.64429,0.20856,0.54907,-0.24664,0.36352,-0.49293,-0.19334,-0.74279,0.0276,0.32169,0.084298,-0.2194,0.36206,0.86563,0.12265,0.39643,0.29165,0.97915,-0.5935,0.32813,0.74478,1.0539,1.088,0.19057,-0.10582,-0.90843,-0.024239,-0.29688,-0.70184,0.34927,0.66549,-0.077323,0.27165,1.2339,0.98318,0.71356,0.34863,1.2582,-0.65161,-0.16365,-0.50567,-0.19131,0.095161,0.37586,0.058598,-0.66743,0.14519,-0.076982,0.67528,0.30358,0.63876,-0.23804,0.06157,0.4269,0.30653,0.81223,-0.21198,-0.65148,0.25659,0.95085,-0.4464,0.28713,0.83155,0.066747,0.44008,0.65013,0.89692,0.099359,0.12007,-0.53124,1.5872,0.26686,0.5121,1.1673,0.45952,-0.38643,-0.49145,0.46977,0.3743,0.50267,-0.69743,0.097842,-0.16597,0.25862,0.98474,-0.12411,0.1092,-0.44612,-0.12834,1.4424,1.4745,-1.5282,-0.4482,-0.22891,0.72098,0.74256,-0.10139,0.19221,-0.13807,-0.17564,0.35454,-0.47753,-1.1352,-0.91242,0.56083,0.62677,-0.36694,-0.97893,0.90849,0.4192,1.1348,-0.34274,-0.6915,-0.60249,-0.89133,0.3243,-0.10162,-0.84971,-0.69418,-1.3339,0.44577,-0.057284,0.84186,-0.72965,1.0662,0.18214,-1.2188,-1.2828,-0.48747,-0.96538,0.71011,-0.61192,-0.53297,-0.62166,-1.6474,0.42174,-0.46359,-0.70048,-0.45811,-0.66281,0.44226,0.94472,-1.0679,-0.20055,-0.36125,-0.23196,-0.60915,-0.68617,-1.3868,-0.78648,-0.5482,0.91107,-0.81265,0.74672,0.23004,-0.28257,0.12966,0.074428,0.63785,0.23747,1.0769,0.12706,-0.46866,-0.21043,0.17772,1.1088,0.33955,1.1548,0.28218,0.40786,0.16911,-0.35729,-0.2235,-0.0978,-1.0299,-0.39724,1.19,-0.93227,-1.2213,-0.66817,-0.88938,-0.14419,0.070155,-0.24273,-0.41778,-1.6808,-1.2135,-0.26545,-0.56152,-0.81527,-1.746,-0.88111,0.28162,-0.58737,0.076947,-0.29111,-1.006,-0.31027,0.049082,-0.37855,-0.9249,-1.2812,-1.2477,-0.82189,-0.721,-1.3898,-0.093143,-0.99925,-0.97914,-1.1661,-1.4289,-0.68713,0.048547,-0.010975,-0.39731,-1.3542,-0.832,0.30856,0.36121,-0.39501,-1.1242,-0.4266,-0.61008,-0.24531,-0.2615,-0.42634,-0.18427,-1.1823,-1.3172,-1.5738,0.030963,-1.97,-0.33788,-1.6378,-0.34425,-0.89515,-0.27572,-0.19337,0.66896,-0.46913,-0.44525,-0.80479,-0.4762,-0.68073,-0.057773,-0.16536,0.21442,-0.5448,-0.30463,-0.88464,-0.78913,-1.3558,-0.23704,-0.56689,0.051023,-0.46487,-0.93676,-0.74913,0.080292,-0.35479,0.24396,-0.88587,-0.64994,0.082922,-0.23844,0.11623,-1.9535,-0.3421,-0.21881,-0.43242,-0.80041,-1.3548,-0.63138,-0.45543,-0.69154,-1.5793,-1.053,-1.0347,-1.3923,-0.7388,-0.91523,-0.73957,-1.0227,-0.7693,-0.67391,-0.22501,0.55736,0.61562,0.93071,0.68295,0.44572,0.54487,0.32648,-0.22505,0.079724,0.10072,-0.34986,0.085176,0.58486,0.31026,-0.46485,-0.34159,0.53249,-0.064249,-1.0143,-0.08428,-0.59239,0.33808,-0.10345,0.51645,0.77666,0.81296,0.49145,0.7474,0.33747,0.53673,0.93368,0.26175,0.25734,0.24478,0.69364,1.2809,0.50322,-0.23271,0.56262,0.47238,0.30812,0.054295,0.54416,-0.0075602,0.16853,0.60359,-0.19526,0.7977,-0.32693,0.86651,0.85997,1.8479,0.61046,-0.41639,1.0726,0.29715,-0.48048,0.43358,0.27014,-1.492,-1.0872,-0.62262,-0.012533,-0.15447,0.33842,-0.34249,-0.338,0.072348,1.1655,-0.033738,-0.11928,-0.11224,1.1064,-0.15716,-0.11673,-0.20605,0.080351,0.73293,-0.033867,0.4646,-1.1538,1.0798,1.404,-1.6488,0.52229,-0.088175,-0.55325,-0.05789,-0.0154,0.068323,-0.26651,-0.62782,0.061067,-0.16717,-0.20953,-0.51496,0.34266,-0.58174,0.12516,0.25049,-0.17359,-0.1863,0.26575,0.73327,-0.21559,-0.74287,-0.52932,-0.80651,-0.044036,-0.72171,-0.42114,-2.5323,0.014078,-0.18408,-0.076399,-0.24339,-0.85713,-0.61153,0.082435,0.63601,0.19084,-0.22307,-0.27092,-0.73984,0.10335,-0.82422,-0.79356,-0.73021,-1.7286,-0.43107,-0.86741,-0.42178,-1.1358,-0.10125,1.0348,0.16205,-0.7355,-0.1183,-0.97931,-0.075798,-0.078159,-0.67138,-1.0181,-0.53048,-0.47004,0.85525,0.44928,-0.25926,-0.64493,-0.58975,0.77624,-0.5463,-0.066171,0.11567,1.0528,0.95949,0.45546,0.1866,-0.28389,-0.70441,0.058047,-0.22748,1.1726,1.279,1.0945,-0.60311,-0.15159,0.72502,1.1401,0.35395,1.3746,0.64476,0.46352,0.52766,0.68115,0.86718,0.41355,0.57918,-0.01359,0.45693,0.028102,-0.33345,0.25597,-1.3496,-0.43124,-0.31437,-0.62956,-0.62442,0.09121,-0.59145,-0.83515,-0.66337,0.054611,0.63999,0.23795,-0.19385,0.33064,-0.10433,0.16197,0.35719,-0.013848,-0.48349,-0.71687,-0.21869,-0.33091,-0.33938,-0.31762,-0.34522,0.3836,-0.53057,-0.28558,-0.66038,-0.75432,-1.3037,-0.41493,-0.48364,0.099118,0.42424,0.91683,0.95322,0.56883,-0.44086,0.87857,0.51679,0.57541,0.2971,0.53358,0.91901,0.79222,-0.021153,-0.36472,-0.11741,1.086,-0.010346,0.21328,-0.57944,0.27433,-0.20785,0.87812,0.8319,0.44764,-0.009712,0.15465,-0.038217,0.96322,0.018918,-0.3941,0.1614,-1.254,-1.0438,-0.78171,-1.111,-0.75402,-1.0684,-1.1881,0.11498,0.044338,-0.60194,-0.63782,-0.63924,1.1745,0.58379,0.070699,-0.97261,-0.67078,0.19091,0.94026,0.45248,0.75038,0.14235,0.48652,0.85808,0.26767,-0.62227,0.073098,-0.27443,1.7003,0.20217,-0.61297,0.48154,0.70682,0.9877,0.76106,-0.15638,-0.30625,-0.42275,-0.96886,-0.43917,-0.85744,0.36034,-0.0075978,0.042006,0.3328,-0.19707,0.46943,0.95744,1.0182,-0.53413,-0.66886,-0.11633,0.49747,1.1802,0.31698,0.33668,-0.28364,0.26178,0.61374,0.11406,0.30432,-0.41602,-0.35302,1.1781,0.6569,1.5029,0.60924,1.1734,0.13829,1.0381,0.45972,0.57801,0.029739,0.80116,-0.014354,0.70125,0.45861
-0.83859,-0.19608,0.73192,0.52665,0.24058,0.60942,-0.34728,-0.41015,-0.20607,-0.88098,-0.74267,-1.4374,-0.11909,1.159,0.41234,0.94011,-1.9547,-0.56954,-0.47842,-0.40518,-1.5117,-1.6152,-0.80459,-0.96503,-1.3228,-2.0981,-1.4971,-1.1928,-1.5525,-1.5253,-0.8131,-1.2081,-1.6778,-0.18822,-0.46074,-0.57023,-1.4784,-2.2612,-0.84844,-0.54441,0.49184,-1.9692,-2.3008,-0.31956,-0.021813,0.18057,-0.73912,-1.1813,-0.35281,-0.37738,-0.49428,-2.1952,-2.2917,-1.781,-0.83461,-0.60043,-0.44695,-1.0483,-1.9567,-0.66443,-0.72853,1.4738,0.9562,-1.635,-1.2042,-0.57055,-0.61351,-0.43742,-1.1575,-1.6724,-0.17673,-0.21458,-0.3121,-1.1197,-2.2694,1.1939,2.1537,1.5342,1.4346,0.93942,1.1565,2.1503,1.1706,-0.33949,-0.84901,0.1975,1.4613,0.95639,1.0631,-0.81928,1.0427,0.54541,1.0599,2.3616,-0.64356,-2.3398,-1.1669,-0.32789,0.2709,-0.049121,-2.0214,-1.6145,2.2935,0.87242,-0.45377,-1.5923,-0.35225,0.87224,1.9531,0.10763,-1.4206,-0.64255,1.7155,0.52367,0.8154,0.44197,0.64676,0.98628,1.8572,1.9443,0.47338,0.42334,0.99586,1.5773,0.71225,0.3724,1.1548,2.8501,1.6114,1.3167,0.9548,1.5101,1.7723,2.8812,2.3636,0.87955,0.55385,0.68701,0.58188,-0.30805,-0.086766,-0.65785,-0.4766,-0.17186,-0.14915,1.5862,0.87492,-0.30569,0.19252,0.5482,0.78966,0.10791,0.14805,-1.4739,-0.366,0.26171,0.13497,-0.084969,-1.1891,-1.4489,-0.17946,0.033993,-0.42574,-0.13876,-0.48238,0.63872,-0.052335,0.71137,-0.3929,-1.2177,-0.91621,-0.90763,-0.20895,-0.24163,-1.3432,-1.0451,-0.47504,0.12497,-0.86566,-0.7373,0.44856,0.3417,0.6429,0.33011,-0.11905,0.1311,0.79912,1.4894,-0.21837,0.6025,1.5384,0.29059,1.5272,1.3358,-0.5161,0.73225,1.6824,0.89586,0.65099,0.64306,1.1764,1.1469,1.762,1.7176,1.8399,0.22582,0.91165,0.39422,0.53151,-0.38627,-0.53314,-0.87679,-1.5441,-0.69296,-0.39351,-0.36975,-1.0232,-0.49877,1.8694,0.052763,0.86681,0.11195,1.0497,0.77218,0.36924,-0.1452,-0.27256,-1.4761,0.22756,0.28424,0.57442,-1.048,-0.35335,1.5591,-0.18965,0.41449,0.02946,0.73563,0.30644,1.5012,2.2546,0.28107,0.6425,1.1714,1.0124,0.55222,-0.12724,-0.26158,0.68103,0.36199,-0.17562,-0.67176,0.00074074,-0.33395,-0.23269,0.37912,1.5166,1.0637,0.64665,1.2128,1.3697,0.76282,1.289,-0.25594,0.57544,0.13588,0.78478,1.5536,1.378,-0.089825,1.0911,-0.10758,1.419,0.9497,0.71053,1.3863,1.0888,1.8964,1.3927,1.0336,0.31351,-0.91712,0.24599,0.015884,-0.07819,0.96998,1.8983,-1.5704,-1.6978,-1.5416,-0.36219,-0.88874,-1.8041,-1.4907,-0.74564,0.50687,0.88219,-0.15183,0.21467,0.70369,0.49346,-0.15789,-1.5933,-1.0313,-0.37579,1.2591,-0.50902,-0.54115,-0.64649,0.59776,0.63625,0.72349,-0.29819,0.21998,1.1997,0.22125,1.3838,0.42946,0.15836,0.23406,-0.0052593,0.42552,-0.95483,-1.1209,0.46522,0.076738,-0.64227,-1.2301,-0.97017,-1.4083,-0.59683,-0.50221,0.90505,-0.26514,-1.1895,-0.18059,1.8025,0.71964,1.0675,0.1067,0.34527,-0.79529,0.064505,-0.50899,-1.1539,1.2507,1.3881,0.57784,-0.2397,-0.99168,-0.91428,-2.0687,-0.67578,-1.2069,-0.50088,-2.1173,-1.592,-1.0394,-0.32741,-0.36066,-0.81435,-0.12295,0.87125,0.73711,0.21634,-0.779,-1.3776,-0.59993,-0.44539,0.28302,0.075839,-1.9991,-1.8377,0.048558,0.71692,0.17012,-0.54256,-1.0822,0.12995,0.68512,1.057,0.9231,-0.16331,-0.042088,0.20059,-0.43583,-0.30008,-0.53817,-0.40598,0.23076,0.81882,0.85809,0.11622,0.6486,0.89692,0.55043,0.0084548,-0.40163,0.48658,1.5976,0.30951,0.2361,-0.042772,-0.38081,-0.032884,0.54707,1.8617,2.1325,-0.017237,1.1264,1.6842,1.5671,0.91161,0.92811,1.7028,0.80493,0.49002,-0.3294,-0.83619,-0.49859,0.55378,-0.2024,0.34489,-0.23395,1.7294,1.6134,1.6385,-1.2026,-1.3694,-1.1515,-0.72205,-0.19098,-1.0836,-1.8569,-0.78924,-0.43575,-0.52404,-0.27218,-1.1601,-1.5316,0.14309,-0.6369,-0.32721,-1.2509,-1.7466,-0.38003,-0.67266,0.34177,-0.50352,-2.1033,-0.48431,-0.8803,-0.22498,0.30725,-0.080598,0.22029,-1.0232,0.25017,-0.70544,-1.1988,0.56981,0.4384,0.55768,-0.73013,-0.55503,0.24526,0.30268,-0.82876,-1.0123,-1.1996,-0.35895,-0.95955,0.66767,-0.56245,-1.3814,-1.1779,-0.66976,-0.46995,-1.3435,-1.7299,-0.96743,-0.64348,0.42341,0.34469,-0.3108,-0.1519,1.4423,2.0158,-0.064404,0.39769,0.37228,1.5409,1.3532,0.94383,0.89897,1.1969,0.3267,1.0093,0.74962,0.19349,1.1758,1.1471,1.1012,1.1693,0.26188,0.62214,0.28528,-0.046758,-0.15262,-1.0523,0.063991,0.38512,-0.14671,-0.36133,-0.83646,-0.72252,0.21278,1.1859,0.735,0.19366,-0.51804,1.0503,0.39827,0.027662,0.086873,-0.067391,-0.11629,0.28802,1.4926,0.8081,-1.1111,-0.14998,0.98402,-0.52364,-0.63159,-1.0532,-1.2711,-0.71458,-0.58711,0.66194,-0.72843,-0.57491,-0.68241,-0.6286,0.48987,-0.01889,-0.64609,0.30011,1.248,1.9684,0.35304,-2.325,-1.469,0.20272,-0.76596,0.013726,1.0127,-1.2429,-2.1367,-0.84367,-0.093944,-0.28755,-1.3854,-1.2512,-1.779,0.48494,0.34471,-0.83872,-1.6907,-0.87316,-0.64965,-1.0425,-2.191,-2.1886,-1.4982,0.54843,0.055517,0.24114,-0.78475,0.90629,1.3003,0.84549,0.58037,-0.94222,-0.10698,0.54123,-0.32294,-0.64798,-1.1549,-0.5687,0.15194,-0.63892,0.87962,-0.87642,-0.30508,0.93934,0.69598,1.7406,1.0144,-0.090948,1.2153,1.0864,1.7217,1.763,0.26602,0.90838,1.8229,1.6,1.5996,-0.38233,-1.4565,-0.10715,1.2249,0.007245,-0.19224,-1.5298,0.30977,0.93102,0.25842,-0.026622,-0.83707,-1.0293,-0.21937,0.24161,0.50415,-0.67306,-1.9335,-1.7595,-0.20889,-0.13099,-0.52776,-0.82623,-0.33251,0.32129,0.70209,1.0565,0.16459,-1.0011,-0.31261,0.16373,0.29379,0.26669,-1.2142,0.20035,1.4968,0.42512,-0.52348,-0.68057,-1.5968,0.57445,0.85023,-0.1859,0.19062,0.75728,1.2097,1.2673,0.44319,-0.57067,0.044619,0.96124,0.75039,-0.94609,-0.13544,-0.79249,0.89506,-0.35505,-0.57202,-1.4916,-0.059065,0.42591,-0.28962,-0.23379,1.3027,-1.4374,-0.031459,0.63023,0.6252,-0.19711,-1.2161,0.22836,2.1893,1.3548,1.7499,0.96338,-0.17445,2.2807,2.4287,0.70368,0.17618,-0.78345,2.2659,1.0061,1.6336,1.2448,0.21909,0.19768,0.12824,0.24619,-1.0962,-0.42463,-0.14972,0.85864,-0.20557,-0.30173,-1.4718,-0.60409,0.65887,2.1266,1.4495,0.6062,2.1497,2.6209,0.32488,0.05445,-0.44834,1.2514,1.1022,0.71039,0.22968,-1.7213,-0.10014,1.564,-0.035846,0.21898,-0.10707,0.99793,1.6462,1.2701,0.44008,0.92927,1.4868,1.1877,1.2416,-0.42996,-1.3171,0.56805,0.4474,-0.091988,-1.8239,-0.91186,-0.1983,-0.55699,1.0333,0.70993,-0.31462,0.15898,1.2427,1.1849,0.032108,0.30859,1.2341,1.1664,1.5913,0.15878,1.8752,1.0645,1.7199,0.82413,0.22606,-1.5349,0.047175,1.0679,0.40251,0.55044,0.70627,-0.23479,-1.3417,-0.70462,0.29429,0.038932,-1.2147,-1.847,-0.40445,0.84377,0.74438,0.98484,0.94922,2.0585,1.2126,1.6164,1.4023,-0.89166,-0.85556,0.23508,-0.014419,-1.0696,-1.9275,-1.3696,0.014492,0.23127,-0.18568,-1.4846,-0.55634,1.4214,0.7294,-0.63083,-0.51878,-0.012846,1.2049,-0.2033,0.85436,-0.12672,0.54148,1.077,1.1334,0.7836,-0.48801,0.2271,0.96751,1.153,0.88991,-0.43614,-0.30991,1.0611,-0.88154,-0.099888,-0.5798,-1.4734,-0.53765,-0.85057,-0.53119,-0.76737,-0.55729,0.3991,0.81476,1.5848,0.59287,0.77686,1.089,1.205,0.65948,1.1032,-0.74017,0.15374,-0.15233,-0.085918,-1.542,-1.9736,-0.0042975,-0.48454,0.36372,-0.3866,0.096939,1.4751,0.72484,0.56024,0.32024,1.6189,0.56282,0.41972,-0.039515,-1.0696,-2.2996,-0.67958,0.10965,-0.46181,-1.4535,-1.0817,-0.5631,-0.23968,-0.18274,-1.2091,-1.1629,0.14255,-0.74745,-1.3982,-1.1017,-1.1963,-0.60072,-1.165,0.38623,0.2688,-0.0084021,1.4646,-0.93083,-1.5475,-1.5815,-0.72392,-1.1437,-0.62416,-1.1997,-2.0364,-1.2581,-0.30379,-0.94081,-2.04,-2.2484,-0.78555,-1.3677,0.4249,-2.5649,-1.8583,-1.2954,-0.63493,0.23089,-1.2761,-1.3603,0.13134,-0.48644,-0.84784,-0.60829,-0.50024,-0.21594,-0.75885,-1.212,-1.2669,-0.1539,-0.44281,-1.4035,-1.6143,-1.5256,0.17321,-0.77449,-0.78885,-0.89979,-1.0405,-0.33474,0.28336,-0.047022,-1.0512,-0.30459,-0.41676,-0.38557,-0.074477,-1.1824,-0.97208,0.54542,0.52824,0.17007,0.03632,-1.0518,1.1333,1.5494,1.3571,0.47794,0.95475,1.1063,1.6448,2.553,-0.2459,-1.7538,-0.29918,-0.10801,0.37367,0.074037,-0.30035,0.32544,2.025,1.0301,1.3972,-0.21127,0.26673,0.25566,1.149,1.1345,0.39906,1.0422,-0.29078,0.14323,0.39245,0.17914,-0.44144,-1.0417,-1.6129,-0.54904,-0.50284,-1.2473,-1.2087,-0.89642,-0.017188,0.25563,1.6453,-0.069082,-0.04727,1.1855,1.7984,1.1133,0.41058,0.38795,0.47179,0.7379,0.88521,0.14516,-0.0015777,1.5109,1.3534,0.75693,0.98814,0.11011,1.1743,1.0298,-0.22042,0.44139,-0.40718,-0.94535,0.2319,0.45713,0.90092,-0.21447,-0.22151,-0.64774,1.5756,0.80791,1.4896,-0.25144,1.5833,2.7827,2.8403,2.7078,1.1365,0.21617,0.24326,0.887,0.70816,-0.89595,-1.6109,-0.9056,0.8156,-0.078949,-0.8848,0.72814,0.63962,0.14312,0.34845,1.6582,-1.1504,-1.5577,-1.2416,-0.85479,-0.11241,-1.4246,-2.1369,1.18,0.1686,0.75317,-0.084049,-0.53838,-1.2541,0.13682,0.073539,0.98264,-0.2584,-1.2542,0.52536,0.24432,0.76077,-0.44397,-0.89029,0.36873,0.73104,0.23178,-0.81549,-0.24323,0.2591,0.44464,0.36018,-1.2145,-1.111,-1.2673,0.58188,0.036648,-1.2775,-1.8667,-1.0062,0.11404,-0.15129,-0.43427,-1.3357,-1.0843,-0.4344,0.11197,1.3168,0.1638,-0.09669,0.89054,1.1171,1.2171,0.40201,-0.53811,-0.66743,1.122,0.35347,-0.6946,-1.8826,-1.9816,-0.38301,-0.38891,-0.72953,-1.1497,-0.447,0.85852,-0.11767,0.18675,-0.57803,0.31292,-0.1551,0.62163,0.44898,-0.027768,-0.1118,-0.26306,-0.23051,-1.6642,-1.605,0.081939,0.57387,-0.016687,-1.064,-2.2324,-0.063369,-0.064967,0.10854,-0.53394,-1.2953,0.036713,0.92412,0.89126,0.46981,-0.8537,-1.5451,-0.38856,-0.21612,0.96438,0.65834,-0.35962,-0.57266,-0.18654,-0.027737,-0.56431,-1.0185,-1.6093,-0.58701,-0.043185,0.93885,-0.38883,-0.35382,-0.89948,0.59431,0.86009,1.3227,0.6472,0.17768,1.1496,2.4604,1.2101,0.54027,1.1088,3.1459,1.3399,1.6367,1.3784,1.3578,0.66424,0.43318,-0.39598,-0.23956,0.95662,0.42792,0.30206,-0.4154,-1.2627,-0.78694,0.13926,-1.0797,-1.1238,-1.3804,-1.5578,0.28311,0.096732,-0.37714,-1.6395,0.33399,-0.045071,0.78153,0.074954,-0.69183,0.030653,1.6544,1.2494,0.2894,-0.63746,-1.3101,1.002,0.73699,0.79489,0.093788,-0.99098,1.2469,0.59599,1.3308,1.735,-0.34644,1.6798,1.1118,2.0446
2.5437,2.9226,1.9809,1.9513,1.6686,1.3197,1.6561,2.4916,2.3046,2.1788,2.4232,3.3022,1.047,0.93926,1.6579,1.6766,2.3002,3.0034,1.7936,1.7074,0.59734,1.2473,1.7806,0.86766,0.51958,1.0658,1.7105,1.0198,1.0923,0.91142,1.5017,1.2687,1.0343,2.0224,1.3933,0.65114,1.8176,0.50912,2.1194,2.1627,1.1107,2.5273,2.3419,2.1015,1.2843,1.6879,1.1068,1.5524,0.92598,1.2788,0.53192,-0.71606,2.0446,0.75759,1.1322,-0.52953,-0.7634,0.9893,0.56575,1.5806,0.82939,1.1837,-0.2403,0.74208,1.0913,0.25986,0.99078,0.3118,0.53057,1.3555,0.45238,0.59828,0.80358,0.86454,1.1983,1.6074,0.86464,0.54444,0.41426,1.1,0.81603,-0.09138,0.81478,0.1008,0.57708,1.2923,-0.68913,0.16521,-0.64378,-0.39602,-0.47243,-0.2647,-1.6283,-0.20415,1.6136,1.7773,1.4657,0.40633,1.0416,-0.045363,2.7321,1.4535,-0.060627,-0.62827,0.27498,0.88142,0.31293,0.41845,0.42207,0.03698,0.34048,0.46067,-0.069168,0.035325,-0.29614,0.37085,0.70761,0.043256,-0.18175,-1.3604,-1.0986,-0.12391,-0.031564,-1.1732,-1.3392,-0.73571,0.29339,1.1106,0.68914,-0.064392,1.6581,0.60875,0.082896,-0.49112,-0.21094,0.13414,0.17043,-0.20078,0.74226,0.54272,-0.034877,1.2977,1.6425,1.9685,1.8288,1.9171,1.8046,2.4347,3.1175,0.71304,1.1621,0.9094,0.9685,1.1709,0.95246,1.2574,0.46433,0.63523,1.9532,0.69873,-0.50521,0.65368,-0.22218,0.90871,0.5595,0.90664,0.38933,-0.48238,0.80796,0.33093,0.34519,-0.16125,-0.24038,-0.82594,0.35681,1.1427,0.17369,-0.56357,0.63043,0.73304,0.70837,0.33127,-0.42229,-0.642,0.27472,0.74073,-0.91369,-0.79143,-0.52684,-0.4113,0.54586,-0.44773,-0.86955,0.45542,1.0091,-0.11889,0.22253,-0.58129,0.39133,0.59097,-0.3235,-0.094413,-0.90256,-0.43282,-0.18616,-0.65785,0.46211,0.023708,-0.064037,-0.52831,-0.010965,-0.74894,-0.10627,-0.055578,-1.5616,-0.088342,0.30091,0.30882,-0.36954,-0.52271,0.50344,0.12564,-0.76673,-0.67462,-1.2299,-1.5914,0.26277,-0.25772,-0.45793,-0.92962,-1.3241,0.64724,-0.53349,-1.2321,-0.88939,-0.42071,0.030069,-0.33679,-0.68197,-0.046878,-1.0995,-0.43034,-0.36101,-0.32105,-0.56617,-0.8926,-0.47594,0.070852,-1.1171,-1.1257,-1.7001,-0.65362,0.018232,-0.8562,-0.48251,-1.1241,-1.4829,-1.2211,-0.2495,-1.6108,-1.0715,-0.25503,-0.45694,-0.32652,-0.33331,-0.72459,-0.64333,-0.74994,-0.82886,-0.20165,-0.042252,-1.4918,-1.0473,-0.74018,-0.55335,-0.59277,-0.68197,-0.98737,-1.2903,-0.72883,-0.86738,-0.54155,-1.0886,-2.011,-1.8491,-0.96623,-0.72215,0.69632,0.92959,0.42255,0.90533,0.061142,0.88684,1.6666,0.71599,0.30335,-0.081515,1.2953,1.1357,0.86191,0.73643,-0.12117,0.32876,0.995,-0.20146,-1.1553,-1.081,0.21965,0.68221,-0.89752,-0.99176,-0.098669,0.40799,0.30158,0.1448,0.16921,-0.054478,-0.034151,-0.096414,0.16985,-0.29539,-0.42505,-0.74148,-0.053675,-1.5582,-0.85475,-1.2447,-1.299,-0.42838,-0.22192,0.0099815,-0.64482,-1.2229,-0.83083,0.68445,0.39043,-1.3491,-2.6915,-0.4882,0.26493,-0.92746,-0.15515,-1.4967,-0.76899,-1.2429,-1.9941,-1.7338,-2.4832,-2.4165,-1.8878,-0.47349,-0.70225,-1.8534,-1.3625,-0.44968,-0.64935,-0.5648,-0.93622,-1.8629,-1.1552,-0.15821,0.10577,0.11763,-0.54453,-1.506,-0.90712,-0.098704,-0.62469,-0.26668,-1.4928,-2.1715,-1.4224,-0.7843,-0.62243,-1.7298,-1.3205,-0.25764,-0.72764,-0.45087,0.29968,-0.54671,-0.22699,-0.80025,-0.89534,-0.8879,-1.1348,-0.47924,0.76491,0.15573,-0.88233,-0.40527,1.1184,0.70916,0.12375,0.19016,-0.77516,-0.48039,-0.37806,-0.43822,-0.5976,-2.2162,-0.45035,-0.092839,-0.17824,-0.40693,-0.93445,0.11007,0.10967,-0.22677,-0.56151,-1.3739,-0.93083,-0.45996,-0.10889,-1.0835,-1.2043,-1.2263,0.164,-1.5551,-1.3923,-1.9519,-2.2255,-1.1804,0.33171,0.45603,-1.1905,-0.41882,1.8579,2.0528,1.4948,0.6577,-0.018983,0.44005,1.3153,0.71354,-0.47366,1.1438,1.3042,0.94573,1.0102,-0.3373,1.0194,-0.054806,0.45056,0.24665,-0.13263,1.0107,-0.68307,0.87254,0.55402,0.38482,-0.39682,0.46632,-0.089495,0.46862,-0.53319,0.3319,-0.41312,0.6088,-0.018026,-0.48421,-0.47258,-1.1546,-0.33795,-0.21263,-1.1771,-1.3115,0.22727,-1.4585,-0.94967,-2.5098,-1.9878,-1.6509,-1.5205,-0.90662,-1.3591,-1.1101,-1.5463,-1.1398,-0.52646,0.25156,-0.38204,-0.96207,-0.74308,-0.04088,1.7246,-0.75621,-1.3095,-0.0034798,0.69126,-0.36528,-0.45631,-0.78137,-0.5852,-0.66289,-1.2165,-0.98195,-1.5765,-2.0756,-0.87746,0.15472,-1.157,-1.4563,-0.7612,0.31188,-0.85194,-0.12163,-1.0682,-1.2824,-0.35091,-0.38891,-0.44305,-0.18123,-0.65821,0.14783,0.87575,-0.39002,-0.94606,-0.3791,0.10745,-0.61324,-0.21499,-0.62665,-0.91798,-1.1769,-0.54656,-0.0035275,-1.0466,-1.3588,-0.77468,0.23703,-0.43049,-0.28503,-0.75272,-1.9249,-0.25568,-0.69418,-0.66518,-1.8238,-1.4796,-0.88085,1.3455,0.071412,-0.43883,-0.86844,-0.76047,0.56605,-0.12207,-1.4009,-2.149,-2.2833,0.071489,0.14456,-1.006,-0.099404,-2.0392,-1.2144,0.73326,0.7345,0.86716,-0.17515,-0.31082,0.16951,0.90944,0.93135,-0.040424,0.30691,1.1855,1.3679,1.2527,0.10736,0.29638,0.44079,1.0474,1.5569,0.13266,0.74837,-0.037257,1.3742,1.3849,-0.021603,0.20058,-0.18805,0.32226,0.36313,0.13725,-0.62603,-0.574,-0.13749,-0.0063471,-0.10134,-0.0089398,-0.78583,-0.11304,-0.61956,-0.057697,-0.18372,-0.93738,-0.82405,-0.016961,-0.47572,0.05085,-0.97892,-1.3618,-0.49366,0.21627,0.054205,0.45891,-0.55698,0.78915,0.72919,-1.1032,0.22618,-0.30773,0.20919,0.38461,0.46405,0.48398,-0.57566,0.48466,0.6144,1.2964,0.62769,-0.25653,-1.449,-0.3968,0.50582,0.62653,-0.35192,-0.55586,-0.93559,0.86165,0.49091,0.78797,0.19036,-0.074312,0.96677,1.349,0.85365,0.50292,-0.44367,-0.13963,1.1531,0.42107,0.20171,0.013749,1.1438,1.0773,1.0763,0.3574,-0.22565,0.076793,0.50233,0.51412,0.76208,-0.68262,-0.54272,0.80299,0.16665,0.28303,-0.16986,0.7004,-0.49789,-0.57114,-1.1947,-1.6451,-0.64673,0.01369,0.23835,-0.42902,-1.4044,-1.2231,0.12164,0.59226,-0.44081,-0.18106,-0.63013,-0.35265,0.07683,0.42705,-0.57104,-0.42996,1.3352,-1.0385,0.25564,-0.79326,-0.14293,-1.1166,-0.78588,-0.65899,-0.76354,-0.0058716,-1.1849,-0.81255,-0.97853,-0.3084,-0.48699,-1.0268,-0.28438,-1.0536,-0.35478,-1.0368,-1.5369,-1.2366,-0.85286,-0.04293,0.043882,-1.1939,-1.1111,-1.1664,-0.55191,-1.2817,0.15249,-0.57827,-1.0365,-1.6674,-2.1503,-2.9463,-1.9822,-1.5281,-1.604,-2.3295,-1.7852,-1.7554,-1.6422,-1.3089,-1.9727,-1.7068,-1.9703,-0.16208,-1.354,-1.2895,-1.6827,-1.2919,-0.66345,-0.5281,-1.8894,-1.165,0.1803,0.8285,0.1484,0.41139,0.74062,0.79123,0.83437,1.672,0.47797,-0.43273,2.312,1.1694,1.3547,0.86838,0.07415,-0.16928,0.030617,0.33084,-0.31274,-0.88072,-1.8549,-0.13024,-0.48571,0.59144,-2.0216,-0.93346,-1.771,-0.49332,-1.2457,-0.70851,-1.1615,-2.0994,-1.3737,0.075929,-0.35713,-0.65002,-0.78258,0.66638,0.38896,-0.82699,-0.36437,-1.7518,-1.3619,-0.83197,-0.55979,-1.2261,-1.5481,-2.2286,-1.1182,-1.2026,-1.4281,-1.5929,-0.85282,-0.56392,-0.68546,-1.2371,-1.0627,0.68726,-0.05325,-0.05669,-0.35767,0.10248,-0.040659,-0.1623,0.29585,-0.53161,-0.47662,-1.0451,1.0296,0.21349,-0.15328,-0.76823,-0.021708,-0.44464,-0.60074,-1.5475,-1.3484,-0.8318,-0.31544,-0.51439,-1.3082,-0.41826,-0.86863,-0.44637,0.33467,0.2293,-0.29619,0.47987,-0.35188,-0.15101,-0.36288,-0.91446,-0.99743,0.06678,-0.14921,-1.2864,-0.61935,-2.5334,-0.69801,-1.122,-1.0987,-0.64116,-1.911,0.36895,-0.71503,-0.72875,-0.99127,-0.62232,-0.26186,-1.8864,-2.1613,-1.3488,-1.7546,-1.7929,-0.71932,-1.0939,-0.98055,-1.9429,-0.13888,-0.14182,-1.0448,-1.2964,-2.0063,-1.1369,-0.94897,-0.49188,-0.58405,-1.1671,-0.9232,-0.44895,-0.61893,-0.0615,-2.5069,-0.83774,-0.88568,-0.6156,0.76813,1.3038,1.6632,0.73839,1.0856,0.89443,1.4221,1.5278,2.4092,1.2915,1.7454,1.2023,1.3071,1.5137,1.2483,0.54138,1.2372,1.0472,1.6475,0.42432,0.65246,1.3175,0.61616,1.2151,0.50288,0.7121,1.4042,0.078376,-0.18796,0.32632,0.99024,1.0089,0.48362,0.91715,0.18907,1.5246,0.48666,1.2222,-0.26003,0.23835,0.7311,1.5273,0.031123,0.24647,-0.39776,1.1872,1.0342,-0.11704,0.19251,-0.17398,-0.38904,1.0806,-0.56484,-1.3895,-0.43332,0.24345,1.1087,0.37716,-0.45703,-0.47172,0.28686,1.3935,1.3153,0.63146,-0.33894,-0.44522,0.77832,0.024967,0.4759,-0.28074,0.16042,-0.41012,0.46746,-0.84228,-0.70376,-0.46736,0.82338,0.5011,0.49585,0.16702,-1.1562,-0.39253,-0.25422,-0.2203,-0.5235,-0.95703,-0.88685,-0.97877,0.082099,-0.82767,-1.7462,-0.89548,0.089329,0.15608,-0.26221,0.11855,-0.63285,-0.2771,-0.18193,-0.15784,-0.018735,-0.6797,-0.5226,0.59926,-0.60404,-1.2055,-1.0199,-0.9712,-0.065947,-0.99245,-0.80779,-1.5101,-0.87355,-0.5135,-0.96672,0.271,-1.5406,-0.95255,-0.86226,-0.53797,-0.026348,-0.32235,-0.50971,-0.6099,-1.7542,-0.17584,-0.085011,-1.1858,-0.94089,-0.31766,0.2481,0.2637,-1.2918,-0.93726,-1.6276,-0.46234,-0.043952,-0.035082,-1.1551,-2.0201,-0.59419,-0.18284,-0.57056,-1.1011,-1.2239,-0.39669,-0.38055,-0.50734,0.15628,-0.082778,-0.44776,1.3228,1.4469,1.0105,0.39142,0.1612,1.6576,1.1894,2.7624,2.0002,1.1956,1.9942,1.7119,1.9782,2.5645,1.8057,1.3137,1.4577,2.0214,2.3876,2.468,1.1138,2.0932,1.5198,1.5942,1.1145,-0.32659,1.7675,0.59069,0.90252,-0.49984,-0.86737,0.97516,1.0912,-0.17789,0.48992,-0.60271,-0.049588,0.70264,0.72462,0.67314,0.86021,-0.17309,0.49164,1.1651,0.78203,0.64251,1.3078,1.2625,1.1676,0.61762,-0.31812,0.68148,1.0361,0.86412,0.86991,-0.17762,0.19994,0.25717,0.53606,1.4581,0.96351,1.4368,2.147,2.2128,2.3263,2.1428,1.753,2.2456,2.1559,2.5351,1.6413,1.4535,1.1997,1.7938,2.413,1.5325,1.5375,1.2779,1.4472,0.82545,-0.36743,0.95443,1.0837,1.303,-0.17402,0.60377,0.90671,0.34189,0.47378,-0.22436,-0.74391,0.67788,-0.55445,-0.19631,0.22235,0.085091,0.46539,-1.1281,-1.2066,0.16501,-0.10443,-0.39949,0.063839,-0.34323,-0.32517,0.28141,-0.1731,0.48798,-0.179,0.79579,1.1315,0.88102,1.0115,0.97688,0.48029,1.8637,1.3901,0.84794,1.6457,0.48474,1.7007,0.34643,1.0461,1.3497,0.44216,1.1309,0.78341,0.3476,0.031779,-0.026763,0.75596,0.13203,0.97925,0.13466,-0.8674,1.1209,-0.0084806,-0.59074,0.22706,0.56522,1.2365,0.70137,0.43432,-0.043011,0.42979,0.6168,-0.015681,0.60105,0.83296,0.66348,1.3081,1.8433,0.49916,0.22864,-0.02693,0.36073,1.0814,0.75299,0.38578,-0.76513,0.20628,0.14532,0.65489,0.055013,-0.043983,0.42687,2.1386,1.2734,-0.40208,0.085275
-0.090112,0.15197,0.037251,-1.2414,0.33657,-0.22848,-0.25805,0.65397,0.67236,-0.71243,-0.50534,0.29637,-0.34983,-0.85442,0.56032,-0.26247,-0.66358,-0.31875,0.60443,0.33316,-0.33105,-0.042964,0.45033,0.038673,-0.39735,-0.92178,-0.38321,-0.27169,-0.12398,-0.015755,-0.42905,-0.50664,-0.19941,0.57421,-0.61642,-0.73782,-0.91877,-0.09286,-0.098552,0.00070994,-1.0656,-1.213,0.031626,-0.87421,-1.2855,-1.1809,-1.0317,0.057728,-0.82809,-0.25824,-0.54309,0.77945,-0.06316,0.05023,-0.077581,-0.071966,-0.37725,0.64855,-0.56426,-0.60764,-0.47564,0.27318,0.65557,-0.028207,-0.32126,-0.051844,-0.25958,-0.36593,-0.122,0.41188,-1.3676,0.62602,-0.34478,-0.13415,-0.42862,-0.89715,-0.45166,-0.35265,0.03955,-0.67003,-0.96931,-1.3926,-0.62958,0.71053,-0.63135,-0.69309,-0.095925,0.51226,-0.029821,0.040202,-1.1633,-1.9536,-1.369,-0.93787,-1.2736,0.04057,-0.15458,-0.23475,0.36201,0.14652,-0.54736,1.4778,-0.11355,1.7283,0.4715,-0.55622,0.011323,-0.6661,-0.65319,-1.136,-0.53288,-0.59509,-0.81282,-0.66145,-0.35762,-0.28207,-1.0763,-1.2512,0.13335,0.4575,0.11854,-0.16242,-0.40489,-0.056942,0.51602,-0.37534,0.23589,0.24197,0.071482,-0.23886,0.11382,0.26717,0.44417,0.61593,0.76547,0.41068,0.18581,1.5454,-0.027607,0.0074095,0.96462,-0.10031,0.61641,0.012401,0.51701,0.027895,-0.18728,-0.91112,0.47691,0.036554,0.2282,0.86267,0.1983,0.35319,0.5498,0.74556,0.55349,0.56977,0.44825,0.52301,-0.71161,-0.10373,-0.56111,-0.57972,-0.17985,-0.070826,-0.15857,-0.35733,-0.051039,-0.35772,-0.7212,-0.90653,-1.1961,-1.1861,-0.82055,-0.00456,-0.92199,-1.3835,-0.76147,0.27925,0.012559,-0.20927,0.17564,0.33398,0.12145,-0.66988,0.41117,-0.16266,0.71616,-0.10971,-0.12517,-0.55206,0.097525,0.93029,0.39417,0.7174,0.60447,0.61899,0.74035,1.9183,0.89228,-0.22014,0.37785,0.9699,0.26366,0.15202,-0.19062,-0.74912,-0.54959,-0.69585,-0.18996,0.062731,-0.28423,-1.2113,0.0060744,-0.10468,-0.66178,0.45176,0.21178,-0.44533,0.61286,-0.071782,0.010779,0.54881,0.36661,0.38646,0.48704,0.54797,0.53643,0.55019,-0.06426,1.0556,0.045037,1.4181,1.3264,0.30192,0.23057,0.33535,0.98181,-0.13616,0.85445,-0.25243,-0.53808,0.47643,0.071566,0.77477,0.5607,0.32196,0.2763,-0.16026,-0.024315,-0.014562,0.38673,-0.87195,-0.035546,-0.15693,-0.085415,-0.13093,-0.125,0.34761,-0.11599,-0.94772,-0.64145,-0.17448,-0.42927,0.14933,-0.075038,0.032748,-0.3688,0.64718,-0.12926,0.52069,0.060563,0.1371,0.51962,0.3668,0.18574,0.26692,0.47756,-0.36722,-0.61738,-0.024717,-0.18028,-0.32552,0.11819,-1.545,-1.0638,-0.99517,-0.0060862,-0.70583,-0.017656,-0.69676,-0.73904,-0.40788,-0.073815,0.055111,0.92394,0.037833,0.35283,1.4082,-0.10261,1.2605,0.068019,-0.18795,-0.042401,1.1929,0.76836,0.20382,0.50785,0.86684,1.0759,1.5345,0.71641,1.2807,0.64553,0.58897,1.2127,0.93306,0.17468,-0.019493,0.8103,0.70695,0.23425,0.8777,1.0495,1.0404,-0.24118,0.85901,0.98294,0.51566,0.88981,1.4695,1.8849,0.32822,0.45856,0.17024,0.64489,-0.92643,-0.65916,0.36639,-1.0366,-0.74357,-0.34669,-0.17853,-0.29664,-0.85915,-0.45792,-0.76259,0.30765,-1.57,0.32305,-0.104,0.31215,-0.67555,-0.33646,-0.51738,0.46796,-0.8874,0.45877,-0.035356,0.10653,0.1739,0.53622,0.69358,0.53587,0.8423,0.6481,0.67027,1.0698,0.35034,0.011417,0.057967,-0.74291,-0.65444,-0.35445,-0.31429,-0.57289,0.54776,-0.054918,0.21118,0.0056404,0.085958,0.44372,0.98122,0.76722,0.35202,1.2268,0.50024,0.32209,0.63085,0.67737,0.52108,0.54248,0.57341,-0.31167,0.075627,-0.40689,0.0034355,-0.15807,0.72147,0.35312,0.013745,1.0416,0.85121,0.25601,0.18287,1.0142,0.27686,1.0595,0.34315,0.39263,0.33912,0.12701,0.91168,1.2627,-0.55206,-0.5266,0.32215,0.14569,0.077488,-0.26596,1.4535,0.61618,-0.94287,-1.087,-1.6527,-1.7459,-0.19205,-0.38057,0.65134,0.35843,0.028252,0.37469,0.78494,0.84168,0.91814,0.035325,0.16979,0.11408,1.9739,0.7511,1.4563,1.2103,0.39764,0.82765,-0.12248,0.6444,0.84,0.21818,0.49806,0.16046,-0.56601,0.087961,0.2198,0.43555,0.053198,-0.20785,0.22565,-0.61007,-0.60893,0.010734,-0.1362,-0.11609,-0.71464,-0.19016,-0.066404,1.0804,0.098308,0.085471,0.017224,-0.6108,-1.1204,-1.6663,-1.6642,-0.98134,-0.24887,-0.57281,-0.70622,-0.45157,-0.25168,-0.74012,-0.26205,-0.093258,0.91231,-0.17957,0.81428,0.71825,0.44716,-0.057297,0.62574,0.99777,0.36655,0.36663,0.18579,1.077,0.74271,-0.56089,0.66103,0.90629,0.39333,0.0079916,0.86314,0.49772,0.30146,-0.8697,-0.42298,-0.44952,-0.554,-0.044763,-0.028565,-0.93703,-0.028191,-0.11694,0.28163,0.10354,1.2329,-0.63098,0.82432,0.070905,0.25881,0.79373,0.8281,-0.083252,0.88737,0.78167,0.98797,0.58395,1.0623,0.028983,0.42856,0.58434,0.64767,-0.79889,-0.20573,0.71052,1.2294,0.84619,0.80851,0.66371,1.4604,1.1087,1.0573,-0.32232,1.1693,1.6057,1.1053,0.84204,2.2528,1.1505,1.1899,0.65201,0.17515,1.4278,-0.11929,-0.71268,-0.45145,-0.53095,-0.23451,0.5687,0.45765,0.063737,0.75671,-0.071816,0.44715,0.89434,0.91242,1.3241,0.16068,0.40925,0.24768,0.31705,1.2049,0.016952,-0.63151,0.2701,0.099687,-0.70775,-0.97621,-0.33655,-0.85329,-0.67474,-1.1676,-1.2215,-0.4445,0.19151,-0.084239,-0.94315,0.24153,-1.009,-0.11051,0.58574,-0.054996,0.10226,-0.59266,-1.0754,-0.16039,-0.66498,-0.3762,-0.15545,-0.2157,-0.50141,-0.32083,0.15604,-0.66557,-0.13326,0.23776,0.52269,0.8088,-0.51582,-0.98445,-0.76831,-0.82663,-1.1255,-0.64155,-1.0472,0.13936,-1.3349,0.095333,-0.5805,-0.39659,-0.27526,0.69027,1.0569,0.22684,-0.29481,0.041079,-0.18223,0.013095,-0.44557,-0.40169,0.033087,-1.2135,0.50947,0.13189,-0.38433,0.74038,-0.079807,0.54028,0.049158,-0.64809,-0.2184,0.14179,-0.50964,0.13517,-0.0047593,0.21603,0.41207,0.20074,0.76285,0.096612,-0.37872,0.14935,-0.27182,0.40338,0.52699,-0.089029,0.3611,0.15906,0.51409,-0.32595,-0.99065,-1.539,0.22689,-0.51579,-0.25122,0.052583,-0.81721,-0.88875,-0.54332,-0.90993,-0.55315,-0.77909,-0.62796,-1.9768,-0.77268,-0.25005,0.15684,0.76169,0.17186,0.057794,0.53418,1.2186,-1.1986,0.23176,0.33534,-0.18345,0.29697,0.39014,0.83845,0.90161,0.042449,-0.80394,-0.0046479,-0.51717,-0.26607,-0.54932,0.4878,0.31484,0.11787,0.076008,-0.57307,0.77183,-0.54617,-0.56763,-0.25077,-0.14884,-1.1237,0.62031,-1.0372,0.022587,-0.51447,-0.37362,-0.59586,0.1455,-0.19942,0.10119,-1.043,-1.8014,-1.6282,-0.87085,-0.94167,-0.74381,-0.26516,-1.0605,-0.12596,-0.62802,-0.53766,-0.64296,-1.2537,-0.54261,0.37235,-1.1474,-1.0786,-0.434,-0.55601,-0.25114,-1.8728,-1.0996,-0.74717,-0.006865,-0.79229,-0.083781,-0.14553,0.29716,0.22752,0.26722,1.2757,1.2351,0.60649,0.87172,0.042654,0.81189,1.3102,1.6741,0.85259,1.158,-0.33488,0.14412,0.91208,-0.41646,0.23037,-0.050882,0.29511,-0.0016564,-0.11163,-0.29363,0.071031,-0.81577,-0.37642,-0.69768,-1.2099,0.14272,-0.61068,-0.70185,0.26424,-0.55393,0.70718,0.52209,0.068744,0.40321,0.29528,0.094652,-1.1427,-1.1058,-0.60936,-0.38658,-0.53467,-0.079594,-0.61055,-1.5465,-1.4107,-1.2049,-2.1766,-0.2937,-0.030081,1.3434,0.95433,1.2955,1.0789,0.60087,-0.055486,1.0677,-0.22855,0.80212,0.85396,0.98088,2.0178,0.89429,1.1242,0.62795,0.43413,-0.39422,0.62579,-0.029136,-1.1873,-0.29045,0.37188,-1.0755,-1.0897,-1.0607,-0.076649,-0.098377,-0.6946,0.49097,0.67134,0.81572,0.077251,0.79488,0.73266,0.74312,0.30528,-0.28715,1.1725,-0.60247,-0.73569,0.34926,-1.3048,-0.80369,-1.2006,-1.1128,-0.028383,-0.82459,0.093192,-0.30282,-0.64189,-0.67485,-0.2966,0.78488,-0.3724,-1.2971,-0.36063,-0.24719,-0.65691,-0.075132,0.16827,0.22044,-0.61351,-0.46285,-0.069075,-0.81281,-0.9201,-0.14247,-0.52452,-0.39895,-0.17993,-0.67236,-0.8897,-0.69626,-0.34832,-0.10724,-0.74685,-0.7725,0.66613,-0.9797,0.83144,0.31013,0.61947,1.145,0.37936,1.0688,0.69908,0.80965,0.43347,0.50046,0.053742,1.3132,0.91711,0.72172,0.7268,0.49295,0.77218,0.30263,-0.29829,0.42178,-0.20633,-0.29668,0.12233,-0.049767,-0.89359,-0.55886,0.30311,0.052105,0.28002,-0.01819,0.68068,0.68332,0.67562,-0.55351,-0.04614,0.11345,0.77263,0.059587,-0.4556,0.64745,-0.33317,-0.70554,0.14762,-0.82155,-0.060373,0.035017,0.65238,0.27337,0.75589,0.32988,0.772,0.24031,-0.36747,0.73109,-1.0461,-0.46681,-0.041043,-0.23674,-0.41976,0.072391,-0.34858,-0.26695,-0.66371,0.17262,0.46513,0.091119,-0.34875,0.55508,0.30515,1.2526,0.14695,0.83586,-0.36827,-0.31748,0.13112,0.074883,1.0148,0.49161,-0.45239,-0.34968,0.16469,0.49809,0.36137,-0.6007,-0.378,-0.81252,-1.4713,0.33557,-0.65671,-0.045611,-0.15151,-0.86321,-0.83783,-0.17418,-0.48155,-0.17061,-0.45541,0.11122,-0.46883,-0.48728,0.74094,-0.1348,0.71338,0.048789,-0.65424,0.25524,0.52733,0.99409,0.055196,0.58389,-0.1401,0.74156,0.59879,0.67365,0.92742,1.2845,1.4998,1.0353,0.52275,0.44565,0.57216,0.30552,0.71794,0.90573,0.26834,-0.47178,-1.1686,-0.55669,-0.8006,-0.84384,-0.52699,-0.24213,-0.0549,-0.43437,0.70848,-0.28232,-0.57025,-0.82009,0.38463,0.23477,0.4524,0.034296,0.87741,0.26488,-0.025756,0.26302,-1.0614,-0.013489,-0.34651,-2.3758,-0.39464,0.045545,0.036926,0.0093822,0.19545,0.24864,0.15351,0.83086,0.035488,-0.15666,0.50964,0.22495,2.0089,0.35831,0.70858,1.0888,0.47764,0.082938,-0.18922,1.1405,0.62762,0.15168,-0.27987,-0.53099,-1.1985,0.13047,-0.21541,-1.3288,-0.19973,-0.61738,-0.28031,-1.5036,-0.89569,-0.71471,0.32131,-0.31438,-0.19234,0.31604,-0.50882,-0.27607,-0.31049,-0.37514,-0.080772,0.81687,0.91228,0.53901,0.26657,0.57944,-1.1505,0.47987,0.057296,0.011049,0.041352,-0.66471,-0.063921,0.79223,-0.69627,-0.52812,-0.44807,-0.49617,-0.17742,0.25135,-0.41644,-0.8647,-0.014898,0.34812,0.40127,0.50798,0.24216,1.2266,0.24803,0.15988,0.61748,0.9849,0.23154,1.2875,0.9982,0.21489,-0.28335,0.082767,0.10739,0.41795,-0.39133,-1.193,-0.50128,-0.74985,-0.99797,-0.23466,-0.90994,-1.9649,-0.78077,-0.72298,-0.82446,-0.80741,-0.99447,-0.80237,-0.22202,-0.54759,-1.407,0.14827,-0.74184,-0.72646,0.28019,-1.5272,-1.6394,-0.44171,-0.21357,-0.06114,-1.7186,0.10853,-0.045235,-1.1979,0.19307,-0.099852,0.050143,1.0717,1.3514,0.53144,0.50193,0.28015,-0.30304,0.53429,0.87397,0.51676,0.19918,-0.91962,0.025931,0.47334,0.64163,1.2512,-0.07459,-0.28789,0.51623,-1.2103,-1.0107,0.045199,-0.75573,-0.53047,-0.25239,-0.89419,-0.59168,-1.3572,0.64614,-0.42235,-1.3896,-0.83654,-0.24098,-0.06526,-0.073192,0.56191,0.0059429,-0.2005,0.47962,-0.27079,1.587,0.92266,0.63672,1.2934,0.96329,0.12905,0.89735,0.56088,-0.15012,-0.23248,0.4721,0.40152,-0.77926,0.58221,0.44971,1.4048,-0.27824
0.13653,0.91488,0.17924,0.76512,0.46009,0.62642,0.080717,0.29935,-1.4977,-1.9148,-0.96957,-0.57805,-0.34311,0.37365,-1.5776,-1.4317,-2.365,-2.0102,-1.156,-0.66672,-0.79916,0.11875,-0.59844,0.10514,-0.43983,-0.42943,-0.81988,-0.99869,-1.2036,-1.7357,-1.6375,-1.2844,-1.9376,-1.9987,-2.4047,-2.3111,-1.7711,-2.2589,-1.472,-1.6416,-1.2047,0.0001647,-0.10376,1.154,1.004,0.77174,0.43694,-0.636,-1.6098,-1.5177,-1.7614,-1.5865,-1.2336,-1.7253,-0.64587,-2.1694,-0.019226,0.26465,-0.057032,0.061856,-1.0009,-2.3176,-1.8571,-1.4243,-2.2143,-2.2139,-2.1311,-2.0757,-2.3937,-2.7213,-2.4628,-1.6751,-0.84292,-0.87072,-0.70396,-0.35613,-0.066009,-0.24284,-1.5896,-1.4195,-0.81491,-0.040803,-1.135,-2.5419,-1.7061,-0.79132,-0.93456,0.021318,1.4554,0.97754,1.6201,1.1985,0.33572,0.012807,-0.44305,-0.87238,-1.7857,-1.0307,-1.5418,-1.1991,-0.23149,-0.064663,-0.27075,-1.1936,-1.0379,-1.2534,-0.72461,0.36563,2.0138,1.7719,1.3885,0.81351,0.37971,0.093531,-0.8207,-0.40271,-0.5912,-0.82408,-1.8022,-1.1955,-0.5976,-0.4818,0.26363,1.2756,0.81394,2.0417,1.5002,3.0679,3.2165,2.9765,2.8696,2.6507,1.6482,0.87922,0.80831,0.055574,-0.3582,-1.8554,-2.7032,-1.5421,-1.0478,-0.92896,-1.3069,-0.63548,0.52694,1.1319,1.7515,1.6971,1.0629,2.3643,1.4646,0.73651,0.28564,-0.17761,-1.2279,-1.675,-1.5393,-0.60666,-0.32037,-0.13657,0.62526,0.8908,0.43849,0.081814,0.26615,0.90985,1.3181,1.0299,0.6129,1.4653,1.2908,1.873,1.8708,2.5369,2.1415,1.5641,2.6223,2.6759,3.1771,2.85,3.1969,3.2202,2.9602,3.0014,2.4337,2.7577,1.5953,1.1345,0.22841,0.71329,0.43182,1.5433,1.271,1.4897,2.2628,1.9743,1.0977,0.15133,0.21811,0.051267,1.3368,1.2286,-0.028989,0.90704,1.4765,1.5537,1.1716,0.51131,0.34631,0.82297,0.656,0.84143,1.5418,1.4625,1.4511,1.6226,1.6009,1.9724,1.5709,2.4452,0.54137,0.85227,1.3811,1.4673,0.98394,1.3963,1.2352,2.2224,0.95866,1.8353,0.83853,0.1246,0.58038,0.17166,0.72961,1.3856,1.0753,1.4694,1.882,1.5301,1.0927,1.454,0.18157,1.2969,0.62119,1.0649,0.37015,0.35336,0.94242,0.80718,2.0815,0.96007,1.3099,0.86268,1.3481,-0.092695,-0.13374,-0.42058,0.037654,0.70128,1.6576,1.0296,0.88517,0.066346,-0.37318,0.44691,-0.35211,0.45248,1.7477,0.092312,-0.029152,-0.97256,-0.72058,-0.16453,0.52778,1.3808,1.463,0.82176,0.83464,1.1371,1.5067,0.55935,1.1435,0.66478,-0.19363,-0.76791,-1.1183,-0.95078,-0.28604,0.55449,0.15099,-0.13381,0.05091,-1.0794,-1.2906,-1.271,-1.5406,-0.4966,-0.75956,-0.7563,-1.0655,-1.3098,-1.0649,-0.69036,-0.70269,0.038414,-0.88007,-0.34507,-1.0679,-0.28936,-1.2682,-1.2412,-1.1164,-1.0893,-1.6182,-1.7561,-0.89422,-0.75872,-0.6738,-1.0285,-1.8551,-1.6464,-1.1055,-1.7243,-0.43499,-0.73677,-0.88818,-0.24726,-1.0692,-2.2225,-1.9653,-2.1271,-1.8549,-2.8418,-0.94408,-0.65331,-2.2693,-2.3666,-2.3159,-2.7362,-1.9267,-0.90492,-0.69617,-0.82733,-0.54031,-1.4185,-2.2184,-2.2572,-1.4057,-0.74519,-0.25364,-0.71143,0.18927,0.61885,0.15472,0.76798,0.99917,0.85556,0.082893,0.51646,0.78086,0.092119,-0.011378,-0.73102,-1.2185,-0.45151,-0.26093,0.6941,0.59673,1.171,1.4171,1.1172,0.65452,1.2251,0.79575,0.57726,-0.74932,-1.7221,-1.5042,-1.6063,-1.1079,-1.2041,-1.1653,-2.1173,-1.7385,-1.9566,-1.0276,-0.75775,0.63247,0.54417,0.27849,-0.15521,-0.16976,-0.69013,-0.47926,-0.32024,0.73819,0.22939,-0.3811,-0.42264,-1.1436,-1.8397,-1.9853,-1.8708,-1.9345,-1.8388,-2.3821,-1.542,-0.4983,0.41941,0.59603,1.2151,1.0483,1.952,1.6528,1.4114,2.1402,2.0324,1.9714,1.1159,-0.50334,-1.088,-0.015785,-1.1555,0.31731,-0.43278,0.68693,0.095749,0.22389,0.029937,-0.24792,-0.1593,0.010723,0.51138,0.84789,1.2082,0.94499,0.45,0.020339,0.10697,0.8551,-1.1997,-2.0302,-1.5062,-0.84136,-0.15455,-1.1357,-1.3185,0.1557,0.55951,0.98886,1.5561,1.2558,1.1786,0.19369,-0.36341,-0.94989,-0.54981,0.43685,0.58819,1.0244,1.755,1.2013,2.0871,1.1074,0.65605,0.24389,-0.43678,-0.33643,-0.31254,0.5775,-0.046722,-0.053587,0.092124,-0.036431,0.41065,0.26703,0.19161,0.31418,-0.30711,-0.48095,-0.81759,-2.322,-2.1241,-2.004,-1.6281,-1.0617,-0.836,1.1243,1.1848,1.4717,1.1559,2.4903,1.9033,1.8278,1.0982,0.56967,0.48627,1.2957,1.3852,1.9272,1.1279,0.97531,0.034276,0.47667,-0.7782,0.48288,0.59655,0.065027,0.69373,0.9448,2.3469,2.6383,2.6758,2.8741,2.2301,3.8018,3.1288,2.5728,3.0167,2.9264,3.3088,2.2341,2.5447,2.7463,2.8495,2.4754,2.1869,2.0466,1.7128,1.2707,2.7574,2.1413,1.668,1.5482,2.5511,0.86826,-0.15281,-0.14301,-1.0177,-1.0256,-1.1765,-0.84425,-0.87817,-1.1629,-1.7837,-0.80017,0.50573,0.60613,-1.4287,-0.84316,-1.798,-2.0256,-2.3523,-1.9902,-1.98,-2.017,-2.656,-2.2136,-2.6888,-2.6658,-2.4547,-1.6255,-2.0603,-1.8583,-0.85109,-0.74721,-0.32323,-0.78811,0.21297,-0.5348,-0.86883,-0.99091,0.072581,-0.056907,0.60848,2.1739,1.4399,1.1884,1.8641,1.5943,1.4069,1.0789,1.3901,1.8561,2.1948,2.1149,1.8829,1.5663,1.6665,0.92041,0.42879,-0.44849,-0.5322,-1.2179,-1.3509,-2.0863,-1.8001,-1.1878,-0.94543,-0.10508,-0.1484,-0.21344,0.44022,0.50619,-0.20477,0.10822,0.10727,-0.74607,-1.3315,-1.9624,-2.4704,-3.3432,-3.4362,-2.8306,-2.6711,-2.5384,-2.6439,-3.6452,-3.742,-3.0077,-2.117,-1.9311,-2.623,-1.8914,-1.305,-1.2487,-1.4836,-1.1705,-0.6478,-0.14673,-0.11449,-0.11191,-0.98395,-1.1,-1.2233,-1.4635,-1.3289,-0.83521,-0.72456,0.20392,1.0729,0.83523,-0.22621,-1.4193,-1.6141,-2.1488,-1.9753,-1.3886,-1.5431,-0.45885,0.7401,0.4409,-1.3013,-1.8844,-2.0291,-2.5028,-1.3376,-0.73378,-0.50265,-0.21323,0.70053,0.32873,0.031923,-1.0318,-0.58782,-0.22074,-0.1651,0.03855,0.78622,1.1185,0.88781,0.6416,-1.0036,-1.7453,-2.6417,-3.0105,-1.4104,-0.47146,-1.5494,-1.1586,-0.87451,-0.2583,0.29806,-0.78297,-0.50636,-2.3975,-2.7023,-2.2334,-2.7134,-2.1733,-2.2118,-2.0298,-1.4524,-0.19818,0.27828,0.54328,0.74147,1.5126,1.3996,0.22076,-0.40513,-1.4383,-2.4941,-2.3038,-2.3356,-1.5599,-1.0951,-0.98811,-1.0721,-2.0574,-1.5297,-1.1568,-2.3125,-1.9501,-0.90186,-1.7396,-1.5668,-0.43003,-0.16584,1.4012,0.87312,0.96064,0.043473,-1.7888,-0.27678,-1.379,-1.5136,-0.10141,-0.34278,0.72961,1.3575,1.5371,1.3361,0.97364,0.82855,-0.070979,-1.5809,-0.84798,-1.7698,-1.1087,-0.73973,-1.4353,-1.1756,-0.72296,-1.1481,-0.56336,-0.70674,1.3664,1.1494,1.6555,-0.058339,1.3498,1.2372,1.1801,1.5997,2.4062,1.0262,0.73249,2.2566,1.2212,1.6092,1.5814,1.2633,1.4322,1.9174,2.3252,2.1499,1.5415,0.61904,-0.76472,-1.6606,-0.3677,-0.15543,0.93061,1.3475,1.6425,2.9205,3.1514,1.9361,1.9354,1.7363,1.9487,1.7469,1.1512,0.8616,0.82436,0.42961,-0.5542,-0.19535,1.3391,0.085083,-0.20082,0.097863,-1.1494,-2.9729,-3.0944,-1.8238,-1.5041,-1.0907,-1.5081,-1.7986,-2.142,-1.6206,-3.8344,-2.8073,-2.0718,-1.9235,-1.9771,0.68015,0.41664,0.30488,0.52511,-0.054847,0.38662,-0.6801,-0.062148,0.26415,-0.12048,-0.7715,-1.9681,-1.5204,-1.0561,-0.017031,1.2635,1.7844,2.4155,2.3832,2.5315,3.0734,2.4902,2.9104,2.2958,2.9631,1.5748,0.4435,1.3988,1.0257,2.0388,1.4354,1.4506,1.7561,1.5712,1.5634,1.0691,1.724,2.0267,2.0222,1.1271,1.9517,2.0478,1.4485,1.2116,1.8272,1.2959,1.7074,2.7979,1.6223,2.3624,1.9164,1.2036,1.227,0.65239,1.1089,0.6879,-0.068918,-0.27879,-0.26505,-1.1245,-1.4031,-1.7062,-1.7512,-2.3895,-1.8091,-1.88,-1.7293,-1.5201,-1.5669,-1.706,-1.9667,-1.4997,-1.3411,-1.9864,-1.8112,-1.3368,-0.93975,-0.34114,0.4008,0.83429,0.49098,0.66657,0.66799,0.52393,0.57724,0.93423,0.56175,1.0109,0.84254,0.10232,0.014694,-1.1175,-1.3147,-1.3442,-1.7259,-0.71394,-0.99064,-0.56747,-0.95795,-0.81218,-0.21855,0.0051094,-0.41987,0.21608,-0.48135,0.58536,0.75675,1.581,1.512,1.9596,0.28402,1.2961,-0.86572,-1.7532,-2.4497,-2.8347,-2.4872,-2.4593,-3.2503,-2.4872,-2.3201,-2.2138,-0.52991,-0.011358,0.55526,1.0934,1.1554,1.8565,1.0502,0.39464,2.8575,1.9798,3.3759,3.5641,3.2713,3.5167,3.5112,3.0843,2.1482,2.0864,-0.092744,1.4555,0.98482,1.8571,0.91528,0.45792,0.98601,0.62971,0.38284,-0.26183,0.52341,0.050006,-0.10684,-0.22231,-0.67985,-0.32147,-0.94776,-0.15663,-0.97036,-0.44959,-1.4155,-1.2871,-1.6695,-1.3983,-1.1624,-1.0207,-1.2743,-1.6735,-1.7057,-1.8068,-1.496,-1.8125,-1.6546,-0.84143,0.42809,0.13816,0.37328,0.30453,0.33513,-0.075416,0.19426,-1.2654,-0.73672,-0.53238,0.46821,0.51516,0.99389,1.9695,1.8728,1.2771,1.1897,-0.3936,-0.66939,-0.25702,0.039855,0.21836,0.81845,-0.03772,0.84817,0.86636,0.66289,1.7615,0.36098,-0.24503,-0.88372,-0.56784,0.7343,0.66875,0.63492,1.1534,1.7775,1.0178,0.84547,0.12337,-0.15722,0.12235,-0.3018,-0.94598,0.14401,0.25247,0.26274,0.19298,0.1778,0.55781,0.98108,0.33655,-0.20056,0.47687,1.4737,1.8956,1.1182,0.94216,1.4341,0.053246,-0.1996,-1.5244,-3.1826,-1.2218,-0.74521,-1.3931,-0.36591,-0.16509,0.15538,0.81789,0.36496,0.63212,0.65962,1.1857,0.16085,1.1137,1.0623,-0.22502,-0.29646,-0.42474,-1.4587,-1.565,-1.5799,-1.014,-0.4612,-0.72715,-1.0818,-1.6948,-1.7627,-0.58031,-0.73342,-1.0245,-1.2991,-0.79789,0.034013,-0.18293,0.58811,1.3828,1.0216,0.49518,0.34496,-0.50617,-2.0168,-2.2484,-2.3266,-1.4185,-1.9198,-0.92414,-1.7956,-1.9791,-0.76692,-0.16729,0.43714,0.87352,0.90468,0.55907,0.71181,0.80261,0.81959,0.81726,0.10641,1.4463,2.411,0.95869,1.1236,1.3368,1.2522,1.648,1.3047,1.5039,1.2385,1.0209,0.71954,-0.28265,0.12101,0.78743,0.3877,0.52002,0.6457,1.3779,1.6971,1.7709,2.5422,2.5518,2.1601,1.8581,2.3459,0.63509,-0.26856,-0.53563,-2.4254,-2.47,-1.5035,-2.6813,-3.1106,-2.1276,-3.2493,-2.593,-2.2064,-0.84256,-0.76611,0.64382,1.2869,1.1207,-0.15654,-0.98913,0.082237,-0.72955,-1.3106,-0.72951,-0.046741,0.60754,1.5788,0.24156,-0.39783,-0.28862,-0.18592,0.43965,0.50417,0.93202,1.0517,0.077467,0.34196,1.8875,0.63085,0.81329,0.36134,0.13445,0.55991,-0.22372,-1.0229,-0.63925,-0.66678,-0.7709,-0.99636,-0.61474,-0.82745,-0.24163,-0.65652,-0.67624,-0.63535,-0.46227,0.5654,0.79229,0.028463,0.72053,0.79918,1.5285,0.71274,0.21029,0.18817,-0.3158
-0.37967,-1.1415,-0.28786,-1.0343,-0.83281,-0.36096,-1.249,-0.83085,-0.47937,0.5451,0.67821,1.0985,0.20311,0.19566,-0.06238,-0.80848,-0.68377,-0.64136,-0.68858,-0.93359,-0.73425,-0.78489,-1.3793,-1.0218,-0.73975,-0.95189,-0.8397,-1.3103,-1.2372,-0.86458,-0.67382,-0.45036,-0.657,-0.78178,-0.41617,-0.31066,-0.36156,-0.48289,-0.17156,-0.37118,-0.10188,0.12241,-0.18101,-0.32989,0.11216,0.58718,0.70267,-0.012997,-0.189,-0.26059,0.36664,-0.067325,-0.0051405,-0.45048,0.097571,1.4243,0.40442,-0.16495,-0.64789,-0.47727,-0.89283,-0.39584,-0.71845,0.44883,0.41444,0.14584,-0.35338,-0.043331,0.12581,-0.62441,0.10422,-0.76162,0.54256,-0.5841,0.20295,0.2169,-0.0060026,-0.46576,0.14154,0.98429,0.41824,-0.94389,0.46996,1.6514,0.92603,0.40521,-0.16957,-0.29973,1.4647,0.72714,-0.51824,-0.70153,-0.36939,0.70753,-0.29218,-1.1812,-0.032764,-0.47729,-0.029922,-0.48755,-0.98414,-0.57718,0.259,-0.40999,0.13399,1.1269,0.10233,-0.58229,-0.25386,-0.15806,-0.59476,-0.33348,-1.5496,-0.60198,-0.46916,-0.69822,0.60743,-0.11582,-0.5754,-0.025965,-0.50884,-0.71029,-0.66571,-1.4586,-1.0878,-0.74432,-0.83582,-0.61787,-0.63093,-0.94926,0.14924,1.1072,0.60352,0.1746,0.10807,-0.11572,0.23717,-0.070317,-0.14792,-0.59635,-0.1051,-0.65912,0.24491,0.096889,-1.4175,-0.67426,-0.49437,-0.16868,-1.2951,-1.511,-1.074,-0.10702,-0.95296,-1.0198,-0.46929,-0.28158,1.6353,0.76448,1.1846,1.3333,1.5002,1.1966,0.19494,0.64118,0.45957,0.45602,0.21052,-0.4487,0.38332,0.21252,0.17601,-1.0774,-0.41682,-0.21131,0.14137,0.0305,-0.045729,-0.36315,0.093525,-0.63234,-0.35271,-0.74417,-0.0041762,0.042333,0.17886,-0.49338,-0.89674,-0.59001,-0.87617,-0.61112,-0.35744,0.11719,-0.83779,-0.53322,-0.44297,-1.2608,-1.3845,-0.87502,-0.52669,-0.34803,-0.35818,-0.083081,-0.34396,-0.2916,0.3692,0.26412,-0.1826,-0.95708,-0.75891,0.88991,0.29082,1.0425,0.66377,-0.15703,0.053642,0.90319,1.1088,0.80113,0.54229,-0.30922,0.3309,0.70762,0.18705,0.055992,0.53743,0.51201,0.090761,-0.70787,-0.40399,-0.67503,-0.72663,-0.33568,-0.6601,-0.79427,0.26335,0.05492,-0.27674,-0.685,-0.79675,-0.8478,-1.0285,0.46967,0.46215,0.14547,-0.11276,1.2655,0.34223,0.33277,-0.073923,-0.038245,-0.81268,0.16313,0.25407,0.25893,-0.72955,0.029362,-0.44811,1.6186,-0.2458,-0.88476,-0.18867,-0.11816,0.072608,0.48107,0.84822,-0.31321,-0.24063,-0.5629,0.54135,0.82628,0.75361,-0.037857,0.64456,0.0030497,0.17826,-0.488,0.34707,0.093397,0.39727,0.29184,-0.15295,0.62565,1.252,0.91336,0.87583,0.21827,0.36653,0.12424,-0.13952,-0.57579,-0.54174,-0.31882,-0.28895,-0.10215,-0.89976,-0.84429,-0.20338,0.63443,0.45194,-0.24801,-0.98959,-0.41954,0.60163,0.88193,0.14605,-0.83801,-0.31787,0.18942,0.35023,-0.4364,0.2795,-0.22326,0.73542,0.053993,0.79525,0.88906,0.10551,1.1961,1.3996,1.437,0.89029,1.0233,1.8212,1.0985,0.2088,-0.12714,0.039961,0.48788,0.59654,0.41681,0.10059,0.95224,-0.87164,0.65411,-0.28355,-1.29,-1.4856,-0.20555,-0.46628,0.070955,-0.32742,-1.3126,-0.67466,-0.25404,0.17211,-0.30259,-0.70014,-0.1578,0.44647,0.90793,0.64683,1.1317,0.80538,1.235,1.1788,1.4122,1.0898,-0.30596,-0.5613,-0.88531,-0.13487,-0.35289,-0.52957,0.012571,-0.35624,1.0585,2.0397,1.2062,1.2425,1.5547,1.2636,1.5067,0.21497,-0.38783,-0.079458,-0.16419,0.2846,0.69515,-0.40483,0.77371,-0.16241,1.4264,1.1046,0.56458,0.17446,1.5278,0.95706,1.3032,0.6502,1.4305,0.61609,1.3222,1.3875,0.47555,0.081881,0.97563,1.3352,1.0641,1.4715,0.87097,1.5581,1.1029,0.48836,0.64603,-0.022296,0.62037,0.84543,0.8074,1.2367,0.38172,-0.43346,0.33841,0.15719,0.30592,-0.64177,-0.26432,-0.32112,0.53522,0.40904,0.60609,1.4392,1.2988,1.6695,0.73491,0.18863,0.30334,0.42965,0.57019,0.50603,0.41213,0.28303,-0.12368,-0.0070644,0.042541,0.45813,-1.1965,-1.2576,-0.65464,-0.89782,-0.48391,-0.9258,-1.4014,-0.78072,-1.0374,-0.43385,-0.48208,-1.5138,-1.2851,-0.94465,0.14717,0.36976,-1.0424,0.41661,0.29611,1.2499,0.70176,1.1595,1.1627,1.4629,1.0428,0.26034,1.0692,0.5348,0.72681,0.69178,-0.83308,-0.55623,1.1689,0.83869,1.5497,1.1715,2.0108,1.7252,1.95,3.1127,2.2641,1.0975,1.7545,1.7698,0.69276,0.066207,0.24411,-0.55891,-0.87415,-0.020949,-0.4536,-0.57983,-0.88176,-0.53632,-0.68055,-0.72723,-0.083122,-0.70566,0.69182,-0.4035,-0.27611,-0.51415,-1.0552,-0.74931,-1.0452,-0.64371,0.5489,-0.63106,0.33674,0.57932,0.80132,0.27304,1.1432,1.7001,0.74449,1.7981,1.1577,0.52153,0.10424,-0.40109,-0.31262,-0.73177,-1.255,-0.70379,-0.049909,-0.50288,0.012272,-0.15878,-0.13538,-0.17254,0.24067,-0.52573,-0.51193,-0.62014,0.23786,1.1236,0.57909,0.85932,-0.54908,0.46296,0.44412,0.48773,-1.2853,0.052074,-1.3779,-0.87503,-0.32034,0.084022,-0.22381,-0.060912,0.55158,1.5882,-0.29698,-0.62711,-0.29197,-0.38755,0.52869,-0.19443,-0.24131,-0.2536,-0.36029,-0.1852,-0.65739,-0.81227,-1.0662,-1.0831,-1.4725,-1.3249,-0.59194,-1.4453,-1.4044,-1.7953,-0.81651,-0.84154,-1.4216,-1.5955,-0.8529,0.051405,-0.2051,-0.54776,-1.116,-1.3707,-0.40563,-0.44998,-0.11433,-0.28668,-0.93729,-0.39254,0.089384,-0.30201,0.95317,0.49306,0.83812,0.90299,0.77177,0.065451,0.553,0.38001,2.1161,1.0124,1.0826,1.2093,0.53653,1.4112,1.6899,1.6665,0.63111,1.6106,0.67654,2.0138,0.91009,1.1684,1.7189,0.74219,0.88643,1.1824,-0.35085,1.3427,0.083552,0.36398,0.90708,-0.17044,-0.81254,-0.46251,-1.1413,-0.087828,-0.28038,0.59986,0.26188,1.0629,0.51671,0.80379,1.2615,-0.12786,0.60914,0.37353,-0.35048,-0.18572,-1.7394,-1.119,-0.61721,0.058484,0.83084,-0.41159,0.11528,-0.70481,-0.45011,-0.044891,-1.0752,-0.21967,0.50104,0.70023,0.26972,-0.61518,-0.66722,-1.0995,-1.7305,-0.95639,-1.0407,-1.0742,-1.2448,0.22757,0.46948,0.25436,-0.95044,0.53637,0.59893,0.83242,0.12708,1.0233,-0.069551,0.66545,1.7827,1.6394,1.5787,1.7907,1.4069,0.59701,-0.76374,-0.81365,-1.1326,-0.52389,-0.82523,-0.41024,-1.5305,-1.1357,-0.93819,-1.1544,0.60041,-0.22746,-1.0201,0.43596,0.019596,0.34123,-0.69082,0.09367,-0.0169,-0.48575,0.31136,1.0618,-0.068166,1.3032,1.006,1.5371,1.2667,1.4973,0.96238,1.0828,0.68439,2.0549,-0.94409,-0.067893,-0.76495,-0.041944,-0.44425,0.055256,0.35807,-0.65257,-0.65643,-0.7178,-0.88005,-0.58889,-0.67685,-0.50167,0.54561,-0.37687,-0.79754,-1.3243,-1.0702,0.87042,-1.4982,-1.0684,-0.07128,0.55567,-0.0043774,-0.6937,0.029431,0.43141,0.30026,0.58706,-0.36066,-0.52372,-1.1944,-0.79959,-1.3207,-1.7653,-2.1094,-1.5683,-1.3066,-1.2482,-1.4539,-1.5796,-1.5637,-1.659,-1.3339,-1.2591,-0.93191,-0.66488,-0.97385,0.56994,-1.7287,-0.75295,-1.2319,-1.0655,-0.39038,-0.046248,0.36478,-0.27076,-0.27672,0.23763,0.47421,0.24297,1.1789,1.4561,1.26,2.1427,0.97031,0.68104,0.022351,-0.094057,-0.10146,-0.38779,0.096025,-0.59481,0.59858,0.48514,0.82458,0.51382,0.11534,1.0757,0.64589,2.0495,0.50453,0.89613,0.28981,0.88561,1.5576,1.6566,0.081976,0.81855,0.81977,1.2673,0.42372,0.52978,-0.76518,1.3307,1.8206,1.3714,1.2029,-0.57093,-1.262,0.36148,-1.1477,-0.012055,-0.36811,-0.16491,0.81941,0.78977,0.13204,0.68602,0.32136,0.89945,1.8434,1.4403,0.43031,0.11028,0.013109,-0.29855,-1.2557,-1.4743,-0.97504,-0.23029,-0.82922,-1.4864,-1.3014,-0.7988,-0.13609,-0.75845,-0.095518,-0.42985,0.48552,0.32394,-0.48362,0.18849,-0.12032,-0.41366,-1.0062,-0.2678,-1.0473,-0.086205,0.4046,0.69129,-0.61844,-0.39333,1.3893,2.1631,2.7836,2.0889,2.3559,2.0634,1.7311,1.6449,0.86022,1.135,1.6094,1.0692,0.93115,2.2248,2.5306,1.2282,2.2195,1.6878,1.8869,0.80446,0.66453,0.27051,-0.75874,-0.13135,-0.007053,-1.0169,-0.84283,-0.88557,-0.3206,-0.856,-1.1482,-0.012008,0.13396,-1.19,-1.1622,-0.45149,-0.059367,-0.20438,-1.1548,-1.6533,-1.0994,-0.11802,-0.28087,-1.4155,-0.69592,-0.48801,-0.32035,-0.62682,-1.3924,-2.2167,-0.92593,-0.89255,-1.2284,-1.0076,-0.99217,-0.90602,-1.123,-1.0215,-0.22847,-1.8062,-0.78115,-1.4295,-0.94076,-0.59352,-1.0752,-0.8029,0.23013,-0.086429,-1.1365,-0.15957,-0.10998,-0.39783,-0.76305,-0.9487,-1.0723,-0.42511,-0.17295,-0.30934,0.87831,0.041014,0.37744,-0.78534,0.57813,-1.0204,-1.0668,-0.61925,0.59378,0.73371,0.89176,0.77425,0.50956,0.81069,-0.21457,-0.37613,-0.94056,0.2043,-0.21506,-0.69107,-1.3567,-0.28935,-0.59666,-1.7353,1.22,0.31795,0.028708,0.15514,-0.21406,0.54898,0.42011,0.14231,0.2239,-0.10038,0.5271,0.72576,0.40132,0.12011,-0.057164,-0.46446,0.17262,-0.30104,-0.63022,-0.2784,-0.85394,-0.50093,-1.3517,-0.51155,-0.14049,-0.22613,0.46069,1.0562,-0.26885,-0.3159,-0.86602,-0.47233,-0.86126,0.053077,-0.34066,-0.54527,0.36784,0.35981,0.48359,-0.77122,0.18519,0.11585,0.83486,1.6937,0.86746,-0.62201,0.54423,0.44081,1.0454,-0.43084,-0.0053386,0.086188,-0.17808,0.56657,0.082955,-0.84224,0.64927,-0.283,1.0919,0.64931,0.97244,-0.21925,0.7443,1.6631,2.7207,1.2791,0.030398,0.30615,0.15451,0.716,-0.5018,0.37902,0.29483,0.19255,-0.61172,-0.036688,-0.60558,-0.96198,-0.13696,-0.73224,-1.1423,-1.1056,-1.2834,-1.0239,-0.75559,-0.88322,-0.69139,-1.3592,-1.6095,-1.5458,-0.28183,-0.5829,-1.395,-1.6437,-0.50745,-0.70545,-0.024158,-1.0128,-0.17991,-0.11441,0.42505,0.4703,0.99453,0.18887,1.9187,1.5056,1.5676,1.4425,1.6749,1.0608,1.9455,1.8819,1.8361,1.2186,0.69262,0.92679,1.3932,0.83457,-0.48293,-0.87844,-0.23439,-0.58515,-0.32951,-0.50463,-0.84451,-0.21996,0.28567,0.082689,-0.075132,-0.14977,0.73767,-0.22749,0.55498,-0.52725,-0.7231,-0.81788,-2.0364,-1.236,-1.2218,-0.73614,-0.80022,-1.3693,-0.38853,-0.21228,-1.9008,-1.4463,-1.6278,0.60437,-0.38176,-1.5441,-0.12884,0.56081,0.141,-0.26012,0.31531,-0.19091,0.050257,0.34227,0.66527,0.53868,1.3389,1.224,1.482,1.9439,1.7534,2.0323,1.3092,2.1199,3.3384,2.9481,2.3947,1.6465,1.3874,0.33222,1.1129,0.1079,-0.056675,-1.4032,0.65184,0.86795,1.614,-0.022952,0.15767,0.66888,1.2885,0.91459,0.50497,-0.094873,0.027689,0.96824,0.21099,-0.35399,-0.78264,-0.8228,-0.82379,-1.3959,-0.77672,-0.85894,-0.68675,-0.25123,-0.11592,-1.2325,-0.23696,-0.34558,-0.51108,0.64082,0.9503,0.59646,1.5204,1.2629,0.87452,0.65339,1.2104,1.9807,0.39191,0.012704,0.52664,-1.1065,-0.7597,-1.1307,-0.32366,-1.6174,-1.2498,-0.83554,0.1194,-0.67848,-1.5551,-1.3087,-0.39815,-1.1873,-1.7075,-1.6149,-1.0698,-1.4298,-1.7048,-1.594,-1.4976,-2.2289,-2.0943,-1.1136,-0.29752,-1.2657,-1.0599,-0.5723
0.02972,-0.90494,0.33168,-1.5601,-0.36937,-0.48801,0.61282,-1.1328,-0.69402,-0.33106,0.070243,0.68995,0.54616,-0.29421,-1.7609,0.6341,0.42846,-0.11441,-0.85471,-1.0226,-0.086011,-0.13226,-1.561,-1.8338,-1.8358,-1.1507,-1.1633,-0.23448,-1.0671,-1.8812,-1.1053,-0.28136,-0.23946,-0.39072,-0.52596,-1.1377,-0.44275,-0.41947,-0.99592,-1.1593,-1.1118,0.56246,-0.13049,-1.56,-0.36199,-1.0995,-0.32386,-0.87185,-0.57769,-0.25811,-0.89237,0.33224,-0.32642,0.24674,0.40542,-0.48457,-0.5686,-0.47801,-0.072349,-0.49155,0.16784,0.039641,-1.6037,-0.093086,1.1355,-0.35936,-1.6534,-1.5296,-0.34491,-0.2853,-1.1817,-1.6245,-1.2905,-1.2236,0.39026,-0.66727,1.0048,-0.85087,1.3118,0.66233,-0.033472,0.10726,-0.35522,-0.14224,0.45244,-1.0551,-0.48342,-0.75128,-0.53068,0.27205,-0.64033,-0.22348,-0.16096,0.64219,0.35685,0.19686,0.26095,0.14437,-0.79955,-0.29055,0.61877,-0.54545,0.53018,1.236,1.0769,0.47788,0.073034,0.098026,-1.3958,-0.71529,0.24497,-0.093529,-0.082747,0.10434,0.26612,1.2504,1.0533,1.0103,0.65552,0.16579,0.39322,1.0192,0.31381,0.67749,0.45484,1.4627,0.156,0.41706,-0.93694,-0.097848,1.0007,-0.076076,0.56807,0.87409,0.13819,0.23126,2.3481,1.5108,0.12901,0.39672,-0.25292,-0.5516,-0.52124,0.32366,0.13368,-0.35906,-0.26567,0.94504,1.0214,-0.20574,-1.2587,-0.96907,-1.115,-0.53001,-0.29669,0.16377,-0.35449,-0.1306,0.61902,1.0917,-0.060945,-0.48057,0.78565,0.07435,1.3002,1.1265,-0.35772,0.49013,0.03909,0.45227,0.032338,-0.019184,-1.2234,-0.58311,-0.20489,-0.18551,-1.175,-0.69165,0.073299,0.87365,1.0572,0.17036,-0.27813,0.068814,1.086,-0.06171,0.14936,0.13478,0.56582,1.5152,0.16415,1.4558,0.042937,0.14737,1.3543,0.59395,0.10091,1.0853,0.93001,0.45028,-0.36969,1.0807,1.2164,0.12769,0.64102,1.4155,0.38688,-0.88616,0.4386,-0.043238,-0.17569,0.35877,0.14875,-0.38075,-0.46197,0.60073,1.2087,1.3237,0.78933,1.482,0.3338,0.41833,0.18982,0.25115,0.60313,0.52,-0.3048,-0.30408,-0.76009,-0.21125,-1.0984,-0.027614,-0.2222,-0.40261,-0.72748,0.70106,0.28777,0.31762,-0.45062,1.0293,0.55122,0.823,0.71609,0.28719,-0.56585,-1.1836,-0.065265,1.64,-1.3578,-0.35492,-0.46071,-1.137,-0.88806,0.35348,0.41674,-0.33793,-0.45369,0.55644,0.52819,1.0298,0.24495,-0.033402,0.1091,-0.079798,0.34697,-0.3692,-0.52064,-1.1131,-1.1006,0.16846,-1.4183,0.048368,0.0032171,0.11655,-0.13381,-0.64747,-0.20333,-0.4665,-0.30485,0.18956,0.3765,0.59302,-0.14968,-1.2082,-0.64366,-1.0093,0.89899,0.53315,0.21458,-0.23832,-0.57824,0.20148,-0.33543,1.0398,-0.52699,0.41627,-0.3713,-0.045892,0.4971,0.51476,0.077375,0.03978,0.55,0.54277,-0.84621,-0.82425,-0.11682,0.46363,1.4813,-0.60237,0.68597,0.22776,1.5718,0.92291,-0.05105,0.72626,0.51617,1.1514,0.85183,0.075678,0.048285,0.14949,0.33107,1.1075,0.43248,-0.51244,0.21888,-0.33903,0.51396,0.45411,-0.15305,-0.50951,0.82334,0.20846,0.84538,0.18542,0.99374,1.2241,1.7634,1.5252,0.65368,0.076038,0.63623,1.5603,0.60138,-1.6339,-0.03775,-1.9333,0.049671,-0.8562,-0.035564,1.6988,-1.0682,-0.67218,-0.81009,-0.33169,-1.2276,-0.3311,0.10778,-0.40592,0.88625,0.71583,0.18421,-0.53674,-0.87944,0.49173,0.98276,0.16755,-1.7169,0.18641,-0.31607,0.52511,0.44203,0.03543,0.56058,-0.11422,0.80625,1.0145,0.71406,0.14075,0.18134,1.8421,1.449,-0.054429,-0.093225,0.072268,0.48919,0.46173,-1.9437,-1.8551,-0.21311,0.019444,0.63082,-0.2362,0.38913,0.38666,0.6372,0.41589,-0.52914,-0.68812,-1.4199,1.0871,1.2681,0.76119,0.71563,0.84241,0.34028,0.26613,2.0398,0.72,1.1635,1.5146,0.73778,0.13591,-0.16168,0.55554,0.10969,-0.38434,0.35556,-1.5537,-1.5951,-0.87919,-0.61396,0.57125,0.75018,-0.057169,1.3996,1.7952,1.2719,1.5524,1.2049,0.23322,1.5584,1.4747,0.89987,0.40549,1.0305,1.8333,1.6485,0.42258,0.40341,0.50568,0.025495,0.26527,0.4839,-1.1477,-0.66328,-0.59326,0.78317,0.78635,0.054223,-0.32185,0.44831,-0.52888,0.98015,0.2435,-0.093506,-0.074611,0.065524,0.83794,-1.019,-0.51744,-0.32675,0.69394,1.2199,-0.29543,-0.80433,-0.56015,0.83319,-0.58744,0.0039269,-0.60812,0.04708,0.099377,-1.0834,-0.59075,-1.4051,-1.8847,-1.877,-0.62173,-0.59954,-0.9276,-1.3095,0.35348,0.32766,-0.40478,-1.2641,-0.34487,-0.1519,0.21186,-0.046034,-0.26003,0.44206,0.40498,0.58618,0.25048,-0.97144,-0.64175,-0.5216,-0.36554,-1.0151,-0.79573,0.65066,0.29535,0.20538,-0.73544,-0.64457,-1.3156,-0.67738,-0.51507,-0.48533,-0.867,-0.92555,-2.0202,-0.42035,0.54477,-0.66545,-0.55763,-0.55492,0.42479,-0.014506,-0.38258,-0.51505,-0.80865,-0.71315,-0.68346,-0.39703,-1.0674,-1.0223,-0.22779,-0.52732,-0.92604,-1.3506,-1.7199,-1.2633,-1.4461,-1.8654,-1.4059,-1.6209,-2.0705,0.39963,0.097771,-1.1132,-0.6064,-0.3613,1.1988,-0.10251,-1.3942,-0.5025,-1.3798,-0.72735,-0.21431,0.062573,0.23852,-0.19049,-0.49318,-1.2693,-0.051573,-0.054573,-0.047366,-0.15488,-0.21836,-0.028043,0.6026,-0.71822,-1.0327,-1.4179,-0.35473,-0.49195,-0.80664,-1.4335,-1.3979,-0.69272,0.086449,-0.62985,0.12728,0.027723,2.4116,0.93979,0.74167,-0.18465,0.62579,0.65225,1.6431,0.16624,-0.11011,0.63828,-0.49923,0.18951,-0.13045,0.039643,-0.63468,-0.066169,1.669,1.2946,0.75292,0.16947,0.7128,1.7304,1.6875,1.7197,0.48827,0.34722,0.93137,2.2185,1.5199,0.9658,0.75932,-0.16854,1.271,1.2953,-0.41364,-0.29467,0.3157,1.0836,1.0426,1.2045,0.84598,0.63984,1.0161,1.9425,1.498,0.11126,-0.87884,-0.5953,-0.55663,-0.30619,-0.27738,-1.2808,-1.3081,-0.78256,0.90023,0.12145,-0.015846,0.14571,0.052239,1.1165,1.892,1.3129,0.50218,-0.18333,0.97882,0.77169,0.56662,0.06096,0.38465,0.62492,0.39677,-0.3964,-1.0953,0.24166,0.61917,0.49228,0.37869,1.2086,0.5603,-0.91406,2.1591,0.81752,-0.025075,-0.3115,1.947,2.094,-0.41378,-0.048612,-0.095325,0.41776,1.2644,0.82608,1.2501,0.016329,-0.26958,1.1941,1.5517,-0.32982,0.19731,-0.65612,0.59124,2.1805,0.44688,-0.23539,-0.83975,0.8086,1.161,0.73842,-0.91927,0.85259,-0.19966,0.35329,0.04512,0.025359,0.30561,0.18788,0.97378,1.0059,0.22223,-0.3255,-0.68341,-0.20951,0.77963,-0.3327,-1.1308,-0.24837,-1.2594,-0.27629,0.23848,-0.82041,-0.54166,1.1766,1.8474,0.26275,-0.84028,-0.5592,0.1137,-0.050512,-0.88422,-1.0688,-1.7988,-1.5961,-0.59296,-1.5174,-1.082,-1.048,-0.54233,-0.21737,-0.68233,-0.36047,0.47937,1.0266,1.5171,-0.82297,-0.25905,0.061153,0.49988,-0.12199,-2.058,-1.4796,0.26383,-0.54079,-0.31264,-0.4976,-0.1029,0.17537,-0.12019,1.1805,0.33146,0.39658,-0.49018,0.019522,1.0046,0.44941,-0.50493,-1.0676,0.0060536,1.2066,0.48396,-0.089663,0.38225,-0.16832,0.9809,-0.46744,-0.54281,0.19249,-0.50065,0.53608,0.3321,0.93712,-0.53731,-0.3622,-1.0238,-1.1553,0.05394,-0.37561,0.045828,-0.22578,0.94322,0.69212,-0.010787,0.015742,0.040136,-0.10466,1.2506,0.4871,-0.98632,-1.2437,-1.0682,0.74447,-1.4434,-0.44073,-1.8661,0.90871,0.47252,0.28699,-0.53643,-0.3186,0.4585,0.59792,0.33652,0.48246,-0.68211,0.48738,0.45436,0.6422,0.36626,0.53154,-0.11863,1.0272,0.59661,0.91101,0.023289,0.048406,1.7098,0.99962,-1.4777,0.19699,-0.95293,-0.40881,-0.087449,-0.71872,-0.35729,-1.3711,-0.97554,-0.12396,-0.45518,-0.66898,0.62664,1.7788,1.327,0.17563,0.053739,-0.4442,-0.22638,-1.0671,-1.3037,-1.0773,-1.95,-1.7322,-1.5638,-1.7536,-0.99583,0.7878,0.11677,0.18385,-0.21647,-0.36291,1.2578,1.0851,0.51297,0.39618,0.95464,-0.043598,1.2929,0.29876,-0.4663,-1.3204,-1.329,-0.26866,0.058944,-1.306,-0.87008,0.24521,0.96816,0.085324,-0.67276,-0.35067,-0.32103,0.68753,-0.44088,-0.21411,-0.31827,0.82197,-0.18666,-0.72937,0.69418,0.58258,1.048,0.24423,0.091034,0.39004,-0.36081,0.54483,0.97619,0.6144,-0.083145,-0.81182,0.41994,0.45532,-0.58109,-0.11747,-0.097716,0.4837,1.2476,-0.97228,-0.013686,0.35092,0.31286,0.88694,0.72891,-0.14416,0.8194,0.23952,-0.067191,-0.18113,0.34452,0.61213,0.89825,0.33647,-0.469,0.067683,1.0971,0.23012,0.34246,0.43574,-0.030616,0.30936,0.38216,-1.446,0.58818,-0.19497,0.93785,1.0796,0.07549,-0.51661,-0.35567,0.26133,1.3548,0.33183,1.0213,-0.0032378,1.0056,0.74058,-0.81334,0.25035,1.3487,0.99797,0.98596,-0.14732,0.31121,0.001612,0.50906,0.73936,-0.4191,-0.63995,-1.0068,-0.074013,0.76602,-0.38799,0.054172,0.61679,0.40549,1.566,0.72431,-0.51659,-0.46884,-1.1259,-0.40413,-0.52212,1.5216,-0.19452,-0.46988,-1.5521,-1.1022,-0.47891,-1.2255,-1.3748,-1.5958,-0.84057,-0.29235,-0.83703,-0.51431,-0.49137,-0.16419,0.73263,-0.48195,0.34193,-0.095196,-0.57466,-0.16559,0.042601,-0.76026,-0.66392,-1.7488,-0.12642,-0.25712,-1.3564,-2.2601,-0.73479,-0.8289,0.43185,0.6566,-0.8323,3.7505e-05,-0.19341,-0.6667,0.018842,-0.11134,-0.76308,-0.27176,-0.31566,-0.17573,-0.85257,-0.89746,-1.0985,-0.30056,1.1009,-0.024692,-0.70355,-0.075854,-0.55394,-0.044905,0.17182,-0.42085,-1.4792,-1.8364,-0.90282,-0.96352,-1.2443,-2.0965,-1.2511,0.38897,1.3245,0.56933,-0.033759,0.32046,0.59797,0.57603,0.4233,0.16042,-0.12981,-0.15339,0.90631,1.7647,0.37115,-0.24261,0.029089,0.85392,0.6894,0.30259,-0.4669,-0.52029,0.39956,0.59927,0.69498,0.10009,-0.064878,1.177,0.86666,2.2505,1.0033,-0.20891,0.31628,0.98944,-0.047045,-0.58689,-1.064,-0.28589,0.04885,0.43632,-0.1867,-1.1549,-0.60794,-0.26901,0.30093,-1.2033,-0.99884,-0.37622,-0.47595,-0.039959,0.9794,-0.060505,-1.0971,-0.60204,0.27194,1.2557,-1.1206,0.21857,-0.75947,0.94847,-0.081927,-0.068064,-1.3808,-1.0672,-0.57801,-0.17658,-0.29564,-0.20714,-0.73403,0.0019027,1.2461,-0.20826,-0.35213,0.13313,1.1334,0.34255,0.37873,0.80086,0.27769,0.37678,1.7213,-0.16044,-0.40387,-0.03487,0.075613,-0.26856,-0.77277,-0.90944,-0.055638,0.10003,0.5961,-0.863,-0.47993,0.13521,0.16609,0.82563,0.31181,-0.067538,0.42587,-0.024163,0.081222,0.86456,1.1807,0.11668,-0.42839,-1.2228,0.62611,0.546,-0.48258,-0.5105,-0.068686,0.13466,-0.42139,-1.0245,-0.68229,-1.337,-0.51684,-1.1882,-0.87238,0.36249,0.96574,0.54951,1.3887,0.7811,1.1007,-0.016167,1.2695,1.0238,0.62578,-0.29779,0.69665,1.8565,1.187,0.70741,0.31268,-0.14347,0.57945,-0.13962,0.64314,-1.1823,-0.38068,0.6503,0.3913,-0.16959,-1.0633,-0.94228,-1.4524,-0.19081,0.38062,-0.20133,-0.9674,-0.28956,0.31669,0.085187,-1.1501,-0.76675,-0.72625,1.0272,-1.0282,-0.98077,-1.2658,-0.86637,0.37894,-0.58985,-1.1935,-1.3834,-1.3311,0.21739,-0.31499,-0.53776,0.50127,-0.29727,0.14256,1.4701,0.51493,0.15579,1.0484
-0.93433,-0.54596,-0.026721,0.78226,0.99149,-0.62638,0.10346,-0.045261,0.057587,-1.1343,0.71713,-0.51453,0.43012,0.33453,0.68366,0.46551,0.77949,0.65712,0.64434,0.99118,0.83105,0.78537,1.4741,0.72996,0.93118,1.2194,1.0858,0.76203,1.0695,0.51766,0.77819,0.36289,0.13571,-0.21986,0.79728,0.27096,0.45997,-0.41959,0.95086,0.72389,1.0828,-0.34141,-0.55159,0.28606,-0.21685,0.59453,-0.044878,0.47735,1.3734,1.9305,1.0909,0.59889,0.3795,-0.21971,0.11421,0.27168,1.2319,0.72359,0.48418,1.0346,1.0935,0.9673,0.87471,1.3419,-0.42563,1.0194,0.93836,0.48084,-0.018418,0.082889,0.27896,-0.17075,-0.39849,0.52815,-0.50423,0.73105,-2.0874,1.0446,-0.054246,-0.6239,0.13888,0.54021,0.35383,-0.11619,-0.76282,0.15546,0.44447,0.4044,0.17448,-0.56057,-1.8404,-1.5275,0.42433,0.6057,-2.2611,-1.2949,-1.048,-0.48636,0.2388,0.56477,-0.36312,0.12482,0.014375,1.2888,-0.37965,0.633,-0.85496,-1.1399,0.017265,0.35288,-0.31187,-0.16766,0.53198,0.36382,-0.40316,0.48654,-0.70036,-0.61485,0.27455,-0.46864,-0.30626,-0.84054,-1.1385,-0.11694,-0.59334,0.72608,0.063297,-0.39215,0.04279,0.73364,-0.17878,0.75027,1.1157,0.41867,0.63309,0.20746,0.97489,1.113,-0.17471,-0.4262,-0.29503,0.28791,0.6152,-0.14983,-0.83416,-0.44783,0.21675,-0.46435,0.01916,-0.94207,0.27619,-0.3534,-0.29289,0.022354,0.67904,0.73016,-0.96863,1.0997,0.72271,-0.12928,-0.83378,-0.20488,0.27358,-1.127,-0.96055,-1.5013,-2.049,0.090959,-0.4613,-1.2063,-0.39642,-1.046,-0.93687,-0.45499,0.14402,-0.58335,0.31076,-0.1654,-0.23986,0.024634,-0.15967,0.41346,-0.27268,0.94227,-0.84894,0.57463,-0.31269,0.76156,0.43892,-0.49091,0.50342,-0.68622,0.22081,0.75585,0.0076119,-0.93237,1.1754,0.20127,0.15983,1.1751,0.73383,-0.14896,0.36343,0.16504,1.1925,0.3806,0.14241,-0.16344,-0.75055,-0.24868,-0.53634,-1.2422,-0.4804,-0.80064,-0.30156,-1.0211,-0.57879,0.15189,-0.23246,-0.33446,0.76,0.82164,-0.93383,-0.22003,0.20494,-0.18105,-0.12339,-0.46608,-0.16245,-0.13378,0.28519,0.99787,0.94299,0.055186,0.072965,-0.070213,0.25983,0.2218,0.75215,-0.0097735,0.060197,0.77404,0.41772,-0.50703,-0.50683,-0.46187,0.15202,-1.4932,-0.76114,-0.35716,-1.0311,0.046491,0.90328,-0.75652,0.073066,-0.073756,0.30936,-0.37723,0.58986,-1.4197,0.25453,0.64681,-0.40851,1.4437,-0.75988,-1.3947,-0.68922,-0.95338,-0.58954,-0.45632,-1.4349,-1.0222,0.056614,-0.46447,-0.21671,-0.79621,0.86868,0.46193,-0.33229,0.082895,0.018838,0.847,-0.24879,-0.157,0.18206,0.51669,-0.83581,-0.85374,-1.0769,0.12223,-0.074873,-0.18848,-0.5599,1.31,0.78395,0.16171,0.53881,0.66025,1.2626,0.41868,0.2898,0.25903,-0.17295,0.1853,0.90737,0.74246,-0.68221,0.70269,-0.77752,0.075805,-0.0048669,-0.011652,0.54809,-0.65794,-0.82722,-0.4275,-0.83204,-0.23339,-0.4588,0.096602,-0.4962,-0.15749,-0.17371,-0.15599,0.34946,-0.40393,0.13514,0.15762,0.40969,-0.79625,-0.95741,-1.243,0.55033,-0.8833,-1.3399,-0.4396,-0.71865,-0.0088063,0.57567,-0.60825,0.021051,-0.40647,-0.83937,-0.076955,-0.81804,-1.357,-0.21081,0.11601,-0.21822,0.36446,1.1969,-1.4436,-0.65657,-0.32498,-0.0048772,-0.46758,-1.7056,-0.70012,-0.61268,-0.37085,-0.6262,0.048098,-0.50176,0.14069,0.32586,-0.078949,-0.099162,-1.1069,-0.019743,-0.7247,0.82259,-0.12153,-0.70533,-0.48503,-0.58671,-0.46171,0.53387,-1.1131,0.34529,-0.79358,0.23542,-0.06667,0.21036,0.14422,-0.90995,-0.15813,-0.28714,0.24257,-0.46847,0.74824,0.50848,-0.31089,-0.22289,-0.067824,0.32717,0.031412,-0.73075,-0.23894,-0.34565,-0.070705,0.22447,-1.0942,-0.56342,-0.68822,1.1196,0.096326,0.5426,0.1242,-0.32111,-0.12079,0.33644,0.099835,0.20687,-0.2962,0.29662,0.34607,0.32506,0.47994,-0.644,-1.0432,-1.1382,-0.69911,0.49276,0.3328,1.1397,0.29599,-0.59742,-1.6051,-1.4356,-0.73302,-0.30218,-0.15353,-0.56918,0.62846,-0.37346,-0.46408,-0.39091,-1.2756,-0.42616,-0.49698,0.12563,0.45048,0.88885,0.56309,0.78709,-0.42138,0.093122,0.49269,0.65226,-0.5994,-0.98602,-0.23978,-0.72069,-0.053399,-0.45874,-0.088459,-0.92552,-1.0189,-0.80447,-1.3072,-0.95022,-1.8693,-0.19036,-1.5954,-0.82203,-1.5575,0.14044,-0.27704,-0.55624,-0.20122,1.4665,0.21787,0.28335,-0.06493,-0.91639,-0.85343,-0.42203,-0.16089,0.4389,-0.49143,-0.92772,-0.53202,0.039374,-0.062464,-0.15172,-0.96997,0.39713,-0.040255,-0.02009,0.39905,0.81064,0.11379,-0.18709,0.98268,0.88688,0.70176,-0.054118,0.51892,0.32947,0.15597,0.43271,0.78843,1.127,1.1404,0.99109,-0.10832,0.0016007,-0.22662,-0.14013,-0.42568,-0.2026,-0.62314,-0.82987,-0.35686,-0.05232,-0.068782,-0.34874,0.099627,0.58397,0.86004,0.65649,0.031517,0.35503,0.42024,0.89162,0.62203,0.28399,0.86287,0.6098,0.38377,0.80754,0.12331,0.28592,0.89587,0.063907,0.47478,-0.22987,-0.40121,0.40029,-0.27337,0.68667,-1.122,-0.60576,-0.05627,0.28088,-0.23194,-0.7993,0.017025,-0.55499,-0.64523,-0.03059,-0.16664,-0.41813,0.78524,-0.12976,0.63535,-0.13493,-0.68378,-0.26775,0.27023,-0.059135,0.21791,0.64096,0.23128,-0.87029,0.20016,0.38988,0.54268,0.3176,0.64702,-0.28322,-0.85111,0.44298,-0.0072968,0.58521,0.79733,0.46186,-0.97569,0.18725,-0.47145,-0.45735,-0.26688,-1.2792,0.24741,-0.11452,-0.22017,-0.80719,-0.60598,-0.86673,-0.62013,-0.5246,-1.5515,-0.44719,-1.8246,-1.1717,-0.41758,-0.75359,-1.149,-1.1076,-1.6612,-0.91072,-0.68133,-0.51326,-0.68899,-0.69995,-1.7979,-1.1153,0.35144,-0.81955,-0.61127,-1.1904,-1.3386,-1.2562,-0.23717,-0.26643,-0.49274,-0.93935,-0.42753,0.34091,-0.79695,0.1582,0.086394,-0.30556,-0.31105,-1.0543,-0.6939,-0.96257,-0.17437,-1.0519,-0.76646,-0.057306,-0.10903,-0.67045,0.23478,-0.69276,-0.029692,-1.179,-0.74578,-0.79775,-0.45777,-0.62206,-0.81522,-0.71017,-0.058263,-0.32127,0.5435,-0.024201,-0.3475,-0.21661,-0.44967,-0.89714,-0.91899,0.49097,-1.2946,0.30427,0.32777,-0.33948,-0.17328,-0.00081314,0.065016,-0.13923,-0.376,-0.10966,-0.056295,-0.13025,0.18851,-0.16549,-0.15589,-0.88484,-0.54905,-0.67717,-0.7151,-0.39712,0.42692,-0.49088,1.046,0.91311,-0.36726,0.88364,-0.49703,0.25646,0.25469,-0.48641,0.24155,-0.20865,0.86143,0.27366,0.22021,0.66031,0.38325,-0.013362,-1.1429,-0.63922,-0.20026,0.50734,0.23789,0.67482,0.64952,0.51087,0.088963,-0.39691,-1.0236,1.3169,0.088924,0.32866,1.2409,1.0098,1.2154,1.6491,0.40692,1.14,1.2528,1.1574,0.089966,1.0442,1.221,1.519,1.9864,1.0487,0.066454,0.026248,-0.45931,-0.001136,-0.087177,0.26216,-0.48174,0.50633,0.82987,-0.50552,1.7391,0.41649,-0.068655,0.33064,-0.19362,-0.14764,0.073028,-0.48675,0.40254,0.68204,0.95597,0.60425,0.82457,0.10029,1.4195,0.34451,0.84274,0.46557,0.99392,0.73053,0.82186,1.1326,0.66208,0.84599,-0.67955,1.2272,-0.42489,0.24561,0.75073,1.036,0.54094,-0.42323,0.17147,-0.51502,0.49441,0.93225,-0.45708,-0.19011,-0.2226,0.56907,0.76889,0.064571,0.26137,-0.38876,-0.221,1.2956,0.12922,0.76298,0.47328,1.3886,0.80726,0.5927,0.82938,0.34552,0.50502,0.63633,0.52556,-0.94133,0.49468,0.083796,0.75208,0.27321,0.41624,-0.35075,0.031724,0.51566,-0.56627,1.2588,-0.41739,0.89729,-0.045076,0.41842,-0.25176,-0.16147,0.058427,0.81624,1.7412,0.71344,0.73865,1.0079,1.036,1.2884,0.91844,1.2791,0.9907,0.30784,1.2404,-0.52831,-0.15251,-0.5648,-0.60296,0.19224,-0.088818,-0.13081,0.58282,0.069481,0.28176,-0.23438,0.046828,0.56962,1.2184,0.78562,0.79625,2.0194,0.16792,1.6292,1.0029,0.52805,0.63845,-0.36525,-0.15444,-0.033822,-0.21888,-0.28965,0.22917,-0.51121,-0.052716,0.85454,0.21389,0.4861,0.76844,0.14832,0.035662,0.36057,0.24025,-0.18308,-0.52371,-0.83421,-1.2416,-0.69562,-0.4489,0.40974,0.20604,0.95569,-0.81803,-0.59135,0.48179,0.08074,-0.20547,-0.71653,-1.0368,0.69814,0.50438,0.16317,1.0846,0.29238,0.24126,0.14671,0.86346,0.30645,0.9223,0.68385,-0.11211,-0.068734,0.35676,0.80699,-0.049382,-0.10207,-0.064009,-0.023218,-0.38842,0.55191,0.5748,-0.078135,0.61421,0.12384,-0.044092,0.29774,-0.27565,-0.17229,-0.075409,0.97845,1.103,0.56964,0.83879,0.96114,0.54088,0.98814,0.79891,0.33487,0.0020764,-0.3742,-0.24075,0.68816,0.62322,-0.51233,-0.49486,-0.76498,-0.56602,-0.60574,-0.64755,-0.34521,-0.0078191,-0.2284,0.9774,0.18723,0.49457,-0.61696,0.93751,1.607,0.088542,1.3417,0.48612,0.21236,0.32703,1.0235,0.38987,0.094065,-0.21012,0.035939,0.19968,0.76927,1.1351,0.59654,0.55917,0.60138,0.72213,-0.078105,0.21429,0.038618,0.91174,0.73853,1.0058,0.040541,1.3729,0.76826,0.17398,-0.10721,-0.66923,-0.51758,-0.38356,0.48452,0.48858,-0.5917,-0.40748,-0.22859,0.48357,-0.29493,0.14765,-0.09009,-0.43182,-0.3021,0.8006,0.10548,1.8737,0.78162,0.78207,1.9392,1.51,0.83066,0.54359,1.4251,1.4749,1.5605,1.3237,1.2952,1.0299,1.3563,1.254,0.34417,1.3923,1.6476,0.29714,1.1583,0.61347,0.51107,-0.90044,-0.7758,-0.70746,-0.20201,0.66273,-0.54895,-0.41085,0.26735,0.17595,0.093679,0.13771,0.38806,-0.76735,0.84353,0.54096,-0.29947,-0.64675,-0.75381,-0.79636,-1.2342,-0.95804,-1.0641,-0.021069,0.03916,-1.0906,-0.31565,-0.73509,-1.4926,-0.065539,-0.7253,-0.62131,-0.5412,-1.166,-0.24282,-0.33563,-0.54593,-0.12001,-0.16594,0.17788,-0.60376,-0.25283,-0.072332,0.17944,-0.49286,0.88517,0.75209,0.94056,-0.54977,-0.071266,0.45761,0.07892,0.054007,-1.0529,-0.030555,-1.0115,-0.50627,0.028485,-0.69096,-0.76752,-0.95882,-0.75694,-0.71588,-0.11245,-1.79,-0.86551,-1.507,-0.82115,-0.26665,-0.36841,-0.21597,-0.86421,-0.31249,0.64869,-0.29317,0.44888,0.57583,0.10401,-0.029008,0.013598,-0.35387,0.48195,0.71274,0.19782,-0.10847,-0.87207,0.14527,-0.23078,-0.72037,-0.60864,-1.1687,-0.70565,-0.94697,-0.7352,0.0023697,-1.0769,-0.14779,-0.58251,-0.96875,-0.67477,-0.80248,0.60909,0.40843,0.82066,0.54829,0.15539,-0.22213,0.43758,0.31139,0.13179,0.41363,0.29533,-1.3981,-0.83205,0.099933,-0.76254,-0.55235,-0.56739,-1.5149,-1.9586,-1.041,-0.6881,-0.80401,-0.63616,-0.096482,-0.70195,0.064259,-0.96686,0.036972,-0.68847,-1.0608,-0.036081,-1.0578,0.16314,0.63478,1.4297,1.1408,-1.109,-0.15861,0.30844,0.15693,-0.11914,-1.0068,-0.87981,-0.64419,0.79513,-0.055191,0.0010698,-0.031023,-0.28738,-0.23049,-0.93074,-0.23422,0.19404,0.26609,0.10157,0.082154,0.54952,0.39629,0.52191,0.26602,0.095992,-0.8596,0.15255,-0.71674,-0.77623,-1.1609,-0.58421,-0.72078,-1.0955,-1.2612,0.33357,-0.41435,-0.5479,-0.015204,-0.35918,-0.27406,-0.67222,0.26,0.20232,-0.47883,1.2636,-0.28938,-0.56268,0.4009,0.65438,0.12619,0.010973,0.73994,0.41322,0.46907,0.28962,0.39076,-0.35226,-0.92679,0.45229,0.93886,-0.29912,0.38661,-0.67548,0.54136
-2.3695,-2.0122,-1.3602,-3.6701,-4.2637,-2.9062,-2.7386,-0.91993,-3.562,-0.57144,-1.2514,-1.9364,0.39046,0.11262,0.69779,-0.63226,-1.7294,-2.2636,-0.11081,-2.9932,-0.44393,-1.3486,-2.9043,0.23544,0.1721,0.28119,-0.55482,-0.91169,0.45273,0.25854,-2.3259,-1.6442,-1.0684,-0.097456,-2.2085,0.061521,-1.5301,-1.265,-2.4028,-2.3226,-2.6943,-0.80369,-0.8697,-2.3846,0.80016,-2.4076,-1.1409,-0.84072,-2.4098,-2.7015,-2.7298,0.12948,-0.95875,0.31445,2.0875,0.52705,0.051644,-0.37313,-1.9041,-3.5463,0.63393,-1.0629,-3.3115,-1.9345,-0.51304,1.9703,-2.9022,-2.3792,-1.1337,-0.97926,0.87277,-2.3609,0.58659,-1.406,-1.9384,-2.9273,-0.2559,-3.026,0.0013916,-2.504,-3.7433,-0.70855,-3.7629,-1.9152,-1.7459,-2.9949,-0.32855,-3.4975,-0.41258,-1.8599,1.6928,-0.49285,-1.8853,-1.957,-0.42193,-0.71008,0.084272,4.2051,0.045734,-1.697,-0.81447,0.27182,0.67594,0.080249,-1.8465,-1.9288,-0.4288,4.6543,-0.52301,-0.55575,-0.89189,-1.2742,-1.0979,-1.0902,-1.5836,-1.9125,-1.9132,0.22375,-0.87703,-0.20889,-1.2092,-1.164,1.2879,-0.7246,-1.0164,-1.7235,-3.2221,0.49986,-0.75264,-3.0184,-1.6685,-1.2114,0.29981,-1.6572,-1.5827,-1.6149,-1.5749,-1.7075,1.5268,1.3322,1.0364,-2.348,-2.5686,-1.1673,2.3801,-1.3586,-2.9819,-0.80056,-2.4929,2.3443,0.85439,-0.64623,-0.52223,-3.044,-0.70804,0.052911,-0.75383,-3.0885,-2.9389,-0.93899,2.857,-1.0147,-0.20675,-1.0249,-1.4196,-0.29046,2.1766,-0.7232,-1.2194,-0.85738,-0.30168,2.7285,2.2227,-0.1059,-1.7774,-0.35195,-0.036463,0.584,-1.155,-1.6127,0.52162,-0.08356,0.6068,-1.4143,-1.4123,0.12147,-0.29639,0.059938,-1.3464,-1.6782,-1.5857,1.8636,-1.4681,-1.687,-2.7387,1.9796,0.25878,-0.66879,-2.5437,-3.2175,-0.30988,0.0011334,-0.71188,-1.3252,-3.1283,-2.3701,-0.62593,-0.41696,-0.94735,0.47812,-1.1517,-1.3067,2.8386,2.8489,0.48097,-0.90379,-1.3043,2.344,-0.079453,3.0344,-4.4283,-3.4561,1.5821,1.7724,1.8728,-1.9279,-3.3082,0.82819,0.13857,0.87633,-2.1406,-4.0397,1.9108,1.1674,-0.6233,-2.6276,-2.212,1.2062,0.95081,0.97935,-1.0224,-3.0509,-3.4566,-1.5637,-1.8379,-0.31022,-2.1353,-0.33934,0.00083644,-0.7837,0.67563,-3.2106,-4.0918,0.46976,1.8837,2.4863,0.49701,-1.9727,-2.097,2.0015,-0.96047,-3.145,-2.7491,-4.226,-1.7812,1.7995,3.0426,2.4377,2.2111,-2.8928,-1.1351,0.17709,-1.5679,-2.3803,-2.7807,0.70008,-0.15765,-0.81509,-2.3103,-2.0755,-2.0397,-2.6685,1.1274,2.6166,2.0764,-2.1885,1.0071,-1.2455,0.51432,2.4206,3.0686,2.1654,-0.13178,-0.088377,1.6525,2.6657,-0.43434,-2.8525,-3.2575,1.5658,1.2338,0.57681,1.1109,0.47256,2.8329,1.4867,2.5174,-1.0971,0.31007,2.8107,1.6375,0.96512,2.1246,0.55234,2.5572,1.966,2.2917,2.2869,1.3491,1.3671,1.63,1.5457,1.9954,0.90882,0.58339,1.7512,3.2549,2.5606,-0.69496,1.7897,2.2822,2.4713,0.9156,0.60666,0.42326,1.306,0.42839,0.42217,-0.22775,-0.11142,1.2797,1.1757,3.3047,-1.2431,1.6369,2.4554,2.4869,1.9116,2.3499,0.23812,-0.94649,1.8444,2.5763,3.7645,2.6152,1.4623,1.7539,2.7319,3.2338,3.1549,2.1295,1.5944,1.5293,2.8643,2.2574,3.1716,-0.27922,2.2845,3.5677,3.0098,2.7881,1.1728,2.5058,1.9874,2.6408,3.1772,1.689,1.8697,2.1699,0.38758,1.2352,-0.77303,0.36595,2.2427,2.5326,2.4312,0.79454,1.2081,2.1549,2.2388,1.6312,0.21709,0.60923,1.597,0.63224,0.64668,-1.7994,0.33508,1.5966,1.3512,2.2954,1.7053,0.88572,2.7364,1.8678,3.9957,1.2683,-1.7729,-1.2021,1.972,0.51451,1.1507,-0.11336,1.0437,0.59264,1.2563,0.34681,-0.81949,0.031674,1.2961,3.5361,3.2385,0.81753,-0.58128,-0.45715,-0.88961,0.99546,-0.0090098,0.021172,0.76711,1.6192,1.1155,0.6648,-0.77687,1.333,2.9863,1.0417,0.18453,-0.77883,0.79938,0.52149,-0.016002,0.23256,-0.099442,0.36422,2.0706,2.0681,2.0838,1.0567,1.0453,2.007,2.186,1.8037,-0.18162,-0.48683,0.30288,1.4604,0.841,-0.34752,0.70045,1.624,2.7567,1.3702,0.64217,1.7136,3.0788,2.3694,0.54153,1.257,1.0864,3.1086,2.0718,1.7812,-0.47688,0.51265,2.7529,3.23,2.4786,1.1599,1.2832,2.3786,2.372,2.7846,0.31609,0.15887,2.1238,1.9261,0.98072,-0.6946,-0.82755,1.4632,1.834,1.2202,-0.093015,0.25452,1.7951,2.2069,0.79007,0.70507,1.0885,2.1682,2.0445,0.96464,-0.84332,-0.43895,0.2035,2.1679,2.1307,1.0388,-0.55227,0.72131,1.7746,1.8482,0.64195,-0.87037,0.41597,1.2657,1.9397,0.83755,-0.92809,-0.24652,1.2522,1.7801,1.7319,-0.64479,-1.2655,0.67538,1.526,0.15783,-0.22174,-1.6224,-0.35652,1.2705,-0.15657,1.0972,-1.6491,0.60077,3.0997,2.2954,0.68496,-1.2933,-0.36073,2.7399,3.0524,0.2719,-0.17734,-0.62683,2.5885,0.92789,0.50677,2.2771,-0.25433,2.0087,0.18395,0.4666,-0.37017,1.1386,-0.11813,0.15504,0.99428,1.5133,0.86607,-0.33185,-0.72127,1.8289,1.004,0.46356,0.75946,0.057201,1.8298,2.096,1.1431,0.7726,0.059623,1.1943,0.75966,-0.26215,-0.52443,-0.50441,-0.09037,0.19639,0.59354,-0.19166,-0.64339,0.24216,0.49552,0.21286,-0.010108,-0.18788,0.10551,1.5591,1.1863,0.75892,0.57188,0.3187,0.60973,-0.22409,0.012127,0.039609,-0.20671,0.20361,1.1155,-0.31723,-0.62415,0.16837,-0.66233,-0.13547,0.00041873,-0.59742,0.3598,0.42071,1.575,1.468,0.63971,0.42161,0.18691,0.54325,0.78977,-0.41006,0.50231,0.23011,0.22284,1.0664,1.6957,0.4614,0.67329,0.88216,0.93273,1.1187,2.5378,1.3097,1.6646,1.697,1.6596,1.5503,1.2173,0.51264,1.0462,1.3855,2.1969,2.4125,1.4938,-0.97603,0.058831,1.0218,1.3747,1.0203,0.075031,0.94602,1.7338,1.2665,0.78959,-0.83944,-0.74298,1.0088,0.45755,-0.13903,-0.067809,-0.18026,0.52299,-0.027966,-0.080359,-0.61981,0.68727,-0.12042,0.15586,0.045267,-0.31793,-0.50357,0.89243,0.35221,-0.037165,-0.5292,-0.016265,1.7923,1.288,1.2786,0.36646,0.029477,0.48655,0.84808,0.64296,-0.099305,-1.5204,-0.58963,1.0088,-0.14238,-0.21261,-1.39,-0.36762,-0.12007,0.3026,0.027824,-2.1358,-1.3682,0.17084,0.20225,-0.011694,-0.74552,0.40756,1.0729,0.98906,1.4232,0.53982,0.81238,0.48206,0.20855,0.34095,-1.3462,-1.4124,0.75775,0.34161,0.43185,-1.5388,-1.1009,0.589,1.2389,0.58712,0.31401,-0.87276,0.50718,1.1977,0.26669,0.95005,0.018933,1.3447,-0.44127,0.19042,-1.296,-1.4852,0.34724,-0.13367,-0.26417,-0.34356,-0.60899,0.73518,-0.124,-0.035197,-1.017,-0.30039,0.84011,0.54904,-1.2716,-1.8374,-1.5978,-0.020121,-0.085641,-0.32227,-1.0138,-1.085,-0.1928,-0.66064,-0.5674,-1.2115,-1.4165,0.0033923,0.18719,-0.4248,-0.81798,-1.3608,-0.6789,0.68935,-0.0091441,0.0069528,-0.39507,-1.9144,-0.43621,0.89491,1.0236,1.099,0.24732,-0.21256,1.1763,0.99923,0.056283,-0.95133,-1.556,0.45041,-0.51253,0.051569,-0.25704,-0.88811,-0.45515,0.35257,0.42362,0.34143,-1.0461,1.0555,1.6542,-0.22414,-0.013381,-1.0691,1.2253,2.0656,1.9626,0.71367,-0.72307,0.10056,1.7468,0.99083,-1.0677,-1.1563,-0.55244,0.71354,0.34064,-0.91813,-1.2509,-0.79142,-0.32353,-1.3109,-1.788,-2.8432,-2.5526,-0.59475,-0.30529,-0.33777,-0.46885,0.34887,1.6276,1.8497,1.4024,1.1589,-0.14091,0.85377,0.81228,-0.49022,-0.89336,-0.95053,-0.083458,-0.34761,-0.14967,-1.2842,-0.7008,-0.25531,0.0088912,0.14679,-1.3204,-0.5187,1.5053,0.35305,0.3135,-0.6634,-1.0934,0.62302,0.55078,-0.025787,-0.54313,-0.08484,0.12867,-1.0594,-1.2257,-1.3662,0.83595,1.2907,1.0167,0.40516,-0.37317,-0.2291,0.3928,0.036238,-0.55311,-1.6697,-0.80711,0.39239,0.5529,0.46106,0.4608,0.95999,1.286,1.6636,0.45297,0.48447,0.53373,0.90846,-0.15137,-0.25357,0.095959,1.2228,0.37883,-0.11238,-0.1626,-0.25793,0.49775,1.0079,-0.014705,-0.83894,-0.39774,1.4153,0.48556,0.75046,-0.41605,-0.60281,0.42764,0.088115,0.30124,-0.079996,0.27759,0.97283,0.58313,0.0086209,-0.15214,0.17745,0.31221,-0.34372,-1.0532,-0.24945,0.30843,0.34611,0.62061,0.007513,0.21115,0.35589,0.48941,-0.37706,-0.57844,0.097245,0.43491,0.3394,-0.53135,-0.97387,-0.32323,1.3046,0.051827,-0.12517,-0.63701,-1.2392,-0.046068,0.26137,-0.0059577,-0.26452,-0.12567,1.1269,1.0195,-0.37158,-2.4641,-1.5948,-0.67155,0.043171,-0.45238,-2.5122,-1.2626,-0.41435,-0.83268,-0.69021,-1.7869,-1.7559,-0.9524,0.45342,-0.27706,-0.98907,-1.9892,-1.9912,-0.16405,-0.16054,-0.29579,-0.37787,-1.1395,-1.3551,-0.97061,-0.38925,0.13904,-0.31385,-0.048299,-0.44243,0.9399,1.0084,0.36681,0.060995,0.095121,0.81018,0.60236,-0.62832,-0.80764,-0.37481,0.032919,0.11458,-0.18106,-1.4456,-0.93363,0.95677,0.8244,-0.10213,-0.70275,-0.54254,0.43175,-0.24395,-0.58721,-0.24781,-2.14,-1.2407,0.41871,-0.88286,-0.30817,-1.149,-0.83963,-0.11887,0.24171,0.27951,0.27569,0.5085,0.54941,1.3278,-0.035487,-0.42764,-0.68901,-0.19172,0.33244,-0.70667,-0.2905,-0.83486,-2.7736,0.14599,0.69065,0.67814,0.44263,-0.50282,0.5964,1.1423,-0.015107,-0.65284,-1.6098,-0.33357,-0.084682,-1.5359,-0.076518,-0.94933,-0.85589,-0.62122,0.54375,0.76446,-0.2623,-1.2966,-0.84246,-0.095475,-0.35074,-0.96382,-1.9657,-0.97312,0.0295,-0.0033411,-0.46662,-1.0312,-0.97249,-0.6167,-0.56483,-1.5383,-2.4488,-2.2354,-0.50425,-0.86038,-0.73984,-1.271,-0.70784,0.46571,-0.35436,-0.52434,-0.34556,-0.67852,0.17696,1.118,0.76096,0.79266,0.1562,0.7076,1.2983,0.28985,-0.44326,-0.8968,-0.33013,0.26171,0.34534,-0.75308,-0.65085,-0.71864,0.58067,-0.67994,-0.76689,-1.4854,-1.9129,-1.8228,0.076639,-0.7357,-0.17236,-0.87526,0.48159,1.2079,-0.14923,0.20699,-0.045518,-0.35632,0.46527,-0.82694,-0.75746,-0.8757,-0.1522,-0.8272,-1.6976,-2.008,-2.3737,-2.1992,-1.365,-2.0285,-1.5931,-1.153,0.12335,-0.45907,-0.096509,-0.69646,-1.824,-0.63366,0.31692,-0.37942,-0.35264,0.17771,1.0041,1.6123,-0.042148,0.97168,-0.50959,-1.158,-0.36212,0.46424,0.35119,0.19311,-0.0089743,-0.63847,-0.47607,-0.18253,-1.174,-0.77556,-2.482,-0.50804,-0.7069,0.87059,0.19224,-1.3188,0.15644,0.3633,-0.60327,-1.3475,-1.388,0.088168,0.42941,-0.029136,0.13839,-1.4361,-0.67162,-0.19075,-0.54832,-3.0566,-1.6353,-1.1155,-0.69768,-1.961,-1.5612,-0.91848,-0.41929,-0.65401,-0.61347,-1.3638,-0.95308,-0.65125,0.66265,0.028647,-0.77613,-0.76934,-1.0756,1.0493,0.78097,-1.1917,-0.97932,-0.34307,0.090984,-0.95437,-1.6952,-1.8028,-0.75263,0.46076,-0.61108,-0.42277,-0.553,-0.234,-0.34932,0.30779,0.2068,-0.060967,-2.1465,0.22862,-0.25071,-0.92174,-1.6866,-1.8721,-1.8359,-1.9315,-2.8111
-1.3079,-0.43165,-1.5398,-1.7939,-1.5119,-2.0527,-0.96123,-1.003,-1.7596,-1.2516,-1.6049,-0.93144,-0.47243,-0.12886,-1.0202,-1.9246,-1.7017,-1.1825,-1.4267,-1.9632,-1.58,-1.0221,-1.5849,-0.85442,-0.95593,-0.62692,-1.3358,-1.0499,-0.86224,-0.80161,-1.5499,-1.0469,-2.4816,-0.94761,-1.7426,-0.88139,-1.1229,-1.3931,-2.1839,-1.9546,-1.4905,-1.2825,-0.88661,-1.2763,-0.62901,-1.5785,-1.3699,-1.246,-1.7403,-1.0657,-2.1573,-1.3723,-2.2027,-1.6507,-0.50976,-0.8028,-0.78436,0.13013,-1.5111,-2.212,-0.96288,0.10269,-1.6758,-0.59541,-1.1199,-0.70471,-0.97032,-1.4807,-1.0603,-0.32462,-1.039,-1.0339,-0.32456,-0.85911,-0.5572,-1.3189,-2.0219,-0.98245,-0.95476,-1.4617,-1.7887,-0.43765,-1.8841,-1.9548,-1.2007,-1.0433,-0.19496,-1.2621,-0.94778,-1.5738,1.1151,0.19286,-0.19173,-1.5893,-1.048,-0.55438,-1.3226,0.01583,-0.56205,-1.5144,-1.0246,-1.4128,-1.4922,-0.96674,-1.194,-1.049,-0.5214,1.065,-0.89577,-0.84898,-0.56366,-0.57972,-0.02006,-0.86337,-0.85167,-1.1777,-0.8664,0.63466,-0.24937,-1.8423,-0.19884,-0.56147,1.2098,-0.15475,0.090316,-0.46472,0.3689,-0.24422,-0.81502,-1.8774,-0.77359,-0.24961,0.31794,0.044375,0.11015,1.3028,-1.2203,-1.6917,0.83418,0.53355,0.12855,-1.4957,-0.89708,-1.0921,1.0576,-1.7565,-1.4044,0.37905,-0.95302,0.15655,-0.2764,-0.8269,-1.575,-0.77994,0.16161,-0.87952,-0.65894,-1.6254,-0.93534,-0.024061,0.29184,-0.65567,-0.83725,-0.7671,-0.093395,0.024258,0.42097,-0.0029684,-0.6164,-0.10277,-0.35527,0.24379,0.079256,-0.34369,-0.99376,0.58116,0.65538,0.020797,-1.1355,0.084911,1.201,-0.19675,-0.61554,-0.5619,-0.048351,-0.48421,-0.67904,-0.44318,-0.53764,-0.72565,-1.0601,-0.19283,-0.84923,-1.0776,-0.53051,0.67603,-0.26735,-0.45358,0.16043,-0.84263,-1.198,-0.063944,0.3106,-0.0011301,-0.87476,0.19391,0.039129,-0.51482,-0.28341,-0.30503,-0.81761,0.071016,1.5011,1.7789,0.42392,-0.50349,0.34699,2.4714,0.65848,0.82812,-0.36117,0.58769,1.4084,1.011,0.91088,-1.0698,-0.63298,1.7615,0.39988,1.1572,1.2677,-0.37163,1.5023,0.028678,0.053565,-0.27548,-1.2148,0.67602,0.67294,0.53596,0.22033,-1.1577,0.17502,-0.35207,-0.84976,0.76269,-0.4324,1.2184,1.8544,1.5336,1.596,0.52674,-0.0018374,0.97814,1.4085,1.1616,0.41283,-0.07533,0.49126,0.5092,-0.93373,-0.11539,-0.49483,-0.2938,0.59406,0.12235,1.4799,1.1035,1.9912,0.67975,1.3977,1.76,-1.7011,-0.21836,0.34509,0.095922,-0.35497,0.36157,-0.21527,-0.92969,-0.89887,1.2363,1.7356,1.7153,0.35694,-0.10958,0.14011,-0.2031,-0.051443,1.5224,1.3152,0.57599,-1.1714,-0.4733,-0.83777,0.54651,-0.72434,-1.2396,-0.28104,2.0829,0.30834,0.62229,0.23137,0.7731,0.63505,0.0068966,1.8217,0.40703,1.0848,0.25799,0.72124,-0.070354,0.70854,0.46331,0.76712,0.98201,0.94756,1.0638,0.1491,0.96763,0.41731,0.89209,0.56957,0.27334,1.7966,0.57698,1.4895,0.63101,-0.64119,0.7818,1.9167,-0.070647,-0.56341,0.39799,0.89643,0.25787,-0.88164,0.25858,-0.49958,0.56406,0.95012,0.8442,0.78481,-1.2163,0.20325,1.6136,0.97573,-1.1611,-0.0033931,-0.64705,-1.4765,0.26804,0.35106,0.9778,0.93964,0.51803,0.8734,1.3248,1.8225,0.88354,1.6151,0.62723,0.42991,0.49845,0.47266,0.18492,-0.21544,1.8517,1.3072,1.2354,1.9272,0.49834,0.99017,0.67287,0.8367,1.0417,-0.22892,0.91439,0.58423,-0.076534,0.5331,0.88686,0.65682,1.2543,0.085097,1.8319,0.10932,0.40844,1.2155,1.5581,0.1627,-0.55847,0.59814,1.452,-0.28516,0.18847,-0.2021,0.51882,0.33777,-0.21341,0.4575,0.72093,0.34489,1.1569,1.0982,2.2734,0.44583,-0.89449,0.60631,0.7732,-0.038369,0.99679,-0.24266,-0.46556,0.69732,0.65081,0.30614,0.45495,1.0888,2.3514,1.3866,1.6378,0.7487,1.262,1.2701,0.37534,1.6126,0.18298,0.86405,1.7926,0.25,0.28924,1.0557,-0.31371,0.96145,1.129,0.75404,1.162,0.98167,1.336,-0.36436,-0.066383,0.093988,0.025748,0.38848,1.2203,0.077806,0.83237,0.82014,1.0328,0.060962,1.6485,1.5597,0.72255,-0.12961,0.4443,1.2502,-0.69134,-0.76423,-0.18224,2.1881,0.9419,0.42049,1.185,0.78502,0.96186,1.1427,1.0192,0.88019,1.2697,0.064714,1.6054,0.88098,-0.075277,0.78713,0.90089,1.4922,0.69194,0.43686,1.1559,0.56672,0.56702,1.7896,0.77859,-0.53517,0.29571,1.2495,0.95952,0.59881,-0.83501,0.97884,1.3731,1.12,0.30861,0.46338,0.68947,0.98934,0.42403,0.43864,0.58149,1.33,0.2944,0.1449,0.8146,-0.26984,0.69942,0.15254,0.75424,-0.37342,0.003318,1.2509,0.9034,0.59888,0.74279,0.4212,0.55903,1.3086,1.1759,1.0814,-0.18111,-0.41204,1.7676,1.7612,1.1193,-0.28348,1.0398,1.9827,0.59851,1.0391,0.058047,-0.48561,0.53631,1.5618,1.6549,0.79799,0.63205,0.64138,2.1094,1.5938,0.96601,0.55607,0.19134,1.5592,0.73862,-0.7268,0.42034,-0.81271,1.7263,1.0615,1.389,0.21609,0.16127,1.1153,0.13431,0.26205,0.12944,0.90338,0.73437,0.58483,0.40004,0.4876,-0.43505,-0.24037,-0.025235,0.99849,0.048596,0.93341,0.18062,0.72519,0.90988,-0.3289,0.3442,0.37674,-0.33153,0.12499,0.028875,-0.38913,-0.14067,0.58573,0.22385,0.14506,0.20535,0.27544,-0.093881,0.71363,1.0352,0.74023,0.068301,1.3817,1.3719,0.86949,1.0413,1.2075,0.77738,1.8812,0.62745,0.81129,0.43093,0.67564,0.8474,0.93647,0.96015,0.24627,0.90897,0.49083,2.0888,-0.079019,1.0784,1.2681,0.02673,0.18943,-0.28083,0.80679,-0.022944,0.092623,0.33503,0.48931,0.31107,-0.20858,0.041008,-0.73066,0.10071,-0.59698,-1.1294,0.4179,0.81545,0.40506,0.11997,0.61399,0.57942,0.90935,-0.61829,0.20827,0.18288,0.022377,-0.54017,-1.2232,-0.69604,0.20161,-0.41941,0.20687,-0.011888,0.048867,0.63518,0.36829,0.33543,0.72161,-0.80358,0.20596,0.7982,1.2566,0.28507,-0.51945,0.28958,1.1868,-1.1502,-1.622,-0.5781,0.18092,-0.55047,0.98214,0.4789,0.7103,1.0146,0.60082,-0.16611,-0.17453,-0.69477,0.35793,0.55212,0.43852,0.44734,0.74364,0.2255,0.67078,0.83171,0.1444,-0.12113,-0.16539,-0.69203,0.18537,0.20164,0.3464,-0.12654,-0.52444,-0.81372,-0.44292,0.67716,-0.73311,-1.1201,-0.16843,-0.88468,-0.28661,-0.97662,-0.29161,0.93942,0.44677,0.76829,0.85476,0.39663,0.99625,0.063054,0.37719,-0.084202,0.56657,0.087346,-0.0046198,-0.5943,-0.76291,-0.99334,-0.61491,-0.9831,-0.075682,0.084789,-1.4718,-1.2951,-0.73015,0.21912,-0.11304,-0.84148,-0.42465,-0.63654,0.18972,-0.28579,-0.13249,0.27362,-0.48691,-1.5718,-0.78607,-0.58857,-0.7587,-0.13119,0.18742,0.24756,-0.69842,-0.14388,-0.57885,-0.58908,0.10703,-1.1208,-1.0896,-0.60654,-0.88074,-0.68925,-0.26503,0.42574,0.42637,0.21753,-0.28552,0.33339,-0.26781,0.23171,0.19702,-0.16093,-1.3223,0.1317,0.95645,-0.15753,1.215,-0.38129,0.3106,1.2222,0.89027,-0.32232,-0.047194,-0.073748,0.41983,0.78304,0.62273,0.055078,0.78338,-0.33633,1.3359,-1.0624,0.034074,-0.19071,-0.40618,0.15309,0.81034,-0.52421,0.16256,0.52714,0.58675,1.559,-0.07129,0.53156,-0.33026,0.44003,-0.67705,-1.3953,-0.47498,0.56086,0.93322,0.072765,-0.55939,0.71705,0.050775,0.12108,-0.7883,0.62267,-0.61147,-1.0224,0.88037,-0.22353,0.89143,-0.50595,-0.48535,0.89703,-0.37981,-0.42451,0.20309,-0.26964,-0.14276,1.3703,0.21504,-0.037032,0.10161,1.254,1.1433,1.8013,0.88062,-0.51383,1.3373,1.2097,0.1266,-0.65506,-0.33972,-0.15076,0.61693,0.48121,-0.060614,0.23813,0.13576,1.4596,0.31202,0.75309,0.35175,0.47305,1.8756,1.3068,0.92876,0.80977,0.078422,0.31893,1.2882,0.27038,-0.20714,0.80316,0.81387,0.48161,0.31121,0.18713,1.324,0.75426,-0.65088,0.34387,0.33913,-0.3623,0.11418,0.67205,-0.3111,0.017425,0.48329,1.4793,0.66033,0.45152,0.73726,0.23122,-0.065853,1.2524,-0.62936,-0.78033,0.1668,-0.26429,-0.14917,-0.44362,-0.55527,-0.5489,-1.1569,-0.84673,-0.7408,0.22708,-0.61893,0.12612,-0.042571,-0.14483,-0.68456,0.48937,-0.37936,0.15991,-0.30975,-0.091793,-0.47316,-0.03707,-0.48154,-1.466,0.71708,0.15851,-0.55587,0.24426,-0.44304,0.18749,0.45436,-0.075295,-0.24037,-0.47299,0.44648,-0.40295,-1.0711,-0.36609,-0.21205,0.55324,0.61928,-0.49831,-1.2712,0.78569,0.95538,0.76251,0.89239,-0.19669,0.35076,0.57011,0.38882,-1.144,-0.26151,-0.72088,-0.78971,0.083051,0.43837,-1.1653,-1.228,0.077669,0.29759,-0.80505,-0.67436,-0.080807,1.2937,0.17282,-0.80432,0.079376,-0.137,0.39046,0.339,-0.86195,-1.0553,0.22422,-0.17009,0.66193,-0.6995,0.83718,-0.063252,-1.6483,-0.30884,-0.76585,-0.10376,-0.32573,-0.20316,-0.75265,-1.0263,-0.27878,-0.27839,0.26525,-0.23936,-0.32358,0.1567,-0.32472,-0.60328,-1.4711,-0.7167,-0.1814,-0.78637,-1.339,-0.95536,-0.7168,-0.68387,-0.56904,-1.064,-1.2955,-1.0694,-0.93328,-1.0743,-0.47656,-0.85382,-0.92657,0.038612,0.53033,-0.76143,-0.23343,-1.8724,-0.95053,-0.52121,-0.67802,-0.18937,-1.0618,-1.0151,0.37888,0.91917,-0.68251,-0.93899,-0.49857,-0.33961,0.84179,-0.93308,-1.1995,-1.6232,-0.30642,-0.60409,-0.24055,-0.55946,-1.0233,-0.63538,-0.12148,0.22078,-0.40005,-0.36336,-0.22085,0.78836,-0.48286,0.64917,0.25844,-0.28406,0.38201,0.44732,-0.37855,0.35853,-0.6487,-0.43032,-0.15138,-0.42873,0.41924,-1.2017,-0.13608,-0.14719,0.79032,0.51903,-0.58812,-0.57571,0.54712,0.02546,0.071818,0.17373,-0.41609,0.78402,0.47012,0.90788,-0.79371,-0.087642,-0.00024957,-0.72021,-0.78825,-0.4615,-0.55439,-0.62731,-0.76425,-0.44375,-0.385,-0.30362,-0.29644,1.79,0.061523,-0.25277,0.51182,-0.042448,0.76322,0.026285,-0.54778,-0.62967,-0.6736,-0.078267,0.59993,-0.14439,-0.52034,-0.50223,1.3358,0.078517,0.45735,-0.30568,-0.3516,-0.064124,-0.55212,-0.021532,-0.53852,-0.2038,-0.068959,-0.36405,-0.38157,-0.23806,0.6168,-0.27402,-0.50546,-0.042831,-0.99721,-0.68478,-0.15983,0.29742,-0.32839,-0.57636,-0.37889,-0.38463,0.07073,-0.52128,-0.54447,-0.51181,0.87048,-0.73288,-0.26642,0.36658,0.031367,-0.56867,0.039409,0.39871,0.32207,-0.61088,-0.39,-0.1482,-0.10031,-0.50376,-1.4363,-0.63548,-1.6039,0.41504,-0.37225,-1.2736,0.26638,0.80642,-0.12531,-0.077788,-0.98192,-0.26276,-0.52434,-0.16812,-0.16372,-0.052667,-1.132,-0.44429,0.04086,-0.14595,-0.69009,-0.98903,-1.5365,-0.97447,0.22337,-0.31744,-0.54247,0.18613,-0.51037,-0.63012,-0.1246,-0.86764,-0.44591,-0.74424,-0.5975,-0.14996,-0.34562,-0.2017,-1.2405,-0.9966,-0.98235,-0.046406,0.15249,-0.42164,-0.48733,0.0069915,-0.33366,-0.68148,-0.16928,1.026,-1.1018,-1.096,-1.4375,-0.83819,-1.3706,-1.3939,-2.2425,-0.28256,-1.3462,-0.65062,-1.035,-0.93707,-0.48538,-0.13696,-0.60387,-0.65869,-0.62797,-0.12703,-0.8338,-0.093099,0.3693,0.14053,0.27199,-1.5895,-1.273,-0.61421,-0.8981,-1.6346
0.080459,-0.6643,-1.4543,-0.7862,-1.0529,0.21047,-0.80734,-1.1908,-1.1279,-1.8082,-1.4533,0.64757,-0.43162,-0.20697,-0.58565,-0.74137,1.1986,0.083917,-0.11442,-1.4433,-1.0658,0.44546,-0.1155,0.024449,0.8151,-0.15412,0.41017,0.81557,0.23713,0.73109,0.76449,0.76944,1.0259,0.9389,0.16303,0.61293,0.4466,0.67539,0.62085,0.78717,-0.57569,0.79774,0.44437,0.5738,-0.62701,0.26572,0.29057,0.625,0.27058,0.55435,0.38258,-0.36535,0.73873,1.0355,0.30785,0.65439,-0.23047,-0.76165,0.45566,-1.2398,0.90651,1.0847,-0.33675,-0.13562,0.26934,0.21222,0.2883,-0.44271,-0.40037,0.72038,0.46428,0.39841,-0.60091,-0.42086,1.331,0.24373,-1.2291,-0.22371,-0.86395,-1.3496,-0.74519,-1.4883,-0.87947,-1.1592,-1.1054,0.018249,0.037922,-0.7651,-1.4105,-0.49697,0.74656,-0.097195,-0.50379,0.16247,0.38034,0.72359,-0.25003,0.26224,0.041801,-0.89045,0.50066,1.0845,-0.51431,-0.89721,0.26297,-0.22336,0.056426,-0.95625,-0.9162,-0.88167,0.23882,0.57624,-0.039164,-0.017285,-0.29666,-0.62737,0.16328,-0.2482,-0.47227,-1.0371,-0.32811,0.22682,0.39299,-1.0435,0.10296,0.28803,0.11031,-0.85583,-0.62271,0.055985,0.34179,-0.29588,-0.64184,-0.3745,-1.0597,-0.70084,-0.76113,0.5343,-0.2446,-0.83769,-0.29575,-0.77074,-0.090464,0.22449,0.054541,-1.4106,-0.88299,0.23353,0.27113,-0.1716,-0.71839,-1.1046,-0.60187,-0.16794,0.67813,-0.74172,0.26046,-1.2146,0.21888,0.1801,-0.16098,-0.75386,-1.5294,-1.2992,-0.98407,-1.1612,-1.8815,-1.2055,-1.8178,-0.9095,-0.56492,-0.86463,-0.76575,-0.70167,-0.42837,-0.14036,-1.028,-0.44619,-0.20362,-0.20185,-0.43746,0.5571,-0.63995,0.5012,0.85993,0.66136,1.1667,-0.75887,0.78725,-0.028053,0.41492,-0.63324,0.66755,-0.64522,0.61077,-0.03096,0.12498,0.068408,1.017,0.23458,0.26612,-0.2461,-1.0745,-1.1727,-1.466,-0.2448,-0.9219,-1.5772,-1.7275,-1.7763,-1.5342,-1.3009,-1.6506,-1.2022,-2.4873,-1.0565,-0.36784,-1.3695,-1.6688,-1.6876,-1.175,-0.39523,-1.4701,-0.084352,-1.0765,-0.65889,0.30494,1.2058,0.18237,0.34917,0.34903,0.29563,1.1586,-0.12596,0.14073,1.2035,1.3348,-0.43473,0.099247,0.96747,0.243,0.31,0.78068,0.069899,-1.2121,-0.71646,-1.0626,-0.99149,-0.72465,-0.98024,-0.39671,-0.82214,0.26261,1.4452,0.8168,0.3348,-1.5577,0.24407,1.529,-0.77724,-1.2436,-1.4726,-1.1182,0.20954,-1.0608,-1.1235,0.16845,-0.78562,-0.036325,0.82285,-0.46098,-0.99802,-1.8187,-0.10115,0.035208,-1.134,-1.0672,-0.85476,-1.4072,-1.5807,-0.79185,-0.53775,-1.3795,-1.9536,-2.211,-1.1608,0.45759,1.4681,0.43417,0.42019,0.39334,0.56926,1.9122,2.0356,1.0689,2.394,2.3361,1.7189,2.8126,1.6188,1.2855,1.0392,1.1061,2.4104,0.81681,0.99471,0.61306,2.2969,2.3272,1.1258,0.66623,1.0138,1.6944,0.84064,0.027689,0.09365,-0.73332,-0.52733,-0.03229,-0.026,-0.32205,-0.11502,-0.46053,0.29301,0.129,-0.86749,-1.0442,-1.0464,-0.53905,-0.15499,0.3454,-1.3533,-1.7472,0.10414,1.8657,1.2779,-1.4785,-0.25402,1.0289,0.51086,-0.27949,-0.23162,-1.5997,-1.4582,-0.85109,-1.3373,-1.4637,-1.6012,-1.7841,-1.0589,-0.20372,-1.4876,-1.5979,-2.3194,-1.8803,-1.3727,-0.32143,0.33828,0.63788,0.47078,1.0034,1.2655,1.6895,1.1891,0.66293,0.9826,1.5192,1.6298,1.2597,0.84522,0.86454,0.75003,2.2395,0.90275,0.5352,0.80216,0.41821,1.2283,0.44733,-0.71999,-1.2473,-0.51569,0.044503,-0.25775,-1.1565,0.45481,0.81257,0.91481,0.10377,-0.1205,0.01256,1.234,0.27098,0.34699,-1.2929,-1.2269,-1.1386,-0.86962,-1.3551,-2.264,-2.113,-1.6206,-0.10698,-0.12281,-0.52796,0.23828,-0.42318,-1.0642,-0.21434,-0.53966,-1.0382,-1.0853,0.44957,-0.19561,-0.93468,-0.61189,-1.4399,-1.3958,-0.92665,-1.1822,-1.3989,-1.2383,0.083934,1.1317,1.1932,-0.24969,1.9875,1.25,1.8554,0.43008,0.05549,0.29952,0.69271,2.2704,1.2517,1.4492,0.94047,1.9537,3.011,1.8892,1.3065,0.83585,2.0065,1.5784,2.1011,2.0165,1.9251,1.4621,0.95538,2.2965,2.5052,1.0085,0.44294,1.0896,0.93071,-0.69231,-0.099024,-1.1174,-0.2481,-0.341,-0.71532,0.11385,-0.53999,0.17183,0.93787,1.1099,-0.89174,-1.3278,0.75794,-0.65273,-1.8597,-2.1019,-1.7556,-1.1306,-1.2077,-0.84669,-0.66049,-0.98309,-0.27835,0.71377,0.74273,0.86975,0.79931,1.5558,2.2892,1.2298,1.2552,1.2996,2.3993,2.0301,1.495,0.21414,1.0714,0.99833,0.73594,0.34183,0.96703,0.91223,1.1567,1.7186,0.85432,0.90231,-0.17517,-0.27897,0.64432,-0.24535,-1.4359,-1.3318,-1.9366,-0.6103,-0.61274,-0.44764,-0.25725,-1.1776,-0.56801,-0.038891,0.42943,-0.14479,-0.35822,0.42216,1.2561,-0.058377,0.67878,0.35725,0.42661,1.1681,1.2441,0.20615,0.55006,0.61922,1.0702,0.61406,-0.74201,-0.41268,-1.9722,-0.55728,0.85604,0.032325,0.91126,0.40211,0.081277,2.1307,1.1479,1.1642,0.20519,1.271,2.2767,0.98922,0.65813,-0.8657,-0.87236,0.49023,1.1096,0.68847,0.81493,-0.038164,0.39916,0.3409,1.1027,0.75687,0.90226,0.58982,1.1529,1.8918,1.534,1.8751,1.1186,1.1306,1.6496,1.3811,1.3774,0.51867,1.347,1.9977,2.9629,1.6163,0.19152,0.7958,1.3264,0.89551,0.25545,-0.59345,0.53508,0.26233,0.65946,0.97921,0.35848,0.87976,0.30517,0.90528,0.12406,0.64039,-0.77779,0.69713,1.4104,0.90249,-0.91005,-0.42215,-0.099504,1.0302,0.43962,1.0699,0.19954,0.052457,0.006874,1.4576,-0.37869,0.36723,-0.58819,0.63137,0.85997,0.82026,0.4826,0.54422,0.3632,0.72629,0.38146,0.5978,1.5097,-0.0060775,0.76505,1.0581,0.57719,-0.052679,-0.0082251,0.52885,1.0596,0.75219,0.26994,0.05813,1.0346,1.4256,1.5727,0.72847,1.5282,2.1315,1.6919,2.1649,2.4754,1.7458,1.4219,1.059,2.4427,1.1796,0.40358,0.71977,1.0453,2.0284,0.9929,1.4472,1.3741,1.0046,2.7558,0.51515,0.30215,0.66884,1.1176,1.4478,0.5486,-0.20946,-0.99981,0.23906,-0.43631,-0.93503,-1.6399,-1.679,-1.9652,-1.0519,-1.0624,-1.6131,-1.4925,-1.3263,-0.34871,-0.083568,0.22662,0.84129,-0.41022,-0.70056,1.3614,0.58898,0.11079,-0.35874,0.26062,1.296,-0.47192,-1.8446,-1.1549,-0.90451,0.5334,-0.11824,-0.28981,-0.67637,-0.39581,-0.0085963,-0.2686,-1.8252,-1.5275,-1.3516,-2.0665,-1.6257,-1.1476,-1.8365,-0.39879,-0.74246,0.22428,0.58334,0.10042,-0.6983,0.66973,-0.67344,-0.31581,-0.52296,-0.92933,0.46892,-0.20987,-0.8085,-0.78166,-1.4093,-2.058,-1.3259,-2.4786,-1.7433,-0.24825,-1.8507,-0.4798,-0.50271,-0.54476,-2.2974,-0.95127,-1.2942,-0.99498,-2.6495,-2.2684,-0.95274,-1.95,-1.7553,-0.73762,-0.58882,0.36606,0.79255,0.56314,0.85583,0.73559,1.3386,1.4667,1.275,1.6173,0.98189,0.72912,1.4992,0.31598,0.24832,-0.063334,0.36176,1.0199,-0.082787,-1.1904,-1.3075,-1.0531,-0.37262,-1.1915,-1.3107,-1.2412,-2.319,-2.6467,-2.03,-1.488,-2.175,-1.5311,-2.127,-1.2059,-0.14413,-0.34913,-1.5781,-1.3277,0.44152,-0.55177,-0.91423,-1.1947,-1.7016,-1.8276,0.097126,-0.32804,-1.7905,-1.5406,-1.5463,0.0474,-1.0424,-1.3902,-1.7296,-1.3209,-0.30266,-0.42774,-1.1445,-0.91942,0.33339,1.4178,0.12051,0.12924,0.27109,-0.48379,0.70266,0.39788,0.4605,1.1378,0.50549,0.98658,1.4532,0.98049,-0.65655,0.54654,0.89404,-0.65155,-2.0229,-0.86651,-2.0849,-1.0009,-1.5593,-1.8117,-0.24636,-0.44189,-0.44988,1.1804,0.57551,0.5706,0.3144,0.5315,0.086658,-0.73083,-0.47796,0.25378,0.72463,0.91205,-0.26651,-1.788,-1.9874,-0.50581,-1.5724,-0.60812,-0.47192,-0.12599,0.27263,0.57016,-0.96815,0.082453,0.13878,0.029823,-0.57799,-1.7358,-1.3595,-1.1467,-1.9104,-0.32057,-1.267,-1.059,-1.6085,-0.35682,-0.97211,-0.46709,-1.1015,-1.3686,-0.9163,-1.0257,-1.5096,-2.1904,-2.0685,-1.3942,0.014186,0.70615,-0.26544,-0.35599,-0.69638,0.12757,0.74719,0.90763,2.3146,1.6061,2.109,1.6865,1.9413,2.5782,2.7102,2.5437,3.0151,2.3277,2.2174,1.6981,2.7088,2.924,2.3257,1.8364,2.7457,2.3043,2.2301,2.1884,2.1275,2.0416,2.5304,1.7656,2.9215,2.3272,1.7941,2.0041,1.7662,2.1118,2.4429,1.7898,2.1458,1.0443,2.3233,2.0343,2.2118,1.0346,1.6377,1.7705,2.2361,1.9807,1.1923,1.1133,1.8074,1.6518,1.1716,0.28117,0.71635,0.89407,1.1471,-0.0057276,0.73491,0.074093,0.094978,0.14973,-0.12437,0.079952,-0.19817,0.34406,-0.07761,0.7452,-0.1878,-0.15837,0.07007,0.50136,-0.86787,-0.78573,-1.0606,-0.46872,0.02845,-0.21903,-1.6305,-0.8726,-1.1307,1.0361,-0.73756,-1.2668,-1.2619,-1.9939,-2.2473,-1.4244,-1.3061,-1.7426,-1.7626,-2.5701,-1.8695,-1.7989,-1.1987,-1.5252,-0.90455,-0.8625,-0.17311,1.2566,0.1755,0.8234,0.73465,0.2664,1.2503,0.041705,0.55871,0.40313,0.82804,1.02,-0.056198,0.52617,0.18299,0.94553,1.765,1.0441,0.91525,-0.12205,0.20857,0.53023,0.47461,-0.92415,-1.1654,-1.8419,-0.47804,-1.8375,-2.0354,-1.5268,-2.1969,-0.87194,-0.8688,-1.1657,-0.71389,-1.5651,-1.2156,-0.0068927,-1.3637,-1.1323,-0.97762,-0.91021,-1.5709,-1.1143,-1.8448,-2.5286,-1.9214,-1.8508,-0.7676,-0.77468,-2.0341,-1.3822,-1.5094,-0.55855,-1.9097,-2.1023,-2.1338,-0.61356,-0.84449,-0.40019,-0.48168,-0.3961,-0.62065,0.47012,1.0275,0.44666,-0.24495,-0.22536,-0.013198,-0.1453,1.0833,0.86168,0.51501,0.26113,0.20001,1.9554,1.5611,0.4133,-0.98318,-0.78228,1.0397,-0.58929,-1.3419,-1.8402,-1.2433,-1.4983,-1.7309,-1.9207,-1.8499,-1.1866,-0.85076,-0.0235,-1.4068,-1.8738,-0.30363,0.39036,0.44255,-0.39186,0.56498,0.13746,0.20621,0.4845,1.2099,0.34761,0.43007,-0.13444,1.2672,-0.17683,-1.2582,-1.8397,-1.1752,-0.18856,-1.1646,-2.2417,-1.862,-1.1778,-0.63002,-0.4786,-1.1259,-0.3531,0.21012,0.74481,1.4096,-0.077392,1.1608,1.5393,1.8151,-0.1287,0.96572,0.99659,-0.10377,2.332,0.37981,0.04638,-0.39372,-0.51866,-0.61199,-1.6054,-1.1998,-2.1998,-1.1892,-0.97292,-1.5878,-3.2152,-2.1353,-1.6389,-0.79418,-1.1523,-1.3954,-0.93864,-1.6329,-3.2305,-1.8363,-0.22121,-0.93298,-1.8495,-1.613,0.094824,1.1102,-0.43679,-1.6757,-1.4953,-1.4233,-1.0474,-0.91159,-0.43462,-1.8212,-0.18412,0.69476,0.59059,1.1001,0.71431,0.71146,0.8933,1.1867,1.0314,0.57646,0.2954,2.2349,0.47106,0.64549,1.6043,2.3315,0.9029,0.34171,-1.0267,-0.57324,-0.76204,-1.1999,-1.3933,-2.2403,-1.8081,-0.85643,0.24894,-1.5678,-1.7031,-2.2966,-1.2236,-1.0414,-0.96475,-0.94902,-0.0048792,0.9152,0.60223,0.4666,0.81304,1.5085,1.1777,1.1327,2.4811,1.2236,1.523,0.93745,1.8593,1.5326,0.10028,1.2359,0.68228,0.94378,0.85601,0.63795,1.3878,0.96194,-0.053866,0.40921,-0.37351,-0.17238,0.58546
-0.6801,-2.0518,0.20694,0.023393,-0.72753,-0.48312,-0.57292,-1.0118,0.29804,0.75335,-0.45916,0.79782,0.299,-0.40802,1.0113,-0.36244,0.12476,-0.44472,-0.0040066,-0.28993,-0.22326,-0.21169,-0.022087,-1.5513,0.11038,-0.84171,-0.31167,-1.14,-0.8102,-0.031175,0.47977,-0.92107,-0.96231,-1.0716,-0.1638,-0.90141,-0.50794,-1.2822,-1.3398,-1.4361,-0.32779,-0.17619,-1.8145,-0.67785,-0.87132,-0.85219,-1.141,0.030699,-1.3131,0.75822,-0.55658,-0.43367,-1.0057,-0.50738,-1.5858,0.70114,0.16211,-0.64803,-0.064106,-0.083827,0.221,-0.26337,0.27715,-0.84676,0.1681,-0.60716,-0.33177,-0.020784,-0.54927,-1.0092,-0.058563,0.29297,0.21283,0.72133,0.62471,-0.75159,0.17222,0.5134,1.3413,0.77568,0.13826,1.2175,0.99929,1.5693,0.53939,-0.22033,0.73279,-0.20585,0.63638,0.60192,-0.37317,-0.57039,0.85992,0.26224,-1.3564,-0.86067,-1.0803,-0.044761,-0.14074,0.22936,-0.10702,-0.29984,-0.68672,-0.063008,-0.18047,0.15673,-0.78405,-0.50072,-0.21808,-0.97274,-0.76441,-0.40858,-0.38535,0.16739,0.0065538,0.58248,-0.20667,1.1525,0.39272,-0.45788,-0.25724,0.38391,0.4479,1.1308,0.59937,0.98309,0.45537,0.88278,1.4117,0.43304,1.3016,1.0374,0.9924,1.3326,1.211,0.96287,1.0789,-0.26194,0.25563,0.45503,0.98415,0.28646,-0.063826,-0.8053,-0.18304,0.90689,0.41814,0.70203,-0.1855,-0.21141,-0.98262,1.1541,-0.19045,0.20423,-1.0542,1.3367,0.33069,-0.15799,-0.13325,-0.73457,-0.090358,-0.56727,-0.11317,0.35144,0.24131,-0.49159,0.13779,-0.31576,-0.62426,-0.78588,-0.78056,-0.90495,-0.0032154,-0.41577,-0.43393,-0.26504,-0.43251,0.50265,0.25236,-0.64275,-0.33229,-0.84548,0.3596,-0.55213,-0.5128,-0.71271,0.070062,-0.67123,0.15142,-0.34895,-0.52029,-0.17947,0.065604,0.14548,-0.26828,0.75478,-0.16546,1.5059,1.3814,0.037774,0.37555,1.1543,0.83187,1.0788,1.1699,1.3721,0.54297,-0.107,1.425,1.585,0.77342,-0.4108,1.3159,0.65012,0.70364,0.81836,0.78971,-0.25737,0.83585,0.50661,0.87611,0.12127,0.31936,1.2856,0.5894,0.16524,0.15261,-0.0040807,0.47522,0.78468,-0.75935,-0.12084,0.93515,0.016587,-0.22706,0.68582,1.3249,0.81482,-0.49395,1.3575,1.2379,0.43586,0.8807,1.818,1.0841,0.89193,0.50189,0.51862,0.37027,1.0752,0.46596,0.31999,0.33452,-0.32969,-0.27213,0.64019,0.50889,2.0226,1.5447,1.5709,0.23652,0.70365,0.8817,-0.12165,-0.71285,-0.31927,0.0053316,-0.022024,0.29154,-1.0396,0.30128,0.42134,0.07565,1.1772,1.0361,0.29846,0.50621,0.84748,0.93841,0.00011704,-0.30974,-0.60277,0.17361,-0.21494,0.027581,1.0884,0.47016,-0.40522,-1.4808,-1.2836,-0.26344,-0.085061,-0.8459,-1.6027,-0.70727,-0.21066,-0.089905,-0.099744,-0.62176,-0.78156,-0.20261,-0.28209,-0.37235,-0.83905,-0.48884,-1.0991,-1.503,-0.49864,-1.3809,-0.38443,0.76801,-0.47331,0.73028,-1.1324,0.26111,0.01114,0.77254,0.4487,0.37583,0.91373,1.151,0.84943,1.2745,1.1055,-0.35689,-0.13259,-0.036379,0.79698,0.56393,-0.24731,1.0611,0.68624,0.391,-0.28162,1.1771,0.35661,0.32905,0.36045,1.7831,0.53398,0.26188,0.11584,0.68287,-0.50804,-0.10589,0.0083132,-0.36514,0.17236,0.88862,1.5214,-0.43479,0.50075,-1.314,0.62879,-0.43003,-0.14471,-1.0932,-0.69695,-0.89482,-1.3312,-0.5231,0.25632,-0.010445,0.13487,0.38494,1.2252,-0.73327,-0.53,0.0076732,-0.10689,-0.68394,0.1298,-0.34255,0.64982,-0.16344,0.71964,1.7005,1.0382,1.1087,1.7621,-0.14982,1.0699,1.0279,0.4399,0.33503,0.80875,0.83063,0.16292,0.24397,0.039032,1.0229,0.52739,0.81987,1.2275,0.92464,1.3785,0.47616,0.12031,-0.46524,0.10687,0.2341,0.71501,-0.61404,0.9577,1.0783,1.3741,1.3336,1.0945,0.78426,1.1617,1.3611,1.1746,0.93864,0.25206,-0.82031,0.36176,0.71549,-0.25384,-0.59672,-1.1179,0.60259,0.39167,-0.31274,-0.24847,-0.748,0.85774,0.77302,-0.70709,-0.78691,-0.96248,0.82684,0.42542,-0.4401,-0.47373,-1.0824,-0.71194,-0.20934,0.47974,-0.089769,-1.553,-1.4778,-0.92945,-0.18796,-1.2934,-1.7581,-1.2981,-1.3922,-1.349,-1.7429,-0.71138,-1.1095,-0.75428,0.14691,-0.15547,-0.11044,-0.48308,-0.02849,0.41686,-0.78375,-1.1836,-0.92705,-0.89545,-0.96409,-0.74409,-0.20503,-1.2015,-0.087338,-0.74929,0.1524,-1.2144,-0.86789,0.042547,-0.79144,-0.93236,-1.0491,-1.1756,-0.93215,-0.60703,-0.78377,-1.2938,-1.7088,-0.40344,0.75993,-1.0818,0.14211,0.25055,-0.19563,-0.35742,0.84874,-0.54331,0.49892,-0.2004,0.0022269,0.40274,-0.66745,-0.97053,-0.099437,-0.76692,-0.20899,-1.2037,-0.38045,0.46651,0.30698,0.48177,0.77997,-0.54557,-0.45118,0.77399,-0.010978,-0.36732,-1.0317,0.3741,0.50075,-1.2766,-0.68959,0.059158,-0.28784,-0.35093,-0.87657,0.0099413,-0.026588,-0.31292,0.034042,0.61554,0.023598,0.72568,-0.11006,0.12798,0.28222,1.4217,0.52225,0.87117,0.23346,1.341,1.1933,-1.6257,-1.0947,-0.39836,0.18328,0.53231,-0.2865,-0.51808,0.77009,0.015654,0.84015,0.10762,-0.2492,-0.7077,-0.64012,0.87343,0.80735,-1.0489,-0.80356,1.4518,0.99713,0.7838,1.2161,0.2527,-0.48756,-0.040851,-0.44005,-0.33005,-0.95625,-0.42461,-0.53341,-1.1655,0.28342,-1.4522,-0.97522,-1.4098,-1.0822,-1.6529,-1.4884,-1.5125,-1.9262,-1.4895,-0.53174,-0.18442,0.1355,0.022006,-0.48017,-1.2316,0.26213,-0.12808,-1.3537,-0.16934,-0.57129,-0.25547,-0.52362,-0.80573,0.048585,-0.18052,-0.7674,0.40362,-0.6055,-1.0391,-0.82891,-0.26176,-0.1285,-0.27261,-1.4971,0.46161,-0.40304,-0.31946,0.31845,-0.39901,-0.21588,0.67107,-1.9601,0.50485,0.44879,-1.0578,-0.57522,-0.59412,0.11927,0.18057,-0.53343,0.76011,0.070485,1.4555,0.47752,-0.43165,-0.93497,-1.2254,-0.55484,-0.42532,-1.0047,-0.76566,-1.7465,-1.2346,-0.23998,-0.91788,-0.63536,-1.296,-0.85704,-0.11361,-0.16842,-0.57111,-0.47048,-0.92753,0.18224,-0.84639,-0.43045,-0.38731,-0.06781,-1.2336,0.30548,-0.00082423,-0.51235,-0.89123,0.82006,-0.026721,0.31034,-0.88873,0.52513,0.73556,-0.10226,1.3585,-0.10039,0.48857,0.59395,0.386,0.1319,0.25332,0.84157,0.021903,1.1319,-0.083367,-0.032543,0.058453,-0.42844,-0.51123,-0.73431,-2.834,-1.8457,-0.12812,-0.25949,0.59753,0.84949,1.1788,0.54951,0.84309,0.85853,0.12142,0.71918,1.6649,1.5441,0.67529,0.86521,0.66452,0.59378,1.199,2.4623,0.50382,0.23549,0.68947,0.42398,0.49372,-0.69954,-0.78046,-0.15888,-0.24354,0.47212,-0.61701,-0.21945,-0.42855,-0.59295,0.47179,0.44912,0.62925,1.3091,1.7171,1.1376,0.86595,0.88489,0.39606,0.65492,0.76291,0.37941,-0.76108,-1.9887,-0.32882,-0.13722,-1.2972,-0.49849,0.013895,0.34997,1.4073,1.6886,0.70504,0.29172,-0.33461,-0.34064,-1.21,-1.1784,-2.1519,-1.5509,-0.69126,-1.2669,-1.1735,-1.6369,-1.533,0.030647,-0.56875,-0.52665,-0.29512,0.16763,0.25622,0.52115,-0.22442,0.3321,0.70292,-0.095215,-0.35817,0.80477,0.61532,0.84743,-0.56589,0.43295,0.77756,0.85614,-0.48048,0.066355,1.4096,-0.3429,-0.43649,0.069957,-0.33397,-1.1271,-0.58393,-0.56436,-0.94836,-1.0608,0.69401,1.6754,1.2564,1.4736,0.59593,0.88127,1.1403,0.81485,-1.1857,0.75407,-0.88059,0.20392,0.0048653,-0.073324,-1.0965,-0.33456,-0.41803,0.28015,-0.33673,0.11921,-0.071305,-0.67904,0.53929,1.3272,1.1923,1.4719,0.74696,0.54178,0.51066,-0.38116,1.0677,1.2674,0.38592,1.297,1.9652,1.2759,2.3049,3.0623,0.92668,1.2197,-0.19042,1.5225,-0.15004,0.50732,-0.72594,-1.4343,-0.29904,-0.10589,-0.51097,0.62277,0.5812,1.2254,1.3202,2.1981,1.0978,1.2367,0.98006,0.60534,0.75639,-0.27123,0.14061,1.2737,0.81063,0.25653,-0.72571,-1.3099,-0.17164,-0.32444,-0.4269,-0.070446,-0.36024,0.79593,1.403,0.61374,0.56215,0.39587,0.45865,0.6406,-0.15683,0.26704,-0.66133,-0.24954,0.029912,-0.16687,0.56167,-0.15506,-0.43182,0.051198,0.26561,1.2793,-0.42209,0.095073,-0.30154,-0.44214,-0.95737,-0.46692,-0.28807,1.1793,0.43843,-0.225,0.093906,-0.15463,-0.5703,-0.19529,-0.092975,-0.20516,0.31091,-0.61463,-0.40555,0.21834,-0.29331,-0.44636,-1.162,-1.3371,-0.49265,-0.19381,-0.19203,-0.22836,-0.075426,-0.82366,-0.72178,-0.33546,-1.2727,-1.2866,-1.882,-0.35697,-0.64961,-0.24638,-1.0558,-0.79169,-1.4636,-0.38025,-1.0413,-0.7482,0.38822,-0.064754,-0.4806,-0.30451,-0.19488,-1.1048,-0.36599,-1.5947,-1.6364,-1.8654,-0.64122,-1.1336,-0.3532,0.49772,-3.3198,0.38185,1.4857,-0.16261,-0.34817,0.7799,2.4314,-0.3172,0.51969,0.00035175,-0.22563,0.81637,1.0491,0.95706,0.0044365,-0.46429,1.7351,0.54704,0.70673,0.012719,0.094836,0.63364,-0.93531,0.96322,0.52341,-0.03329,0.19869,0.69406,0.27214,0.71124,1.0771,0.46562,0.60567,1.3585,1.0835,0.99972,1.1987,0.67064,-0.43888,0.14443,-0.31885,-1.1298,-1.0618,-1.1499,-1.0349,-0.77082,-0.26976,-0.57087,-0.073823,0.99436,1.6227,1.9,-0.17687,0.35734,1.017,0.9335,0.42586,0.43885,-0.37043,0.7235,0.38125,0.46656,0.92483,-0.062096,0.64062,0.94578,1.9358,2.4527,2.4036,0.28476,1.8381,0.80117,0.20108,0.3181,-0.67663,0.61143,0.20565,1.0298,-0.031115,-0.6514,0.92401,1.1669,-0.48469,1.7167,1.5976,0.69369,0.71568,1.6861,-0.069913,0.0032523,-0.079093,-0.098322,0.14475,-0.51138,-1.1565,-1.7533,0.54912,-0.46479,0.80592,0.96201,1.6988,-0.047989,1.4082,0.58883,-0.96698,-0.73867,-0.61662,-1.1129,-0.60909,-0.59971,1.2006,-0.59115,-0.55141,0.16998,0.40888,-0.66362,-0.50749,-1.0871,-0.65457,-0.6437,0.20055,0.47305,-0.57307,-0.23111,0.48708,0.76473,1.6864,0.18659,0.58619,-0.29101,-0.94574,-0.70534,-0.78422,-1.6799,-1.5416,-0.82955,-1.3572,-2.2333,-1.5763,-1.2639,-1.0274,-0.34856,-1.1049,-1.2423,-0.24162,0.22683,0.25666,-0.21463,-0.54052,-0.2655,1.1699,-0.21391,0.25036,0.58998,1.4781,-0.57794,1.9374,0.64566,0.026421,-0.032245,0.031775,-0.063951,0.38288,-0.60718,-1.0637,-0.45508,-0.48571,-1.1598,-0.64035,-0.683,-0.33379,0.49044,-0.77061,-0.61982,0.7999,-0.027319,-0.84843,0.84402,0.47259,0.10722,0.36421,-0.40649,0.88838,1.1145,-0.13513,0.84275,0.068181,0.48629,0.03524,-0.54639,-1.1005,-0.23409,-0.032464,-1.1655,0.23663,0.73747,-0.018378,0.52059,0.51633,-0.031665,0.014859,0.12241,0.42706,1.2695,-0.0052495,0.78684,-0.36783,0.52257,0.47914,-0.97249,-0.35283,-0.79149,-0.51341,0.1702,-1.7338,-1.1031,0.9587,1.102,1.8603,1.5235,0.69454,-0.096171,0.41879,0.49567,0.15727,0.951,1.1427,1.304,1.5688,0.93603,0.059226,0.93927,-0.012634,-0.46328,0.12105,-0.039548,0.56137,-0.83311,-0.24555,-1.22,-0.6814,-1.1308,-1.062,-0.8513,-0.92982,-0.53866,-0.21712,0.72491,-0.56237,-0.29397,-0.84852,0.59974,0.0964,0.51394,-0.69658,-0.084373,0.11914,-0.054106,0.12036,0.2212,-0.78617,-0.19948,-0.75811,-0.079101,-0.043049,-0.96426,-0.60197,-0.22216,-0.073885,-0.31044,0.26851,0.82866,1.7718,0.32618
0.96064,-0.34403,1.2073,0.90893,1.3416,0.28343,0.70024,0.95358,0.87641,0.30036,-1.7442,-0.045591,1.6399,0.24938,-0.87723,-0.21956,0.32772,0.54757,-0.044312,-0.42049,0.25078,0.24005,0.98738,-0.62009,0.54332,0.32479,-0.62461,0.17417,-0.4182,-0.062815,-0.61487,-1.2784,-0.26556,1.2342,0.26469,-0.4593,-0.59753,0.76562,0.44201,-0.15095,-0.97367,-1.3015,0.19,-0.012133,-0.4167,-0.78683,-0.52331,-0.31393,-1.3075,-0.28849,-1.0786,-0.81376,-0.4121,-1.0221,0.4361,0.29443,0.37716,0.69672,-0.332,-0.22302,-0.7337,0.94705,-0.83821,-0.47699,-0.22591,1.7042,0.13548,-0.34844,-0.42675,-0.047559,-1.0049,-0.085703,-0.40529,0.43214,0.4974,-0.99775,0.27727,0.14338,0.73155,0.77042,-0.28139,-0.5226,-0.21299,-1.5812,-1.9815,0.13261,0.17245,0.015922,-0.25977,-0.46823,0.21179,-0.27296,-2.7846,-1.7276,-0.56109,-0.064188,-0.54956,-0.20468,-0.053864,-0.11975,0.62988,0.29723,0.35197,-0.14671,0.65654,0.66233,1.0266,0.64138,-0.56627,0.095075,0.12287,0.074359,-0.12652,0.97206,0.14891,0.33186,0.14238,1.705,0.98114,1.0098,-0.43523,1.3544,1.1487,0.25121,0.049906,-0.090786,0.74901,-0.057998,0.3948,-0.27685,0.1672,-0.28,0.91808,-0.2182,0.26475,0.64647,0.12295,-0.05439,-0.21198,0.50027,0.5722,0.47341,0.012823,-0.028561,0.92818,-0.045985,-0.11823,0.77383,-0.042787,1.4465,0.408,-0.12621,1.208,0.33238,-0.054008,0.86224,-0.11345,-0.42498,0.50225,0.74649,-0.024172,-1.1664,-0.056174,0.070023,-0.060343,-0.81285,0.63954,-0.50221,-1.3326,-0.97116,-0.58547,0.40656,-0.79026,-0.92378,-0.31981,0.49074,-0.49966,-0.0080446,-0.53504,-0.38145,-0.29292,0.29516,1.0138,-0.38109,0.24277,0.53165,0.82634,0.065839,1.0368,-0.09161,0.2292,-0.48822,0.37051,0.67995,0.32625,0.68463,0.7389,0.74845,1.2005,1.1895,0.67734,0.43041,0.57284,-0.6975,-0.23855,-0.72116,0.1061,-0.544,-0.13465,-0.2184,-1.0945,-0.99237,0.71509,-0.80905,0.4276,-0.039526,-0.17996,0.1012,0.83114,0.32011,0.83151,0.30496,-0.085854,0.36809,0.61645,0.11088,-0.13259,1.1023,1.0256,0.66237,-0.21145,0.85362,1.1121,0.73034,1.1077,0.58833,0.46804,1.2802,1.5037,0.11279,0.040831,1.4348,0.98519,0.93559,0.31233,-0.32276,-0.18881,0.49468,-0.075662,0.71832,0.29684,0.056054,-0.27851,0.20226,1.4278,0.8493,1.0062,-0.086019,1.4046,0.8789,-1.4197,0.35969,-0.88316,-0.88297,-0.89398,1.5018,-0.3145,-0.097274,-0.63844,0.17219,-0.21026,0.17295,-0.80243,0.72743,-0.50107,0.042867,0.69444,0.13389,-0.013042,-0.10862,-0.63331,-0.1072,-0.46081,-0.90593,0.23326,-2.6808,-0.75243,-0.89913,-0.50887,0.36322,0.4316,0.10335,0.77164,0.21273,0.88777,1.4854,0.49866,0.2956,1.1309,0.86757,0.81193,0.74139,1.5118,-0.11008,-0.090937,0.20031,0.17126,0.83653,0.96252,0.092415,1.4058,2.5501,1.4482,0.73302,1.507,0.28834,0.53009,-0.85899,-0.27478,0.089643,0.24354,0.19492,0.57484,0.049157,-0.23609,0.24284,0.55297,0.2536,-0.42075,0.3738,0.74842,0.18388,0.96879,0.028441,1.035,0.0042134,0.33987,0.79564,1.7537,-0.78019,-0.27693,-1.2312,-0.98506,-1.114,-0.61989,0.42464,0.069957,-0.69203,-0.55239,-0.72048,-0.73579,-0.85242,-1.1088,-0.47611,-0.52907,-0.22716,-0.14253,0.23942,0.69793,-0.15207,-0.22522,1.2405,-0.025463,0.73577,2.0172,0.016728,0.42767,-0.085978,1.3148,0.72461,0.060517,-0.99687,-0.10711,0.74029,0.39525,0.56771,0.95009,-0.34787,0.01409,0.055936,-1.1775,-1.0162,-0.87498,0.23552,-0.60501,-0.0049297,-0.56517,0.78698,-0.16957,0.48747,0.412,0.063749,-0.020077,0.24968,-0.098014,-1.2912,-0.7772,-1.0736,-0.44833,-0.44288,-1.2141,-0.1367,0.23668,0.049205,0.074616,0.5318,-0.15742,-0.7105,1.4927,0.58567,-0.41746,-0.41441,-0.21033,-0.27587,0.90983,0.15901,-0.8289,-1.7809,-1.0837,0.21787,0.60257,-0.59429,-0.30934,-1.0441,-1.2793,-2.9915,-1.6787,-0.68707,-0.54794,1.0445,-0.15762,-0.49889,0.20135,0.21782,-0.065658,-0.65444,-0.38145,0.61719,0.16685,1.2959,-0.20809,0.52827,1.2463,-0.73477,-0.12603,0.50149,0.99842,0.082151,-0.29872,0.62134,-0.73668,-0.51445,-0.34441,-0.37111,-1.5904,-1.1197,-0.87042,-0.86888,-2.467,-1.4018,0.69416,-0.64586,-0.10364,-0.79922,-0.76402,-0.71795,-0.62519,-0.55773,0.49907,-0.12024,-1.8697,-2.1385,-2.3884,-2.1785,-0.99951,-1.2407,-0.91074,-0.7697,-1.2516,-1.3239,0.29435,-0.015499,0.021914,0.23673,0.057199,0.73097,0.29915,0.53082,0.37054,0.94713,0.45568,-0.050324,0.47773,-0.35774,-0.17888,-0.096149,0.072468,-0.10002,-0.22385,0.12909,0.33633,0.32966,0.16782,0.32238,-0.48669,0.37359,-1.4476,-0.82614,-0.50621,-0.45926,-0.33097,0.044006,-0.28288,-0.5339,-0.98961,0.090498,0.07689,0.56504,0.5239,0.38292,0.44524,-0.20165,-0.18732,-0.15222,0.99305,0.51733,0.86733,-0.11686,-0.43998,0.88314,-0.56989,-0.052539,-0.56197,0.63693,-0.13405,-0.54098,-0.67178,2.0524,0.072276,0.61017,1.8117,1.1994,1.2076,0.54339,1.7712,1.37,0.33396,0.96555,1.3531,1.3369,0.81885,-0.44321,-0.016677,-0.78074,-0.59687,-1.16,-0.3218,-0.058022,0.59882,0.7281,0.65033,0.91475,0.79772,0.39721,1.4177,1.896,0.22018,0.78683,1.286,0.80799,1.7537,0.76172,0.23824,0.414,0.96308,0.57547,-0.42841,0.38705,-0.14408,0.9722,0.92622,-1.192,-0.18034,0.86751,0.10501,0.039269,-0.12658,0.15443,-0.75074,0.21296,0.9182,0.47458,-0.40359,-0.38045,-0.16191,0.64655,-0.77802,-0.020282,-0.89132,-0.43544,-0.88539,0.18712,0.45172,-0.51676,-0.49593,0.01813,0.91408,-0.43045,-1.3324,-0.49587,-0.97061,-0.77631,-0.53709,-0.27299,-1.0333,-0.79961,-0.9954,0.36588,-0.32703,-1.2826,-0.57451,-0.27804,-0.64174,-1.6631,-0.78354,-0.58775,-1.3511,-1.2678,-1.4332,0.076273,-0.094204,-0.44535,-0.36303,-0.16476,-0.17214,0.23955,0.40331,-0.33225,0.78988,0.04066,-0.62249,0.014145,0.13162,0.46233,-0.85589,-0.7948,-0.4361,-0.25786,0.8635,0.11233,0.40176,-0.1631,0.36037,-0.022735,1.1733,-0.24954,-0.0038618,0.28625,0.046876,-1.3687,-1.8493,-1.3617,-0.57823,-1.0985,-0.39175,-1.081,-1.0217,-0.96963,-1.5318,-0.48016,-0.47757,-0.20641,-0.68702,-1.0982,0.89689,0.22124,-0.63333,1.3892,-0.10793,1.6953,0.99472,0.22855,1.1428,1.2052,0.68909,-1.2304,-0.67566,0.67916,0.51586,1.8955,0.10147,-0.10328,0.54845,-1.1501,-1.1449,-0.14421,0.35118,0.0029086,-0.76776,-1.2124,-0.5881,-0.11791,0.36191,-0.82884,-0.63779,0.41488,-0.15434,0.46877,-0.79242,0.27013,0.026151,-0.70916,0.18783,1.3206,0.15245,-1.1593,-0.3134,-0.77636,-1.0881,-1.4355,-1.3008,-1.3446,-0.93285,-0.96458,-0.4318,0.5484,0.35401,-0.40684,-0.63244,-0.60374,-0.73403,-1.2248,-0.066991,-0.73061,-0.60581,-0.22854,-1.4085,-1.403,-1.3392,-0.18688,-0.15029,-0.24271,0.88539,0.038706,0.1895,1.1735,1.4448,0.97399,0.67115,1.4146,0.51239,0.88516,0.19046,0.67972,0.40723,1.3989,-0.84778,-0.075129,0.23053,-0.3898,-1.122,-0.14076,0.48268,-0.74517,0.048563,-0.75328,0.10067,-1.8624,-1.4984,-1.3873,-0.58913,-0.74307,0.49165,0.033016,-0.72717,0.91364,1.3129,0.69879,0.36818,0.54427,0.24698,-1.5684,-0.35999,-1.2805,-0.79779,-0.81361,-1.7819,-0.05961,-1.4265,-1.5851,-1.9923,-1.3112,0.068835,-0.020217,-1.2558,0.45977,0.57871,1.156,0.46635,1.4017,0.027189,1.3358,0.38522,1.7644,1.5342,0.69296,1.9378,1.137,0.10384,0.49526,0.93376,0.55531,0.69306,-0.58725,-0.097857,-0.15608,-0.91942,-0.83855,-1.2787,0.60934,-0.11597,-0.61185,0.48691,1.5316,1.1685,1.2089,0.82366,1.0743,0.98393,0.86599,1.5557,-0.73729,0.34357,-1.2268,-0.60906,-0.18609,-1.0437,-0.48314,-0.83058,0.30427,0.38046,-0.58747,0.19786,0.16322,0.07897,0.29147,-0.97625,-0.31982,0.31365,-1.7696,-1.2669,-1.6127,-1.3836,-1.3721,-1.2772,-0.39558,0.055191,-0.24331,-1.3147,-1.8412,-0.56836,-2.1209,-1.3727,-1.5067,-0.51465,-1.3743,-1.9165,-1.3323,-0.61021,-0.70179,-1.5285,-1.2725,-0.75711,-1.3113,-0.20359,0.26731,0.66462,0.34339,0.52251,1.5308,0.33922,0.55975,0.80193,1.0019,-0.11476,0.43513,0.10911,1.0776,0.63285,0.09666,0.80542,-0.20706,0.79121,0.29275,0.11178,0.3651,0.079202,0.70703,0.73721,0.38378,0.030945,-0.062898,0.98167,0.13717,0.42272,0.91912,0.66266,-0.53762,1.1645,0.33784,1.0045,-0.23388,-0.40531,0.11622,0.66592,0.54719,0.04336,-0.1348,0.38589,0.78991,0.90935,-0.42,2.1097,0.28192,0.91422,-0.26579,-0.3836,-0.083005,-1.3411,0.36743,0.38494,1.2318,-0.20307,0.37212,-0.064006,0.79896,-0.053284,1.2354,0.22516,0.34949,0.24591,0.97495,1.2307,0.45331,0.1446,0.67832,0.18992,0.93043,0.2742,0.45924,0.30247,-0.27704,0.81431,1.3519,-0.46271,-0.86044,-0.75608,-0.31717,-1.0025,-1.1596,-0.74722,-0.60055,-0.85597,-0.17369,-0.72064,-0.17279,0.023788,0.5557,0.47383,-0.78357,0.37174,0.7527,0.64648,0.33078,1.2602,1.3428,0.73685,0.49561,-0.50868,1.2948,1.3575,-0.37192,0.96947,2.7278,0.98077,1.174,1.2747,1.4942,0.7139,0.35157,0.95857,0.52695,0.98365,-0.39836,0.22563,0.17841,0.97444,0.79556,-0.92745,-0.062794,0.32656,0.64053,-0.13843,-0.56278,-0.20795,0.37619,0.018341,0.13144,0.14279,-1.2479,-0.44082,-1.5571,0.23349,-0.76208,-0.15618,-1.0681,0.08976,-0.20522,-0.85931,0.20724,-1.1005,-0.75429,-0.66125,-1.5789,-2.3817,-0.72965,-0.56175,-0.30395,-0.30068,0.12305,0.98607,1.245,0.061901,1.355,0.72573,0.80147,0.46991,0.41336,1.7991,1.6643,0.43191,0.18076,0.93178,0.67891,0.23338,-0.85828,-0.86123,-0.20979,-0.0087924,-0.55582,-0.75463,-1.7127,-1.0273,-0.25232,-1.777,-2.3758,-0.99241,-0.59365,-1.3055,-0.87181,-0.54712,0.17982,-0.50336,0.47709,0.11992,0.60649,-0.12694,-0.15059,0.20491,0.46058,0.96873,-0.56818,0.1939,1.4891,1.8195,-0.43446,-0.54557,0.10399,-1.1394,0.63681,-0.96839,-1.1608,0.34648,0.35509,0.55712,-0.0094852,-0.14787,0.68293,0.57612,0.97776,1.2202,1.6342,2.2015,1.3032,1.1397,1.5426,1.0456,0.91638,0.06065,1.0696,-0.28095,-0.88664,-0.49862,0.091967,-0.41492,-0.10082,0.3785,0.30498,-0.64393,-0.51773,-0.12632,-0.10656,0.006986,-0.78004,0.24466,-0.6424,0.04671,-0.093071,-2.0749,-0.4193,-0.50628,-0.47045,-1.306,-1.1532,0.32719,-0.63469,-1.1153,-1.3502,-1.1688,-0.87034,-1.5658,-1.5416,-1.2813,0.71842,0.75846,-1.4291,0.67485,1.4704,-0.26841,0.71613,0.96079,0.81925,0.62244,0.98726,0.8,1.0171,0.89718,0.31757,0.78608,0.023291,0.25545,0.021684,-0.29502,-0.33693,-1.4563,-0.16096,-0.30935,-1.9307,-2.054,-0.92457,-2.4238,-0.43649,-2.0448,-1.0364,-1.3745,-1.3508,-0.22526,-0.66171,0.20664,0.51954,0.69319,-0.2787,1.1266,1.315,0.9913,1.3986,0.98905,1.6488,0.67128,1.7492,1.4039,0.10569,1.0774,0.31836,1.4495,1.1369,0.52541,1.0041,0.79203,1.271,0.23923,0.62309,1.3184,0.63957,-0.65428
0.32744,0.89571,0.88216,0.54357,-0.20604,0.34833,0.92837,0.60498,0.46258,0.88526,0.085838,0.021007,0.50276,-0.23695,-0.48781,0.3601,0.40736,1.174,0.87431,0.083842,0.37174,0.020706,0.83528,0.62187,0.17601,0.52695,0.57962,0.11914,0.14828,0.098796,0.50074,0.58144,0.88066,1.2476,0.72189,-0.16897,1.0254,0.43751,0.44832,0.13275,-0.027628,-0.62282,0.27681,-0.014226,-0.49673,0.24291,-0.81114,1.0289,0.50892,0.60877,0.36777,-0.54041,1.1072,0.8464,0.38576,-0.21937,0.16123,-0.049171,0.67573,-0.20295,0.77986,0.25802,0.4405,1.0005,-0.11722,0.13561,0.22575,-0.45428,-0.64901,0.010123,-0.26574,-0.29252,0.39207,0.032982,0.21387,0.83903,0.32631,-0.092848,-0.037842,1.6001,-0.15745,1.7429,1.6698,0.7235,0.59805,0.67164,0.41147,0.46451,-0.83362,0.30808,-0.17825,-0.47881,-0.7749,-1.3474,0.27328,0.076529,-0.35837,-0.048025,-0.62277,0.022704,0.64382,0.079692,-0.18939,-0.49382,0.28325,-0.098269,-0.82759,-0.93578,-0.036443,0.2382,-0.94715,0.2421,0.44848,0.70714,0.19924,0.39171,1.6685,0.38397,0.1789,-0.62429,-0.23161,0.58865,0.65731,-0.15518,-0.59002,0.5207,0.45646,0.24268,0.48135,0.20225,1.0439,0.42335,0.5491,0.044196,0.56049,0.10046,1.2318,-0.343,-0.73834,-0.20714,-0.70551,0.58146,0.88305,0.028361,-0.013717,0.056813,0.43331,0.60543,0.57407,-0.064166,0.85782,0.19183,0.67353,-0.27912,1.27,0.13838,-0.066477,0.50685,0.54193,0.82548,0.20028,0.17408,-0.010848,-0.11357,-0.34247,0.13338,-0.53048,-0.10519,-0.73579,-0.87741,-0.78243,-0.71912,-1.4262,-1.2842,-0.48938,-0.65207,-0.68231,-0.56633,-0.13184,0.51085,-0.32547,0.015183,-0.40441,-0.74518,-0.44664,-0.13108,-0.16831,-0.34075,-0.045025,0.55934,1.004,0.80726,0.42424,0.66508,0.72862,-0.33744,1.3008,0.1873,1.019,1.3002,0.053693,-0.15949,-0.85463,0.19485,0.68987,0.81963,1.092,-0.31039,-0.88645,-1.3272,0.086653,-0.57886,-0.095275,-0.89888,-1.2656,0.76346,-0.92063,0.11,-0.56832,-0.058046,-0.58322,0.22084,-0.94083,-0.11242,-0.67293,-0.5402,0.34012,0.46032,-0.19951,-0.42599,-0.085973,-0.079222,-0.16166,-0.4415,-0.19974,-0.02209,1.4581,0.64257,0.58787,0.35633,0.20227,0.77217,0.2922,0.53531,-0.3269,0.092648,-0.53187,-1.3841,-1.1602,-0.58499,-0.69263,-0.54487,0.3321,-0.12569,0.82639,-0.55004,0.42461,0.55878,-0.055743,1.0211,0.6483,0.5868,0.20686,-0.19079,-0.3956,0.63606,-0.73913,-0.54941,0.32361,0.19,0.037033,-0.31922,-0.80383,-0.7405,-0.025064,-0.35092,0.26731,-1.6339,-0.37963,-0.78114,0.55936,-0.13887,-0.44596,-0.86971,-1.1283,-0.2931,-1.2852,0.01422,0.024395,0.44306,-0.28691,-0.64686,0.10865,0.62092,0.93255,-0.10508,0.26082,0.1772,-0.03137,0.27644,0.74599,-0.52329,0.78523,-0.0059311,0.093337,-0.24652,-0.79214,0.099747,0.32655,0.30411,0.35519,0.42424,0.83647,0.84655,0.66606,0.44666,-0.12353,0.11499,0.57833,0.82972,0.45783,-0.20734,0.35593,-0.29922,-1.4301,-0.011979,-0.3696,0.29354,0.087244,1.3624,-0.2093,0.10929,0.31895,0.2506,-0.15292,0.68094,0.10427,-0.32512,-0.35102,-0.49587,0.26705,0.75501,-0.079381,0.46503,-0.8715,-0.33829,0.60413,1.048,-0.15888,0.39576,-0.069595,0.45572,0.32324,-0.53601,-0.45157,-1.5539,-1.0039,0.026763,0.010374,0.48457,0.30387,0.99348,-0.42467,0.10717,0.61976,0.38127,0.26867,-0.50972,0.34358,-0.71881,-0.11053,0.21737,0.70942,0.21236,-0.25862,0.14424,0.29311,-0.36218,0.43644,0.082481,0.44048,-0.21201,0.12621,-0.28211,-0.43424,-0.86732,-0.12436,0.73398,-0.92303,0.45717,0.12747,-0.57104,-0.4954,-0.21822,0.71369,0.9334,0.741,-0.38621,-0.21569,-0.68516,-0.51983,-0.44022,0.58435,-0.24884,0.15665,-0.46171,0.0019444,1.194,0.88162,0.46165,-0.32328,-0.36508,-0.14031,0.070669,-0.4403,-0.1146,-0.30209,0.89045,-0.36962,-0.3808,0.45138,0.21875,1.2635,-0.72872,0.099594,0.47665,-0.14933,0.41267,0.034384,0.77405,0.23599,-0.81943,-1.0686,-0.0075506,-0.68803,-0.63322,-0.43248,0.2494,0.96734,-0.088749,0.24211,-0.12791,0.048779,0.19973,0.55717,0.62644,0.61649,-0.29116,0.11815,0.47074,1.047,-0.77675,-0.097348,-0.087655,0.99077,0.73483,-0.14705,-0.72731,0.11759,-0.99029,0.15467,-0.40266,-0.62333,-1.1675,-0.078795,0.52443,-1.1688,0.5265,-0.028432,0.91889,0.059132,1.1623,-0.031696,-0.53596,0.15509,-0.81489,-0.33679,-0.86996,-1.2792,-0.90239,-0.39433,-0.51426,-0.46358,-0.52203,0.99358,0.49803,0.12959,0.54758,0.38079,0.8218,0.21959,0.74768,-0.15962,0.27769,-0.22383,-0.45774,0.44304,-0.81207,-0.53607,-0.36042,0.21483,0.6317,0.023032,0.035971,1.074,0.48497,0.2965,-0.43666,-1.4244,-0.26188,-0.070445,-0.64905,-0.74293,-0.50774,0.2351,-0.71556,0.0037613,-0.93359,0.19133,-0.51251,0.81856,-0.15034,-0.43551,-0.030309,0.70673,0.3354,0.49579,0.13721,0.48855,0.69527,1.2938,0.018256,0.48951,0.76718,0.25305,-0.03898,-0.023775,-0.22425,-0.64723,-1.5826,0.58495,-0.17942,0.06738,0.14849,-0.0049377,0.2067,-0.23339,0.80377,0.19709,-0.5839,-1.5892,-1.0395,0.083851,-0.20684,0.5679,-0.15359,-0.44696,0.95192,0.31679,0.50612,0.23928,-0.81687,-0.29942,-0.31733,-0.9176,-0.27517,-0.447,-0.14923,0.27418,-0.063215,-0.81094,-0.25516,-0.21469,0.14873,0.51497,-0.50348,0.96243,0.31126,1.1275,0.48361,-0.83485,-0.1808,-0.43457,-0.31433,0.22837,-0.63122,-0.65977,-0.18791,-0.28518,-0.20116,-0.56422,-1.4093,-1.4711,-0.89333,-0.54074,-0.15327,-1.5576,-1.1807,-1.1091,-0.67821,-0.2044,-0.86247,-0.27108,-1.5322,-0.089128,-0.66144,-0.18267,0.41446,-0.16529,-0.49586,-0.022443,-0.61667,-1.7967,-0.83198,-0.027659,-0.31585,-0.16041,0.37966,-0.44544,-1.3469,0.53779,-0.45914,0.29951,-0.22869,-1.0959,-0.67794,-0.42169,0.29258,-0.53164,-1.5661,-0.28001,0.12092,-0.51528,0.45566,0.25228,-0.35476,-0.18377,0.59505,-0.50691,-0.38996,-0.65797,-1.1131,0.32554,0.37202,-0.71901,-0.12543,-0.13098,0.41045,-0.25637,-0.90711,-0.4335,-0.54259,-0.61455,0.35876,0.73053,0.35766,-0.77597,-0.91072,0.20868,-0.25382,-0.39192,0.32444,0.20906,-0.57723,0.2937,0.50338,0.061572,-0.76929,-0.41545,-0.55099,-1.9168,-0.44007,0.74823,0.15889,-0.2595,-1.2284,-0.72266,-1.0446,-0.32492,0.69363,-0.1289,-0.44724,1.6382,0.50453,1.8566,0.87056,0.06396,1.1048,1.0921,1.2441,-0.3808,-0.73697,0.16603,-0.17756,-0.31354,-0.26653,-0.067667,0.28412,-0.83715,-0.40153,-0.97128,-1.3527,-0.71297,-1.8006,-0.51206,-0.43808,1.0236,-0.95308,-0.23378,0.01844,0.069029,-1.2912,0.81139,-0.77629,0.32426,-0.41581,-0.72959,-0.53551,1.0438,-0.13671,-0.40166,-1.2059,-1.0536,-0.53384,-1.4745,0.53414,0.26017,-0.53091,0.080529,-0.071565,0.056861,-0.7741,-0.097761,-0.65456,-0.52791,-0.97402,-1.0119,-1.008,-0.63661,-0.73997,-0.48423,0.31629,-0.59129,0.61166,0.57652,1.0465,0.15522,0.11564,0.72932,1.1236,0.8162,0.70567,0.18784,0.28013,-0.48447,1.0498,-0.28861,0.11302,-0.51764,0.49254,0.12029,0.42236,-0.9834,-0.8506,-0.38648,0.063131,0.14175,-1.7873,-1.226,-1.0444,-1.5392,-0.27057,-0.91452,-0.34157,-0.82814,0.41931,0.17468,0.70275,0.22136,-0.29457,0.5384,-0.62016,0.79551,-0.67242,-0.83575,-0.94929,-1.7701,-0.60713,-0.13573,0.046606,-0.99215,-0.045403,0.13488,-0.98402,0.39186,0.18396,-0.18528,-0.44595,0.53833,0.57352,1.1511,0.65037,0.6507,0.24626,0.60956,0.63641,0.8621,1.4318,0.63437,1.0287,0.30838,1.1379,-0.11598,0.19151,0.82069,0.13566,-0.67028,-0.51831,-0.20219,-0.62786,0.27599,-0.24106,0.23076,0.47878,-0.13416,1.0232,0.15447,-0.10636,0.80546,-0.10383,0.019951,-0.39914,0.60361,0.58319,-0.11364,0.082141,0.028895,-0.27123,-0.36745,-0.25754,-0.64076,0.3166,0.4832,0.4362,0.64699,0.15496,0.95276,0.44091,0.61109,1.1007,-0.65754,0.70878,0.082445,-1.0123,0.17981,-1.0214,-0.65531,-0.011336,-0.54677,-0.75129,-0.18926,-0.89919,-0.8125,-0.3703,-0.64131,-0.80942,-0.68868,-0.6861,-1.2195,0.37942,-1.0177,-0.64514,-0.62185,-0.61808,0.21488,0.52083,0.23399,-0.091136,-0.13407,-0.32809,0.69703,0.5169,0.77747,0.39722,0.17957,0.39616,-0.33848,0.05273,-0.68015,-0.15838,-0.27054,-0.25455,-0.20831,-0.31614,-1.4509,-0.3257,-0.25089,0.70743,-0.24991,0.27014,0.0041756,0.068612,-0.30493,-0.090476,-0.0023151,0.10871,-0.52904,-0.35326,0.42987,0.49659,-0.80752,-0.51519,-1.3842,-0.86902,-0.1969,-1.0305,-0.55984,-0.43289,-0.45643,-0.67423,0.13985,-0.3917,0.22301,-0.09266,0.53076,0.80753,1.2768,-0.33177,-0.40976,-0.66285,-0.84396,-1.1825,-1.0575,-0.86908,0.27953,0.77363,1.5251,0.34146,-0.53971,-0.37474,0.55932,-0.18648,0.60533,-1.3873,-0.00022974,0.36683,1.2949,-0.34532,-1.3673,-0.95555,0.95875,0.68958,0.46078,-0.022834,-0.72337,0.75542,-0.034692,-0.10559,-0.27067,-1.2226,0.27324,-0.73223,-0.35993,-0.7622,-1.1799,-0.43063,-0.57887,-1.1013,-0.43785,-0.31924,-0.51752,0.32565,0.24935,0.6448,0.60154,0.70743,1.2648,1.1677,0.46888,0.52762,-0.13024,0.59099,-0.48285,1.4633,0.4748,0.46772,0.78828,1.0745,1.6046,0.67593,0.98577,-1.1384,-1.1719,-0.030928,-0.29346,-0.904,-1.1956,-0.67948,-1.7251,-1.3058,-0.14024,-1.7595,-0.61648,-0.08304,0.38434,0.88656,0.064123,-0.63586,0.97593,1.263,0.36944,0.66148,-1.1542,0.27451,-0.55862,-0.32614,0.0042022,0.82063,-0.11267,-0.12003,-0.0083738,0.077207,-0.3492,0.39019,-0.64947,0.55392,0.12395,0.071851,-1.0759,-1.0543,-0.089585,-0.60762,0.08759,1.5694,-0.41941,-0.008254,0.37968,0.12821,0.22682,0.32288,0.4901,1.1398,0.99642,0.09834,1.0814,0.20632,-0.33084,0.36903,-0.48715,-0.86933,-0.051211,0.76145,-0.84324,0.25328,-0.4675,0.0013937,0.77714,0.7275,0.35482,0.16989,-0.086475,-0.6564,-0.02445,-0.09215,-0.13339,0.54706,-0.031131,0.13565,0.58939,1.4609,1.4863,0.79612,-0.29775,1.7603,0.88568,-0.00012223,1.2996,1.1934,0.20333,0.67511,-0.18036,-0.35814,-0.066038,-1.2594,0.067905,-0.41442,-0.28019,0.65827,0.19532,0.014949,0.036914,0.47782,0.62591,0.30955,1.5717,0.54486,1.2453,0.37991,1.2892,0.56631,-0.23417,1.4411,0.55388,0.84425,1.0789,-0.085213,0.12388,0.75793,0.27921,0.79899,0.22398,-0.43038,0.24374,-0.23609,-0.8069,-0.022226,0.34353,1.2734,0.70416,0.059177,0.41554,0.59688,0.26461,-0.85627,-0.76561,-0.2151,-0.97222,-0.77348,0.31717,-0.40087,-0.037883,-0.74457,0.21305,-0.03836,-0.94791,-0.32821,0.58407,0.97759,0.94822,1.0157,1.1218,1.2266,0.91213,1.0114,0.73236,-0.22947,1.7338,1.3029,0.96414,0.44149,1.3514,1.5272,1.1879,0.10707,-0.15073,-0.077267,-0.6476,-0.353,-0.83487,-0.29362,0.95535,-0.72882,-0.63588,-0.38627,-0.44946,-0.3219,-0.57638,-1.4678,-0.39732,-0.61196,-0.12667,0.64513,0.66362,0.27147,-0.10093,0.72322,0.51053,0.13133,0.34292,0.055843,0.1977,0.57963,0.0072687,0.3803,-0.2105,1.1585,0.98763,0.79587,0.14908,0.10435,1.8251,1.8034,0.98282,0.43388,0.60851
0.321,0.45064,1.1382,0.44183,0.965,-0.53145,0.15583,0.82654,0.76857,-0.34458,-0.03124,0.74617,1.4402,-0.59211,0.49477,1.1928,0.56691,0.083111,-0.042962,-0.4359,-0.66057,-0.55494,-0.27316,0.7778,-0.24944,-0.29623,0.067455,-0.44557,-0.33239,-0.50293,-0.74331,-0.83904,-0.68904,0.043769,-0.61219,0.27298,0.44295,-0.64516,0.42335,0.73723,0.50347,-0.092254,-0.26983,0.22084,1.2675,0.21434,0.65451,-0.58217,0.53191,-0.23248,-0.6604,-0.30247,-0.96375,-1.0482,-1.5577,-1.4289,0.15629,-0.79939,-1.4513,-0.95245,-0.39646,0.59019,0.16631,-0.42866,-0.45071,-0.53194,0.23391,0.39769,-0.65493,-1.2075,0.072988,-0.047017,0.27593,0.89382,0.043081,0.074483,0.21921,0.2906,1.7942,0.75618,0.56846,0.80014,0.11516,0.60162,-0.99094,0.11193,1.1322,0.52028,1.2275,0.91141,1.705,2.1211,0.59966,1.1653,-0.16716,-1.0061,-0.039324,0.13728,0.28318,-0.28407,-1.1775,-1.2635,0.026964,-0.38483,0.21055,0.010136,1.0663,0.7456,1.6962,0.22207,0.053927,0.2247,0.56022,0.58117,0.69237,-0.76152,-1.1807,0.074388,0.0063469,0.58337,-0.28052,-0.46431,-0.56923,0.41599,-0.0045695,0.031471,-0.11909,0.37166,0.058123,-0.37747,-0.80812,-0.73829,0.2549,0.18203,0.49426,0.16597,0.41276,-0.14508,0.40189,-0.47478,-0.54912,-0.98391,-0.93945,-1.6698,-0.70951,-1.6068,-1.1432,-1.2589,-0.8706,-1.4281,-0.49994,-0.76687,-0.27121,-0.57664,-0.62993,-0.59339,-0.93873,-0.72795,-2.1878,-2.4422,-1.2285,-1.4568,-0.94419,-0.56271,-1.8062,-0.41654,-0.49589,0.070099,0.57816,0.066371,0.72988,0.22262,0.94718,0.58277,-0.5507,-0.61703,0.088965,-0.04119,-0.50082,-1.1923,-1.2739,-0.80473,0.36427,0.36057,-1.0633,0.57198,-0.017818,0.80434,0.25888,-0.0098036,0.89008,0.44162,0.53134,0.027135,-1.194,-0.43321,-0.58006,-0.067698,-0.57798,-0.17147,1.018,1.129,0.17767,0.68179,0.091689,-0.28618,0.4284,0.50929,-0.14166,0.417,-0.20714,0.4277,0.32812,1.1352,0.44948,0.88811,-0.22065,0.23565,1.281,1.2997,0.08277,-0.94626,0.24544,0.39426,0.78026,0.63716,-0.01997,0.099309,0.37119,0.36308,1.249,0.13026,0.59874,0.17571,0.99344,0.5104,0.040568,1.308,0.62035,0.8892,0.91081,1.3133,-0.77403,0.6144,0.26235,0.28919,-0.46748,-0.25169,0.84222,1.0563,1.1021,0.56005,-0.63829,0.69231,1.4446,2.4313,1.5966,0.68386,0.84312,1.2577,1.1453,0.4403,1.3455,-1.1574,-0.14162,0.22005,1.5347,0.6555,1.3205,-0.71227,0.14917,0.82378,0.94407,0.5996,0.33444,-0.15274,0.60613,0.72556,-0.1356,0.47423,0.23492,-0.87068,-0.083727,1.0207,0.68975,0.22961,-0.33936,-1.0166,-1.3208,-0.56314,-0.24329,-0.27342,-0.78324,-1.4694,0.28811,-0.7357,-0.0051085,-0.31199,-0.70897,-0.67263,0.19106,0.53646,0.17055,-0.64976,-0.081293,0.53987,1.4772,0.46637,-0.49978,-0.57108,-0.94427,-0.67288,-0.50735,-1.2318,-0.025507,-0.25232,-0.74478,0.14885,-0.12007,-0.015447,-0.6664,-0.12129,-0.21647,-0.24683,-0.26468,-0.34557,0.2426,0.75653,0.35943,-0.35566,-0.053322,0.97123,1.5306,1.1545,-0.13428,0.053982,0.4371,1.9586,-0.73831,-1.2012,-0.81563,-1.2234,0.43896,-1.3649,0.35189,0.49837,0.77452,0.97048,1.0631,-0.55863,-1.0931,-0.55293,0.23867,-0.039818,0.35881,0.69073,1.1643,1.6451,0.63967,1.9217,0.066849,0.49039,0.40855,0.38567,-0.39097,0.35428,-0.44856,-0.9975,-0.79416,0.96442,0.98808,0.24526,0.56479,1.2365,1.6978,0.86494,0.34325,-0.45662,-0.57964,-0.99377,-0.7662,0.24578,-0.40927,0.038764,0.16987,0.3345,-0.74959,-0.8665,1.0297,1.8774,0.21447,-0.42586,0.37653,0.35997,-0.93324,-1.2485,-0.31698,-1.0362,-0.60151,0.5772,0.87034,0.45803,0.17114,0.95412,0.29265,1.0493,0.95237,0.97912,-0.97866,0.66042,1.1484,1.4765,0.37475,0.68152,1.1291,0.19886,0.12751,-0.22594,0.68399,0.83378,1.6713,1.0717,0.2535,1.1985,1.0636,0.4376,-1.2213,-1.4453,-1.6805,-1.9902,-0.36024,-0.75233,-0.23794,-0.51644,-0.51129,-0.31283,-0.46055,0.058084,-1.2297,-0.80621,-0.30211,-0.77351,-0.21485,-0.8021,-1.2231,-0.71004,-0.68682,-0.85628,-0.010606,-0.78812,-1.2935,-0.80716,-1.9863,-0.96305,-1.9001,-1.9185,-0.65898,-1.6509,-0.87813,-0.1933,-0.4035,-0.25452,-0.084268,-0.99638,-0.40102,0.3005,0.73348,-0.29118,-0.61617,-0.98561,-0.26755,0.30244,-1.0374,-0.29561,-0.10626,-0.32955,0.10357,0.35067,1.1911,0.78638,1.2332,1.4825,0.98337,1.6784,1.1239,0.52375,0.46424,1.2108,0.06023,0.084246,0.096054,1.1779,1.5661,0.68651,0.40235,1.0061,1.511,1.9479,2.1405,0.76112,1.0976,1.0491,1.3179,0.31183,0.73628,-0.10209,0.27612,0.93531,0.7397,-0.3858,0.63575,1.1136,0.3436,0.48979,-0.60219,-0.4254,-0.097953,0.46074,0.21405,-0.12688,-1.0788,-0.42315,0.24694,0.45261,-0.14939,-0.42057,-0.031512,0.50124,0.03758,-0.18729,-0.54721,-0.7864,0.45583,0.18625,0.52605,0.24409,0.47371,1.2635,0.32452,1.7173,0.555,0.0139,0.97941,0.91725,0.99904,-0.18042,-0.75019,0.45654,0.54049,0.59968,1.7055,0.075358,0.098959,0.61022,-0.33676,1.1611,0.045694,-1.034,-1.5041,-1.267,-0.098552,0.096566,-0.19536,-0.73456,-0.45081,-0.40565,-0.3941,-0.22643,-1.2458,-0.042098,0.35964,0.16162,-0.19943,-0.17888,0.25924,-0.39875,0.81408,-0.0036289,-0.68375,0.25208,0.22033,0.5625,0.71692,-0.43331,-0.52596,0.71148,0.2545,-0.40257,-0.85387,-1.1627,-0.99948,-1.2932,-0.65501,-0.40804,-1.702,-0.7094,-0.072849,0.39394,-0.65057,-0.64907,-0.3705,0.31608,-0.25674,-0.87312,-0.69485,-1.0704,0.019572,-1.3271,-0.058073,-1.1841,-1.8393,-0.49202,-0.472,-1.0813,-0.45852,-1.7564,-1.028,-1.5429,-0.92945,-1.0635,-1.3742,-2.7712,-1.9933,-2.2391,-0.63729,-2.0384,-1.0627,-1.6944,-0.88079,-0.60788,-1.5987,-1.4132,-1.4284,-1.2815,-1.3458,-1.7702,-1.0489,-2.1987,-1.8973,-0.89251,-1.5468,-0.5355,-0.81147,-0.72441,-0.77912,-0.38764,-1.6015,-1.5339,-2.6491,-0.73299,-1.1829,-1.2017,-2.999,-0.37004,-0.61453,-0.22628,-0.95851,-2.8482,-3.6079,-2.6197,-2.4146,-2.544,-2.3267,-1.6297,-1.1779,-0.47438,-1.5678,-1.6786,-2.1637,-1.7966,-1.1396,-1.3081,-1.2493,-1.6508,0.7388,-0.17015,0.20244,-0.0081122,0.13263,0.22178,0.44645,0.34401,0.82475,-1.1425,0.25042,0.31361,-0.95406,-0.42759,-0.95573,-1.1348,0.74507,0.58621,-0.20335,-1.5479,-1.2047,-1.2125,-0.3184,-1.4042,-0.44498,-1.3772,-1.259,0.67206,-0.17792,1.6447,0.092433,0.13414,0.4622,-0.30755,-0.77702,-1.2309,-1.1224,0.55546,0.32029,0.27745,0.29277,-0.056239,1.1702,0.28493,-0.70049,-0.7784,-0.10947,0.3872,-0.26169,0.67349,-0.10666,1.1924,0.71963,0.90568,-1.2098,-1.6454,-1.4413,0.47937,-0.31733,-0.16891,0.0046409,0.44792,1.5584,0.97917,1.1005,0.3583,0.4269,0.24101,-0.8375,-1.1234,-1.0008,-0.65978,-0.43368,0.61744,0.36861,-0.083489,0.37916,0.43264,1.0801,0.78795,0.54284,0.30851,0.63545,0.098396,-0.3177,-0.95912,-0.4637,-0.18512,0.43886,0.93505,1.2607,0.50505,-0.56921,0.68823,-0.062847,0.82544,0.75925,1.5274,0.90514,1.3328,1.7127,1.3929,0.55415,1.546,0.96006,0.36466,0.50989,-0.6533,-0.62951,0.23571,0.70352,-0.31689,-0.073781,-0.13684,0.080548,-0.24604,-0.47236,-1.692,-1.2053,0.0014015,0.06541,0.40607,0.67037,0.044354,1.4372,2.4207,1.7272,-0.40988,1.4614,1.8364,2.105,2.4844,1.1237,0.65568,0.91608,0.65887,-1.3464,-0.27559,0.013706,-0.13771,1.0402,0.44279,0.19114,0.57443,1.061,0.59946,0.88336,0.74275,-0.80482,0.41194,0.22823,0.98226,0.3756,0.65465,0.59696,1.2606,1.0286,1.3772,-0.38322,0.7977,0.66839,1.3081,1.0366,1.6015,1.6832,1.6601,0.99299,0.18123,0.34976,1.1587,1.2023,1.0316,0.18401,0.32868,1.0054,-0.92401,0.16171,0.17903,0.24469,0.66088,0.27186,0.77838,0.15941,-0.2969,-0.19545,0.30707,-0.87702,0.093234,-0.7966,0.99671,0.33235,0.84741,0.31856,0.44037,0.85166,1.5286,1.6558,-0.0033478,1.6732,2.3498,0.10852,-0.18994,-0.51445,-0.26505,0.28231,0.73924,-0.24199,-0.22777,-0.76062,0.67861,0.70612,-0.64434,0.066883,-0.059321,0.18317,0.10067,-0.45782,-0.28506,0.17844,0.7711,0.72517,0.35345,-0.039824,0.27731,0.44749,-0.082303,-1.0539,0.51023,0.33005,0.69138,0.38972,-0.4484,0.97641,-0.34221,-0.13662,-0.89771,-0.65434,-0.058572,0.32161,-0.15008,0.21592,-0.17224,1.1686,0.78695,1.2269,1.6634,0.30362,1.3462,1.6139,2.1218,0.24786,-0.020049,1.825,1.8736,1.7662,0.79617,1.2493,1.3999,2.6135,2.2661,0.63311,0.5724,-0.18835,1.1437,2.8465,2.2736,1.1928,1.4402,2.1537,2.3592,1.3991,0.68824,0.93845,2.7019,2.8537,2.2667,0.038028,0.33116,1.5419,0.78073,0.13776,0.27696,0.32961,0.86081,0.37876,0.84252,0.69726,0.42858,0.061049,0.54128,1.6066,1.8777,1.8818,0.72984,1.4107,1.7456,1.1245,1.3406,0.63708,1.4108,1.5191,1.0754,0.99906,1.1904,0.98623,1.6233,1.5616,1.9364,1.583,2.1169,2.0226,2.004,2.2163,1.7269,1.2544,0.50301,0.70801,1.4805,0.71043,-1.1473,-0.40923,-0.589,-0.21344,1.0362,0.91428,1.3242,1.7502,1.4064,1.7173,1.8593,1.1163,1.0759,0.70764,0.88012,0.2713,-0.28213,-0.61705,-0.60351,0.73324,0.91242,1.8207,-0.26103,-0.20917,1.4174,0.57288,0.27521,0.060975,-0.25039,-0.69909,-0.077112,-1.0968,-1.9218,-2.0807,-1.5917,-0.097956,0.20311,0.27284,-1.1866,-0.84204,-0.34944,-0.030309,-0.66874,-0.51774,-1.2752,-1.0888,-0.13245,-0.2776,-0.54317,-1.7438,-1.2413,-0.72285,-0.47853,-1.0416,-1.114,-1.4586,-2.2262,-1.7287,-1.0102,-1.3877,-0.72072,-1.7243,-1.1696,-2.0856,-2.6156,-1.8211,-1.5965,-0.40379,-0.8406,-1.7093,-1.0464,-0.65069,-0.88035,-1.0368,-2.3073,-1.6608,-1.8377,-1.2949,-0.89949,-0.72438,-1.6597,-1.1523,-1.4202,-0.43096,-1.4581,-1.3529,-1.4982,-1.0506,0.40547,0.57557,0.22417,0.1465,0.35442,0.4013,0.24118,-0.69578,-0.72347,-0.68716,0.10091,-1.0793,-0.85195,-0.46401,-0.71792,-0.68633,-0.20068,-1.2169,-1.9508,-1.7029,-1.4718,-1.6787,-1.4142,-0.84553,-1.1143,0.59107,-0.65499,-1.0135,-1.0703,-0.73654,-0.30017,-0.55389,-1.0893,-0.059993,-0.10139,-0.35105,-0.5331,-0.83715,-1.0976,-0.59294,-0.29234,0.66188,0.90375,-0.59091,-0.072901,-0.36433,-0.7669,-1.2732,-1.0006,-1.7903,-1.5264,0.30064,0.17576,0.63321,0.2321,-0.17187,0.19246,0.0087128,0.62602,-0.079241,-0.32534,0.22716,0.78785,1.1957,0.20891,-0.32704,0.23024,0.27453,0.36743,-1.2517,-0.96245,-1.2874,-1.4299,-0.35805,-1.4827,-0.65524,-1.0775,-0.29175,-1.2963,-2.1533,-2.8016,-0.83741,-1.053,-1.5744,-1.2249,-1.2007,0.89598,1.0698,0.36603,0.49709,0.54648,1.119,2.4067,1.2502,-0.53756,0.5284,0.32644,1.2772,1.3923,0.38142,-0.53245,0.38106,0.62248,1.4792,1.178,-0.012597,0.13906,-0.29511,1.2343,0.36136,0.30939,0.54589,-0.73948,0.089639
0.0007812,0.80254,1.798,1.1314,1.1785,0.6733,0.3827,1.2969,1.4671,1.2793,1.1254,2.1607,2.7724,2.2413,2.5062,1.9804,0.32835,1.9229,2.2799,2.2228,1.7916,2.5899,2.2484,2.2957,2.5213,2.6801,2.46,1.9931,2.5237,1.9133,2.9832,1.4946,1.9971,2.2561,1.2515,2.1127,1.7406,1.9644,1.9462,2.2682,2.2016,1.4632,1.9121,2.0626,3.193,2.2139,2.0103,2.4948,1.6326,1.3747,1.9328,2.8118,1.1792,1.4649,1.6978,2.1903,2.6901,1.905,1.1832,1.852,2.0983,1.9137,1.1195,0.7136,0.65593,0.60285,1.4802,0.98019,0.71569,0.40753,1.1984,1.0532,0.98341,0.49415,-0.081281,0.70286,0.87331,0.096292,0.24244,0.54024,0.23774,-0.29235,-0.3083,0.83153,0.11761,1.6292,0.68723,1.1163,-0.01031,0.01406,0.35227,0.21692,-1.4099,0.29366,-0.67383,0.038006,1.1218,0.9983,0.3988,1.9828,2.3173,1.8209,2.6113,1.4127,0.9159,0.86745,-0.20019,0.97336,1.5737,-0.25677,-1.087,0.12232,0.45106,0.15719,-0.27483,-0.87284,-0.44989,1.2833,0.93062,0.96201,0.13654,-0.45354,0.64703,0.19371,0.4732,0.60439,0.27473,0.69406,-0.25561,-0.40799,-0.68853,0.090755,0.57333,-0.2781,-0.65886,-0.56822,-1.1117,-0.80442,-0.18383,-0.16432,-0.42467,-0.2204,-0.6423,-0.18247,0.23203,0.037403,0.16485,0.29352,1.0588,0.63894,1.6665,1.4308,1.74,0.57891,0.89945,0.41088,0.6406,0.77909,0.80588,0.43719,0.37545,-0.38736,-1.8717,-2.4256,-2.5745,-1.9983,-1.5536,-0.94907,-0.70929,-0.91141,-0.0039065,-0.20067,0.33437,-0.17465,-0.56793,-1.1897,-0.35652,-1.2194,-0.72746,-0.26886,0.45961,0.9807,0.94647,0.35098,0.60811,1.1507,0.78052,1.6759,-0.015196,0.017913,-0.37388,-0.43288,0.39509,0.36252,0.3443,0.59122,0.82414,0.89888,0.84077,0.28063,-0.71677,-2.1824,-1.9129,-1.9499,-2.2045,-2.1943,-1.386,-0.93077,-1.6507,-1.3953,-1.7082,-2.6961,-1.7308,-2.3941,-2.9161,-1.8434,-2.5972,-2.3589,-1.9234,-1.9394,-1.5119,-1.8911,-1.1206,-1.4885,-0.84194,-0.67566,-0.069763,-0.97386,-0.35106,-0.85175,-0.69428,-0.66233,-0.49039,-0.57844,-0.88865,-1.8481,-0.74303,-0.11893,-0.81756,-1.2772,-1.0209,-1.928,-2.3596,-2.1185,-1.4364,-2.1254,-2.5342,-2.4751,-0.87766,-1.3223,-1.1822,-1.2495,-0.723,-0.23287,-0.2025,-0.13284,0.10199,-1.2502,-1.493,-0.76603,-1.9155,-1.7426,-2.4547,-0.72396,-1.7357,-1.1352,-0.79529,-0.85142,-1.136,-1.8019,-1.4808,-1.6496,-2.2268,-2.3179,-1.8101,-1.238,-1.2628,-1.3787,-0.93609,-0.9058,-0.62543,0.045946,1.3303,0.47369,0.30901,-0.69503,1.2711,0.23504,0.17343,1.6356,1.2475,1.0906,1.3635,1.2555,1.8059,1.1769,1.1511,0.30537,-0.138,0.015045,0.40961,0.10263,0.48221,1.6539,2.0898,2.3123,1.4709,-0.48565,0.15129,-0.0093309,-0.35143,0.013454,-0.14873,-0.80981,-1.2575,-2.608,-1.7544,-1.5617,-1.2378,-0.61185,0.15974,-0.73996,-0.21119,0.087018,0.75676,1.4889,0.32631,-0.12038,-0.29112,-0.16813,1.1521,1.0144,0.77968,-0.35642,-0.39037,0.97423,0.51159,0.015706,-0.77107,-0.90091,-0.3348,-0.89581,-1.1643,-1.0394,-1.8136,0.1272,-1.1041,-1.2605,-0.48018,0.15944,-0.039526,-1.3938,0.77859,0.042014,0.36036,-0.14003,0.32901,1.3188,1.3132,1.2801,1.6873,2.3592,2.4626,2.3219,2.9985,2.8733,2.9567,2.567,2.7284,1.7362,0.85511,-0.447,-0.63394,0.053771,-0.43529,-0.029961,-1.5584,-1.2801,-0.060625,-0.048649,-0.37445,-1.1172,-0.799,1.0613,0.62996,-0.69329,-1.1516,-0.3174,0.0077711,-0.87499,-0.93823,-1.1321,0.13684,-0.94031,-2.4509,-1.2609,-1.9285,-1.5538,-0.79231,-0.61614,0.068376,-0.94853,-1.5184,-1.0606,-0.85014,-0.77686,-0.377,-1.6077,-2.2665,-0.49312,-0.60166,-0.80565,-0.4612,-0.084894,-1.0878,-1.6791,-1.8578,-1.2354,-1.4577,-0.28837,0.15459,0.015994,1.5889,-1.3017,-0.99858,-1.7538,-0.48677,-1.8842,-1.456,-1.1844,-0.55943,-0.63243,-0.48648,-1.1707,-0.46857,-0.37417,0.31898,-0.34016,0.1212,-0.18786,1.2934,0.33341,1.7264,1.0888,1.3119,1.5686,1.5174,0.95594,-0.04161,-1.0912,-1.6367,-3.1567,-2.13,-2.2299,-1.8401,-2.1353,-1.7033,-1.8632,-1.6788,-1.9447,-0.89535,-1.2021,-0.1231,-1.2165,-1.5536,-0.58316,-2.1288,-2.1609,-1.9506,-1.385,0.11405,0.90273,0.2142,-0.11328,-0.061498,1.0779,0.37177,-0.20385,0.25514,0.25468,0.69057,0.90994,0.55555,1.1119,0.15463,1.1818,1.2688,1.7668,0.83888,-0.18653,0.65112,0.43956,0.20623,-0.36214,-0.65969,0.12092,-0.74523,-0.26733,-0.032181,-0.6412,-0.70363,-1.1308,-2.009,-2.6644,-2.1917,-1.8504,-0.8794,-0.39712,-0.50796,-1.4681,-1.3603,-1.3276,-1.548,-1.8537,-1.3989,-1.5124,0.54988,0.22689,0.06591,-0.50296,0.324,0.68709,-0.11596,-0.34612,-0.43272,-0.25374,-0.29473,-0.80568,-1.1741,-1.5575,-2.1726,-1.1127,-0.65424,-1.2841,-0.11076,0.57761,1.0799,2.2321,1.4862,1.3321,0.95107,1.3088,1.1401,0.77302,1.2366,0.66357,0.45687,0.6445,-0.095192,0.53487,0.60362,1.0088,1.0384,0.6273,0.020048,-0.0036691,-0.40638,0.18165,0.092366,0.37075,0.96085,1.3895,1.0589,1.3061,0.92483,1.0695,1.3584,0.947,1.4534,1.7795,2.3144,2.3868,1.7979,1.8179,1.3488,1.6095,-0.5811,-1.5873,-1.6199,-1.5965,-1.2091,-1.9511,-2.1662,-1.8084,-1.2345,-1.2392,-2.0803,-1.9557,-1.4755,-2.0435,-1.3848,-1.9054,-1.7085,-3.0253,-1.1289,-0.58795,-1.0467,-1.1865,-0.51783,-0.71324,-0.73081,-0.54074,-0.70676,-0.85539,-1.6285,-0.90178,-0.64913,-1.6526,-1.0536,-1.4154,-1.281,-0.27344,-0.64778,-1.0852,-0.75534,-0.60236,-0.93894,-0.97067,-0.67725,0.040543,-0.62134,-1.1193,0.49528,0.48904,-0.74718,-0.57075,0.26732,0.63213,1.8261,1.2967,1.7595,1.1393,0.64861,2.1468,0.92716,1.1593,0.15734,1.4076,0.61719,2.0757,1.1566,-0.12128,-0.02533,-0.28019,0.75462,0.19624,0.00829,-0.57449,0.17129,0.32357,-0.33722,-1.0401,-0.81588,-0.53332,-0.26252,0.54432,0.31258,-1.5918,-0.022375,-0.87411,-0.50119,-0.80276,-1.2544,-0.71545,0.34627,-0.9115,-1.101,-0.89946,-0.40739,-1.1294,-0.7468,-0.70675,-0.74078,-0.73315,1.9299,0.52789,0.73421,1.1192,0.32687,0.61023,0.47943,0.24902,-1.2786,-1.7209,-0.68733,-0.51121,-1.5984,-2.0613,-1.2647,-1.0851,0.092711,-1.149,-1.2792,-1.4739,-1.6613,-0.86485,-1.79,-1.4515,-1.6622,-1.0371,-1.0641,-0.49892,-0.28215,-1.1783,-0.68137,-0.31443,0.97473,0.40133,-1.8651,-1.2387,-0.26569,0.4421,0.5415,0.3705,0.87884,0.928,0.15709,0.34172,0.3368,-1.5157,-0.38733,-0.8458,-1.123,-0.99724,-0.63743,0.23781,-0.95726,-0.62231,-0.97794,-1.2677,-0.55976,-0.68417,-0.34744,-0.054737,-0.3863,0.51798,0.74186,1.058,0.44072,0.75176,1.3665,1.3637,0.71636,0.47966,0.47484,0.64782,0.65274,0.28331,-0.51544,-0.70353,-0.6002,-1.2526,-0.86504,-0.94915,-2.0785,-1.6879,-0.99958,-2.0442,-2.561,-1.9953,-1.6067,-0.85255,-2.8306,-2.8746,-2.882,-2.3235,-2.0616,-1.9101,-0.67607,-0.31843,-0.64701,-0.9947,-1.0341,-0.36619,-0.96888,-0.55262,-0.30755,0.051361,-0.51124,-0.78449,-1.2811,-0.86759,-0.59087,0.3692,0.52406,-0.32315,0.16163,0.3738,0.96633,0.73098,0.66034,-0.57359,0.025579,0.38405,-0.55403,-0.034877,-0.16665,0.51038,1.0526,1.0288,1.39,0.41178,-0.79108,-0.14135,-0.16461,-0.40218,-0.60555,-0.058034,0.0015731,-0.16888,-1.0919,-2.1086,-1.1544,-1.2121,-0.54315,-0.51526,-1.0608,-0.0019752,0.52357,0.98782,0.25942,0.062161,0.93872,1.3665,1.1476,0.69805,-0.23215,-0.3574,0.88482,0.30993,-0.080822,-1.0538,-0.49202,-0.165,-0.25219,-0.72362,-0.84069,-0.45033,0.12128,-0.65423,-0.76818,-0.68395,-1.0035,-0.17988,-0.58233,-1.4376,-1.8263,-1.5857,-2.5299,-2.3583,-1.342,-0.47374,-0.74099,-0.56143,-0.78029,-0.86945,-1.572,-2.3268,-1.7962,-3.2209,-2.6133,-2.412,-1.6764,-2.1707,-1.2275,-0.50661,-1.0893,-1.1261,-0.18755,0.29902,0.061114,0.26807,0.57043,1.5915,0.48271,0.80377,1.6529,1.4394,1.7507,0.78293,1.0334,0.90305,1.7359,2.1902,2.634,1.9168,2.2351,2.1794,2.4184,2.509,1.5511,1.3279,2.6172,2.3466,2.4116,1.8884,2.1803,2.3203,2.0421,0.78218,0.774,1.3852,1.2324,1.1723,0.62863,1.1656,0.87082,0.54514,1.3848,1.3278,0.96013,1.3748,1.1585,1.638,0.86205,0.74305,0.48883,0.69363,-0.50751,-0.45262,-0.13371,-0.12341,1.3752,0.79754,0.5045,0.92436,1.3492,0.049671,1.0382,0.086527,1.0694,1.3797,-0.017748,-0.42886,-2.0603,-1.1707,-1.0843,-0.39196,-0.16005,-0.54523,-0.90453,0.20892,0.57534,-0.0018255,-0.90428,-0.66425,-0.19846,0.46922,1.2582,0.050522,0.60016,-0.65622,0.89948,-1.6697,-1.7928,-1.7667,-1.8901,-1.6545,-1.4822,-1.3432,-0.60288,-0.92994,-0.25821,0.54721,1.5992,2.0206,2.0309,1.8624,2.752,3.2023,2.0533,2.2634,1.7811,2.0698,2.4846,1.8542,2.5576,1.7545,1.4388,1.9896,1.581,1.4122,0.36489,0.051352,0.26157,0.12417,0.29946,0.0075576,-0.76787,-0.27226,0.55144,0.59565,-0.37224,-1.0557,-1.3301,-0.861,-0.57075,-0.37412,-0.091829,0.27732,0.96597,0.53833,0.55906,0.32777,-0.58608,0.89053,0.056519,-0.0038271,0.27477,0.35136,-0.1503,-0.025663,1.115,1.3845,-0.65743,-0.54677,-0.37671,-0.5407,-0.67688,-0.90184,-0.092083,0.47048,0.67647,-0.49615,0.084469,-0.81273,-1.0739,0.21158,-0.082181,0.040062,-0.45716,-1.4121,-0.12007,-0.23577,-0.83588,0.11232,0.31549,1.0588,2.1158,1.8304,2.1403,1.0233,0.87749,0.82609,-0.24917,-0.64839,-1.1012,-1.4944,-0.7489,0.24023,1.4636,0.33629,-0.21732,1.2085,-0.124,0.017383,-0.33656,0.28243,0.39723,0.77115,0.933,1.5204,1.1963,1.5982,1.1365,0.73534,0.71339,0.11109,0.63363,1.2802,1.8901,0.7613,1.0722,0.25019,-0.027848,0.015717,-0.76153,-1.6126,-1.3122,-0.31347,0.53898,0.59973,0.44153,-0.003249,0.93618,1.7369,0.29125,0.62139,-0.28492,0.42756,0.59626,0.5487,0.89571,0.93717,1.5361,0.47878,0.049808,-0.20786,-0.48806,0.10445,-0.67696,-0.28852,0.17406,-0.29662,0.60804,-0.24056,-0.98132,-1.0602,-1.4141,-0.36633,-0.12521,-0.62479,-0.39738,-0.17476,-0.0055598,0.39327,0.12506,-0.6169,-1.0838,-2.0396,-1.2265,-0.94463,-0.48604,-0.61911,-0.074624,-1.1295,-0.92284,-0.60237,0.23327,-1.6764,-0.61695,-1.3378,0.16315,-0.31283,0.32389,0.0060796,0.50725,1.3059,0.75113,0.30929,1.2577,0.66508,0.81356,0.1669,-0.5453,-0.21648,0.59306,0.76201,-0.23332,0.14517,-0.32227,0.32585,0.16715,0.068302,-0.082565,1.0983,0.94287,0.021415,0.84608,-0.77138,-0.60313,-0.44018,2.5901,1.2889,-0.071225,0.85779,-0.95953,-0.26287,-0.14858,-0.56335,-0.31959,1.5798,1.2805,1.2284,0.93609,1.7138,1.3557,1.9396,1.3205,0.10852,0.57318,0.52277,1.4738,1.3021,1.2439,0.71474,0.7318,1.193,0.83244,0.14481,-0.53471,0.13001,0.51211,0.71852,0.43072
0.11837,0.63254,-0.24424,0.4441,1.0412,0.48015,0.88018,1.04,1.3615,-0.43205,0.72921,0.22827,1.4212,1.7476,1.433,2.0883,1.5457,1.4807,2.5703,1.8824,1.284,1.2689,1.356,0.86033,0.95405,1.0667,0.81915,0.67946,1.1109,1.2433,1.1887,0.73995,1.0666,0.55373,1.0577,-0.5079,0.23281,0.035059,1.5758,1.1494,1.6831,1.1471,0.8944,1.9652,1.0804,1.5522,0.76263,0.58917,2.1903,2.77,2.6492,2.1449,2.1152,1.9202,1.5143,1.3863,1.3051,1.6643,-0.098669,1.2316,1.3384,1.8339,2.015,1.4869,-0.17908,0.97206,0.43894,0.30227,-0.36792,-0.64884,-0.053043,-0.32477,0.81381,0.59636,-0.095026,0.682,-0.17608,0.23087,-1.0755,-0.076121,1.3428,0.02099,-0.35826,-0.82664,-1.2954,0.91283,0.028597,1.466,0.49365,-0.43664,0.70175,0.73099,-0.0065184,0.55401,-1.0634,-0.99373,-1.4408,-1.2564,-1.2812,-0.50337,-1.0908,-1.1251,-1.2307,-1.3419,-1.3233,-0.20524,-0.70198,-1.0262,-0.13291,-0.80277,-0.1744,-1.1821,1.0054,0.70172,-0.059757,0.17479,0.22905,0.87818,0.46372,0.60334,1.0976,0.52779,0.77032,0.90029,1.0103,0.33543,0.62234,0.31601,0.3274,0.86321,-0.57655,-0.33623,0.1685,0.13331,-0.438,-0.98243,-1.2829,-0.43281,-1,-1.3089,-1.4293,-0.72688,-0.52493,-0.83131,-1.4444,-0.8985,-0.49577,-0.28463,-0.69384,-0.58135,-0.090999,-0.16432,-0.36968,-0.11481,-0.31118,-1.3481,-0.96428,-1.3015,-1.2348,-1.568,-2.3634,-1.7153,-1.1594,-1.3895,-1.4881,-1.6895,-0.97982,-1.4905,-0.85405,-2.0708,-1.3353,-1.6697,-1.2104,-0.035259,-0.40737,-0.58419,-0.52457,-0.55481,-0.42858,0.0068423,-0.29962,-0.60855,-0.71314,-0.23292,-0.30104,-0.76185,-0.011707,-0.32734,0.12559,-0.65041,-0.44031,0.33739,0.089846,0.31976,0.95136,-0.25276,0.80595,-0.010736,-0.50253,-0.10245,-0.63568,-0.76518,0.4151,0.24012,-0.15595,-0.64553,-0.30305,-0.13901,-0.4753,-0.57886,0.45183,-0.45553,-0.49318,-1.2245,-0.74508,-0.18398,0.09773,-0.73998,-0.17347,0.14505,1.2355,1.9973,0.86249,0.37415,0.80697,0.83493,1.2999,0.49636,1.487,1.1048,2.0776,1.412,0.54134,0.32085,0.72079,1.3969,0.85628,0.0034129,0.45958,0.086401,0.44481,1.0387,-0.22323,-0.18169,-0.43884,-0.68519,0.12494,-1.5984,-0.35015,-0.07855,-0.44632,-0.20936,0.51422,-0.68695,-1.3863,-1.199,-1.6964,0.40771,0.2168,-0.09997,0.62975,1.3328,-0.28019,0.035941,-0.91302,-0.64437,-0.78123,-0.000221,-0.089775,1.3697,-0.18842,-0.55478,-0.13871,0.19499,0.43902,0.26158,0.0074162,1.243,0.556,0.53419,0.3326,0.047918,-0.34323,-0.71592,-0.058276,-1.3613,-1.5905,-1.0767,-1.2132,-0.0092759,-1.173,-1.0473,-0.050603,-0.70946,-0.043059,-0.80619,0.37279,0.2836,0.39933,0.86567,-0.43411,-1.0884,-0.33855,-0.15239,-0.36211,-0.44918,-0.56775,-0.58895,-1.3892,0.38544,0.23382,-0.51009,-0.58496,-1.4736,-1.3462,-2.4147,-1.5025,-2.9838,-2.154,-2.9192,-2.5827,-2.035,-2.1196,-2.5944,-2.2018,-1.2908,-2.3628,-2.5175,-2.2499,-1.9864,-1.9689,-1.5691,-0.40813,-1.2717,-0.44156,0.81754,2.734,2.4484,2.2008,2.1341,1.8144,0.63153,0.40716,0.45806,0.21213,1.8143,1.909,1.699,1.56,1.7481,1.4172,-0.68749,-0.73265,-0.92391,-0.51186,-0.44404,0.41028,0.18021,-0.26253,0.33675,0.4104,0.43622,1.108,0.56919,0.28918,-0.53574,0.13286,-0.6403,-0.37517,-0.34535,-0.29778,-0.67585,-0.63472,0.19817,0.76585,0.58551,-0.34349,-1.2947,-1.6077,-1.455,-1.6559,-1.2189,-2.0678,-1.4393,-0.96043,-0.85942,-1.3915,-0.81704,-1.2856,-1.8209,-1.6114,-0.21275,-1.1129,-0.36702,-1.0659,-1.0043,-0.66658,-1.2296,-1.3625,-1.227,-1.6787,-0.38779,0.62994,-0.39524,0.88478,0.018887,-0.94031,-0.53581,-0.082354,0.12541,1.3385,1.2879,2.5168,1.2107,1.3436,0.85461,1.2663,1.4964,1.1382,1.8938,1.1642,1.0885,-0.057461,-0.41689,-0.17065,-1.5175,-1.2351,-1.686,-1.3889,-0.85217,-1.7747,-0.98254,-0.44456,-1.0685,-0.16119,-0.16037,-0.042411,-0.10465,0.65666,0.2095,1.3603,0.61406,1.3697,0.8412,0.74511,0.98276,0.93736,2.0743,1.2192,1.3415,0.76844,0.023453,-0.77824,-1.3692,-1.026,-0.92249,-1.0363,-1.7623,-0.47185,-0.45024,0.73648,0.53303,0.78902,0.48062,0.65887,0.54464,0.81956,0.76284,0.64371,-0.60853,-0.10149,-0.2941,-1.1705,-0.46163,-0.30774,-1.2251,0.088638,-0.63511,-0.49018,0.063274,-0.12467,0.13509,-0.82372,-0.27112,-0.30749,-0.28085,0.98963,0.64378,0.47112,0.69321,0.73305,0.43568,0.47029,0.71503,1.3031,1.3356,0.84734,2.1307,1.1289,1.8464,0.38418,0.80378,-0.12164,0.27173,-0.8179,-1.0761,-1.5455,-1.848,-1.5454,-1.524,-1.6212,-0.60918,-0.47654,0.10431,0.24495,0.94632,1.1635,0.42795,1.5504,1.2749,1.6039,1.0055,1.6118,1.6056,2.2834,1.7299,1.7791,1.6468,2.6152,2.9256,1.6498,1.5477,0.57593,-0.85153,0.38113,0.1876,-1.1027,-0.30057,-1.2412,-2.0889,-0.62078,-1.4879,-0.84736,-1.3002,-1.3424,-1.7256,-0.26247,-0.67135,-0.39297,0.17549,-0.64279,0.52178,-0.039078,-0.27356,-1.3024,-1.4006,-1.3631,-1.2047,-0.59419,-0.40218,-0.60324,-0.2739,-0.36443,0.39342,0.34977,0.079565,0.33064,1.0913,1.1179,1.5105,0.66561,0.44085,-0.021343,-0.9929,-1.6983,-0.11813,-1.1034,-0.21347,-0.80123,-0.67934,-1.193,-1.4919,-2.2568,-1.2229,-1.2997,-1.6929,-1.2929,-0.22261,-0.68653,-1.014,-0.10605,0.13905,0.28182,-0.25124,-0.25912,0.089358,-0.33104,-0.49967,-0.37018,-0.86568,-0.28187,-0.42868,-0.89055,-0.28417,-0.4153,-0.38534,-0.17705,0.41686,0.93458,-0.55805,-0.42782,0.0073456,0.38525,-0.43144,0.072558,0.38526,0.053527,-1.0172,-0.21272,-0.040995,-0.50385,-0.52571,-0.60523,0.45051,-0.26352,-0.94671,-1.1757,-1.2402,-1.3186,-0.41402,-0.9224,-0.45909,-0.85622,0.53481,0.53598,0.47058,0.041631,0.087483,-0.81356,-0.16112,-0.65083,-0.082249,0.1053,-0.6178,-0.7479,-0.59615,-0.62487,-1.3939,-0.3925,-0.31837,-0.30777,-0.63002,1.3514,0.28604,-0.5524,0.92294,1.1414,0.71249,1.0707,0.58884,1.3494,0.067274,-0.84019,0.22875,-0.29891,-0.82159,-1.015,-0.16257,-1.3734,-1.1361,-0.37976,-1.8902,-0.66225,-0.40817,-0.16644,-0.04059,-0.68205,-1.3723,-0.76759,-0.81297,0.62782,-0.18681,-0.31809,0.13628,-0.53331,0.62097,0.61918,-0.34441,-0.35567,-1.1707,1.0584,-1.2943,-1.6893,-0.83453,-1.0028,-0.79436,-0.90143,-1.0396,-1.3658,-1.124,-0.83073,-0.71433,-0.51511,0.12298,0.39978,-0.075381,1.7955,1.4977,2.614,2.0943,2.637,2.4512,1.3542,1.9111,0.91994,0.54736,1.0321,1.2457,0.99435,0.51937,0.92503,0.46115,0.19826,-0.0065788,0.73452,0.53434,-0.66703,-1.0697,-0.44434,-1.5608,-0.35689,0.25079,-0.15588,-0.073148,-0.37802,-0.31483,0.30254,0.38298,0.93791,1.0159,1.6222,0.9743,1.4316,0.67863,0.71705,0.049593,0.94569,-0.03431,0.24881,0.046566,1.0939,-0.36815,0.30737,0.60275,0.79003,1.1311,1.6839,1.6251,0.086991,-0.52339,-0.99355,-0.29666,0.10658,0.63125,-0.5404,-0.32621,-0.75214,-0.3555,0.49132,0.54094,0.179,-0.35299,-0.032674,0.48335,0.27217,0.74443,0.31561,1.1991,1.4985,1.6654,2.4214,0.75973,0.87687,0.83184,0.96454,1.0331,0.54526,0.86836,0.64603,0.85108,1.0465,0.018513,0.21912,0.78474,0.87686,0.59618,-0.08397,-0.8428,0.83247,0.18921,0.22842,-0.091999,-1.2295,0.43931,0.038632,0.76158,-0.78569,0.66151,0.3862,0.74059,0.52634,-0.38553,-0.50211,0.2859,-0.67761,0.057804,-0.72356,-0.058832,0.42685,-0.51847,-0.22958,0.050369,0.40643,0.41604,0.78324,0.47015,1.3114,1.156,1.4997,1.3424,1.818,2.0239,1.1933,2.1624,1.3579,1.7523,1.211,1.3783,1.1921,1.0225,1.5219,1.6483,1.2666,1.7472,1.2798,0.43592,0.53248,1.0389,0.93919,0.98962,-0.093762,-0.3599,-1.3479,-0.37004,-1.2618,-0.35978,-0.24121,-0.064789,1.2147,1.2996,0.26235,0.31886,0.12413,-0.39272,0.6731,0.34358,0.84187,-0.00108,-0.11187,0.056379,-0.48973,-0.97849,-0.51044,-0.10654,-0.86727,-0.85812,-0.98677,-0.47431,0.39282,-0.070253,0.36225,0.27436,0.48872,-0.044464,-0.46629,0.08934,0.36399,0.73663,1.8365,1.2338,1.6032,0.9186,1.0317,0.65395,0.15092,0.19146,-0.20483,0.29093,0.29037,-0.025778,-0.60133,0.012101,-0.23157,-0.52402,-0.7383,-0.40983,0.10883,-0.14654,0.36049,-0.01202,-0.19667,0.11794,0.20898,0.0060352,-0.010419,-0.40069,0.037314,0.99137,0.53238,0.41267,-0.54064,0.26089,-0.005056,1.1612,1.0473,-0.057719,0.62325,-0.99665,0.053434,1.451,0.84414,1.7863,-0.12903,-0.10946,-1.0672,-0.4995,-1.5704,-0.25014,-1.5099,-1.2467,-1.7668,-0.48604,-0.045836,0.15316,0.6277,0.72757,0.2987,0.21232,-0.46173,-0.23939,0.5254,-1.1122,0.4607,-0.047634,-0.33935,-0.76416,-0.88105,-0.65186,-1.5467,-0.68343,-0.3061,-0.12786,-1.2365,-0.18091,-0.38914,0.1814,0.31249,1.1573,0.46384,1.4982,1.2783,1.0083,1.8018,0.54227,1.7173,0.79169,0.99073,1.5435,1.3995,0.64838,0.95248,0.8432,2.0698,0.047563,0.55477,0.71135,0.34284,-0.28316,0.25959,-0.07013,0.56157,-0.73309,-0.070956,-0.82748,-1.2914,-0.56294,-0.076743,-0.062349,-0.3626,0.5017,-0.25531,0.27455,-0.77162,-1.2163,-1.6028,-1.7321,-0.10317,-1.0687,-1.6403,-1.266,-1.487,-1.8521,-1.22,-1.7134,-0.17583,-0.73203,-1.0778,-0.32876,-0.2716,-0.32943,-0.24987,0.83053,-0.10873,-0.90474,-0.6217,-0.89149,-0.6768,-0.95063,-0.67115,-0.53625,-1.485,-0.75473,-1.2217,-0.3603,-0.58887,-1.1487,0.14302,0.1429,0.19626,0.83522,0.745,0.7652,1.2843,2.2719,2.0076,1.8595,2.1308,1.8679,2.5453,2.1383,1.2803,1.5478,2.185,0.62913,1.6612,0.33983,0.53329,0.43661,-0.4098,0.22148,-0.45182,-0.19569,-0.49641,-0.32709,-0.41871,-0.79318,-0.11304,0.20869,-0.0026101,0.1702,-0.43145,0.91831,0.04521,-0.074495,-0.88869,-1.2173,-1.5173,-2.2517,-2.3569,-2.4559,-0.85491,-0.54833,-0.72444,-0.81738,-0.44408,-0.24228,-0.108,-0.39905,-0.3972,-0.36698,-0.63494,-1.5833,-0.44997,-0.71718,-0.10512,-0.36901,-0.39233,0.40847,-0.66796,0.1683,-1.2669,-0.19428,-0.61347,-0.82453,-0.50493,0.083284,-0.60092,-0.64204,-0.71365,-0.89037,-0.89044,-0.58824,-0.59305,-0.37729,-0.12388,-0.035387,-0.32692,-0.6503,-0.69344,-0.25507,-0.081076,-0.095803,0.055371,0.52802,0.54812,-0.0098926,0.90422,1.8158,2.2378,0.71988,1.929,0.020053,1.616,0.43586,1.2247,-0.052702,0.57146,0.2687,0.26679,-0.1563,0.51968,-0.36667,0.32041,-0.093418,-0.026765,-0.032812,0.30039,1.3593,0.22939,-0.46676,-0.879,-0.47264,-0.37593,-0.62565,-0.968,-0.49964,-0.26865,0.19309,1.1051,-1.0866,-0.56421,-0.26794,0.82824,0.86762,0.12288,0.22434,-0.14929,-0.34113,0.33052,-0.3569,0.085119,-0.053162,0.32202,-0.66026,-0.11845,0.66192,-0.45655,0.82477,-0.24808,-0.32356,0.074648,0.97297,0.73243,1.1404,0.17078,-0.50617,-0.098924,0.22156,0.77356,0.39758,-0.32309,-1.3014,-1.2556,-0.51033,-1.1121
-0.075199,0.062275,-1.8153,0.078514,0.39163,0.060467,-0.35785,-1.2994,-0.28095,-0.46392,-0.67784,1.2425,-0.7596,-0.43646,-0.081685,-0.35715,0.94022,-0.010725,-0.60241,-0.25956,0.3159,0.38305,0.58091,-0.55135,0.29796,0.11756,0.21377,0.57053,0.36833,0.70947,0.4683,0.7159,0.56369,-0.8696,-0.1135,-0.50878,0.16839,0.57677,0.34789,-1.3635,-0.27829,-0.35369,-0.45509,-0.88552,-1.2677,-1.6034,-0.44427,0.069341,-0.56958,0.51969,-0.88246,-0.34714,0.96321,1.1317,-0.61464,-1.392,-0.28129,-0.15806,0.022872,-0.15982,-0.31322,-1.0858,0.038613,0.91715,-0.76396,-0.8456,-0.54425,-0.031404,0.094526,0.093718,-0.15704,0.35699,0.94664,-1.1908,0.58611,-0.24124,0.00044943,0.83583,-0.17392,-1.1565,-0.36272,-0.48204,-0.40784,-0.099083,0.38658,-0.53084,-0.28383,-0.14537,-1.7218,-0.7951,-1.3909,-0.57851,0.069075,-0.69988,-0.72418,0.43708,-0.05259,-1.0083,-0.5323,-0.3034,-0.25495,0.32443,-0.41796,-3.1959,-0.10349,0.058323,-1.2771,-0.85005,-2.2321,-1.2247,0.94104,-0.036902,-0.993,-1.1237,-0.53255,0.15281,0.33554,-0.83523,-1.139,-0.2053,0.088164,0.12257,-1.147,-0.6634,-0.12406,0.22341,-0.49958,-0.77946,-0.60971,-0.021839,-0.072594,-0.26399,-0.0076031,0.0035307,-0.14623,0.29835,0.53427,0.23085,0.24829,0.03001,-0.47863,1.3721,0.84063,0.15495,-0.17874,-0.84606,0.092892,-0.06675,0.021455,-0.64551,-0.97291,0.020499,-0.4598,0.5666,-0.18911,-0.38793,0.97725,0.40416,0.77768,0.47102,0.55763,0.42661,0.48634,0.14843,-0.20701,0.41133,0.11621,-1.0706,-0.63407,-0.58409,-1.0693,-0.69489,-0.85165,-0.1567,0.3493,-0.08914,-0.1382,0.058506,-0.013877,0.67686,-0.11356,0.47544,0.69843,0.12268,0.73341,0.37097,0.95591,-0.44926,1.2612,0.12503,-0.091128,0.32083,0.78482,0.78958,0.060673,0.16878,0.94762,0.21865,1.5814,0.28171,0.366,1.038,0.22893,0.51244,0.0098543,0.8089,-1.1766,-0.33245,-0.13934,-0.10587,-0.2342,0.24152,-0.37643,-0.045644,0.12523,-0.2824,0.32038,-0.46227,-0.45267,-0.079702,-0.070067,-0.17274,-0.62696,-0.26979,-1.4292,-0.63983,-0.26761,-0.30257,-0.51161,-0.29129,-0.20487,-0.015281,-0.78663,-0.63653,-0.022622,0.83113,-0.067636,-1.1695,0.32881,-0.15905,-0.62825,0.8622,0.97955,-0.77109,-0.12695,-0.099513,-0.40902,-1.2944,-1.0502,-1.5613,-0.45087,-0.40625,0.042938,0.19508,0.3361,-0.4329,0.64748,0.85155,0.76411,-0.047448,0.71873,0.7515,0.019484,-0.15784,0.030994,-0.48985,-0.53022,-0.59854,0.2502,-0.46499,0.40029,-0.41615,0.2407,-0.33196,-0.02413,-0.75078,-0.62834,-0.46112,-0.93093,0.33641,-0.13051,-0.022529,-1.0352,-0.5379,-0.26085,0.98687,-0.27204,-0.050133,-0.19254,-0.34333,-0.72374,-0.69939,0.55282,-0.7674,-0.15692,-0.31117,0.44767,-0.24912,-0.68413,0.11537,-0.60788,-0.015175,0.036562,0.07741,-0.92092,-0.18992,0.20332,1.217,1.2283,0.26895,-0.050473,0.39079,-0.17598,0.71101,0.64447,0.97305,-0.43667,0.30203,0.36032,0.13983,0.32984,0.12907,0.25941,-0.33078,-0.63581,-0.54985,0.13077,-0.18791,0.69675,1.2862,-0.86056,0.73423,-0.82864,0.62439,0.40823,0.64117,0.67117,-0.26905,0.28996,0.73032,0.19571,0.90115,0.90033,0.80609,0.57289,-1.1646,-0.25813,0.54659,0.83266,0.77277,1.0032,0.0030278,-1.1202,-0.3058,-1.2408,-0.78774,-0.15154,0.19454,0.16673,-0.06868,0.69173,0.99933,0.17254,0.6284,0.63616,0.62593,1.2328,-0.021012,-1.2083,-0.12016,-1.6479,-0.27233,-0.23982,-0.33761,0.011644,-0.22777,1.8552,0.49211,0.78048,0.54121,0.90619,0.4401,-0.024863,-0.42951,0.079229,-0.24467,0.26309,0.08931,0.23801,-0.67962,-0.66299,-1.0032,0.14766,0.36124,1.0593,0.30931,0.74072,0.83986,-0.10905,-0.54155,0.13541,0.26157,0.62631,-0.52533,-0.05124,0.36259,-0.17192,0.40843,-0.3532,-0.70182,-0.78636,-0.79736,-0.94837,-0.97482,-0.66921,0.13801,-0.57577,0.24133,-0.4915,-0.37968,0.27441,-0.37023,0.71158,1.2263,-0.16885,0.67715,-0.17768,-0.14496,-0.4081,-0.56731,-1.1816,0.030073,0.13676,-0.55192,-0.86976,0.49784,-0.14,-0.25075,-0.19596,0.56915,-0.85236,0.90805,0.15945,0.56694,0.77356,-0.62656,-0.049682,0.88409,0.97857,1.2611,1.0701,1.1035,0.52745,0.25562,0.60951,0.38096,0.14402,1.528,0.86763,-0.026898,-1.3438,-0.67889,-0.44152,0.8724,-0.50748,0.28513,0.58575,-0.075728,1.1939,1.1668,0.17824,-0.56425,1.0056,-0.34088,-0.10261,-1.0819,-0.52961,-1.1731,-0.42326,0.088843,-0.55515,0.2391,0.48441,1.2584,0.98615,0.4409,0.06165,0.35719,0.47997,0.95258,-0.12169,0.59365,0.68496,0.52285,0.47296,0.14782,0.065528,-0.021446,0.45463,0.98503,0.67698,0.38882,0.27153,1.6414,1.3831,1.5472,-0.73242,0.54294,0.30457,0.64275,-0.59067,-0.87156,-0.069608,-0.39405,0.34408,-0.49198,0.044187,-0.36926,-0.60945,0.28008,0.055707,-0.6459,-0.17137,-0.1614,0.037473,0.0096923,1.0223,-0.21112,1.1355,-0.16227,0.94959,0.73901,0.49643,-0.50818,0.25573,-0.821,0.30612,-0.3864,-0.26178,0.41777,0.9971,0.8047,0.37092,0.006446,1.6656,0.70381,0.17866,-0.077696,0.878,0.17921,0.53488,0.050113,0.56724,0.53715,-0.34848,1.0568,-0.58069,0.2448,0.26017,-0.20569,-0.3954,-0.85529,-0.88714,-1.1185,0.0059613,-0.4712,-0.46928,-0.69054,0.43923,-0.52779,-1.2874,-0.14226,-0.39323,0.11219,-0.30481,0.36847,-0.2949,1.0189,0.99418,-0.1638,0.59543,-0.11923,0.92191,-0.091005,-0.72304,-1.0075,-0.42844,-0.26796,-0.17524,-0.99189,-1.0067,-0.47528,-0.84376,-0.43578,-0.089234,-0.81113,-0.72927,-0.69887,-0.54437,-0.32378,0.11664,-0.26915,-0.14503,-0.033505,0.11425,-0.38898,-0.44187,-0.32471,-0.78841,0.40741,0.2237,0.15272,-0.4308,0.11498,1.1085,0.40871,0.65872,0.26794,0.70187,1.1561,1.7023,1.4228,-0.48178,-0.65113,0.35223,-0.4392,0.46176,-0.16705,0.31252,-0.94753,-0.028496,-0.15286,-0.26345,-0.14004,1.0754,0.76385,1.7994,1.3858,1.1072,1.1775,-0.059781,1.1769,1.1719,0.10804,-0.5613,-0.14806,0.93864,1.449,-0.22111,-0.92982,-0.22007,-0.54075,0.11994,-0.296,-0.3284,1.4184,0.81074,0.96248,-0.28133,0.46344,0.31312,0.24732,-0.3574,0.62688,-1.3616,0.59811,0.68972,0.54222,0.22563,-0.73454,0.20543,0.64764,0.018305,1.0782,-0.23841,-0.93525,0.62486,0.10521,0.61327,0.10042,0.42113,1.7659,0.64967,0.80606,0.30478,0.50708,0.61577,-0.095112,0.21376,0.94777,-0.02893,0.39151,0.93883,0.38854,0.83812,-0.84772,0.14641,0.23418,-0.25954,0.10408,-1.2918,0.26551,-1.0196,-0.71203,0.93801,1.0902,0.61905,0.45159,1.2291,1.5439,0.097327,-0.072102,0.45586,0.92347,0.53272,-0.098612,0.12129,0.84482,0.95911,1.1179,0.28841,0.0031067,0.27035,0.21036,0.58018,0.10108,1.6959,0.46598,1.0711,0.1932,-0.5245,-0.22524,-0.10157,0.080511,0.050579,0.34791,0.50562,-0.053026,0.54358,0.22988,0.17761,-0.71342,1.0719,0.11628,0.37988,0.18762,0.9258,0.6274,0.034802,0.27343,0.26921,1.5646,0.011619,0.45192,0.94245,0.96722,1.344,1.0538,1.0229,1.1101,1.9329,0.18602,1.0143,0.77824,0.44836,0.76385,0.27478,-0.53518,-0.94262,-0.89392,0.12472,-0.31921,0.91708,0.022962,-0.065138,0.75998,0.050379,0.29309,-0.23221,0.29948,-0.73509,0.3396,-0.076962,0.63692,-0.7983,-0.58924,0.11181,0.17214,0.067321,0.86996,0.81503,0.78664,-0.24005,-0.33701,0.033117,0.95928,1.1418,0.55331,-0.37142,0.24148,0.16498,-0.17976,1.6837,0.3049,-0.20495,0.44423,1.0621,0.66515,0.12583,1.0271,0.87283,0.41804,0.91453,-0.044424,-0.46938,-0.95652,-0.22011,0.098234,-0.23782,-0.24046,0.40575,1.312,1.0492,0.96704,0.67767,0.42612,0.53585,1.0367,0.59425,0.067064,-0.73054,-0.09839,0.21418,-0.56691,-0.75634,0.1044,-0.21147,-0.28895,0.074154,-0.22234,-0.11787,0.77289,1.513,0.039643,0.19346,0.5493,1.1767,1.5199,0.44233,1.2975,-0.77884,-0.19094,-0.31,-0.65072,-1.1515,-0.70681,-0.36535,0.26061,-0.74266,0.71688,0.19454,0.4455,0.021917,-0.6266,-0.6431,-0.7128,-0.4347,-0.51413,-0.34003,-1.1996,-0.33331,0.56599,-0.81801,0.38838,0.44781,0.49949,0.15778,-0.068598,0.1533,-0.057722,0.0080848,-0.021743,-0.15318,-0.031754,-1.0372,0.05116,0.10995,-1.463,-1.0455,-0.32593,0.44834,-0.79848,-0.042914,0.0036121,-1.1206,0.19167,0.18237,0.21015,-0.6261,0.20143,0.22859,0.018958,-0.25549,0.39778,0.024077,0.11297,0.41361,-0.017192,0.19355,-0.24772,0.32304,-0.57735,0.037671,-0.017721,-0.41979,-0.70696,-0.36641,-0.64464,-0.87439,-0.24711,-1.7602,-1.3981,0.56814,-0.99078,1.2434,0.51966,-1.1895,0.068651,0.27519,0.38158,-0.12056,-0.15929,-0.88806,-0.99733,0.06389,-0.86637,-0.58521,-0.27257,0.52011,0.20848,-0.90954,-0.92514,-0.50303,-0.18753,-0.33046,-1.0514,-1.3779,-0.83236,-1.274,-0.96875,-1.2928,0.53231,-0.66181,-1.4088,-0.86022,0.068733,-0.90328,0.76017,0.022117,-1.2071,-0.45412,-0.54876,-0.33343,-0.7246,-1.9129,-1.325,-0.6483,0.15022,-0.83663,0.52577,-0.28111,0.61462,0.22596,-0.28619,-0.47053,0.91687,0.018454,-0.4306,0.21004,-0.35934,0.099516,-1.2233,0.46643,-0.16245,0.28178,0.24249,0.67334,0.14018,0.85988,0.03466,0.14919,0.19844,0.25105,0.45913,0.077569,-0.16083,-0.35681,-0.58738,0.42592,0.78111,-0.85071,-0.95789,-0.47112,0.14392,-0.25729,-0.27794,0.63973,-0.63834,-0.1451,0.67615,0.56812,-0.15493,-0.54088,-0.56683,-0.11907,-0.20378,0.68081,-1.1223,0.15309,0.82555,1.8943,1.24,-0.047247,1.3775,-0.99827,-0.60919,-0.62403,0.30746,-1.4419,-1.5262,-0.00077176,0.79927,-0.26104,-0.096011,0.43087,0.10746,-0.14221,-0.12434,-0.71685,-0.7924,-0.011961,-0.24137,-0.034122,0.16771,-0.01178,0.88096,1.0289,0.3552,0.86795,0.23154,-0.77552,-0.21657,-0.98352,-1.6637,0.26027,-1.0328,-1.5294,-1.7518,-0.60559,-0.75301,-0.71815,-0.85707,-0.56368,0.1982,-0.53126,0.24858,0.10198,0.10155,0.77718,-0.17092,-0.45256,-0.12112,1.291,-1.3158,0.073755,-0.61827,0.055061,0.75941,0.52918,-0.068621,-1.3581,-1.8114,-0.97897,0.24666,-0.38545,-0.63909,-0.23894,-0.25527,-0.1652,0.43365,0.0063403,-0.18323,-0.11556,0.58775,0.42084,-0.3894,0.375,1.018,-0.13573,0.29305,0.38796,-0.34789,0.51602,0.92518,-0.72131,0.89418,-0.046851,0.60069,-0.27885,-0.29515,-0.002126,-1.2959,-0.032927,-0.45295,-0.5164,-0.46262,-0.13483,-0.74847,-0.12984,-0.35029,-1.3978,-1.658,-1.9122,-1.051,-0.95173,-1.4308,-0.85628,-0.48858,-0.89608,0.2188,-0.073001,-1.5188,-1.3713,-0.99354,-0.84694,0.0036797,0.10864,1.3926,1.3656,1.0311,1.1187,-0.27437,-0.28308,-0.56643,-0.54567,-0.57762,0.38346,0.24668,0.309,0.41843,0.80751,-0.62552,0.61255,-0.91776,-0.46757,-0.94786,-0.99755,-0.14409,-0.71937,-0.29495,0.3307,0.3154,-0.73954,0.058345,0.81469,0.6614,-0.40748,-0.30484,-0.29146,0.27975,0.46078,0.039376,-0.2704,-1.2982,-0.27032,0.66248,0.50638,-0.10787,-0.65284,0.093479,0.42133,-0.198,0.47255,0.32576,-0.50058,-0.16289,0.17237,0.95722,0.63686,0.039264,1.0711,0.93087,0.33533,0.7118,0.80148
0.72766,1.3647,0.53809,0.40933,-0.97211,-0.44588,0.17407,1.1157,0.2333,0.92375,-0.30447,-0.81742,0.33724,-0.28473,-0.24944,-0.53517,0.16339,0.11446,-0.64165,-0.64567,-0.15685,-1.0883,-0.86695,-0.14166,-0.52287,-0.93259,-1.2633,-0.75382,-0.66699,-0.52297,-0.85037,-0.36476,-0.74879,-0.43628,-0.59831,0.21518,-1.1104,-0.99024,-0.68829,-0.71158,-0.45075,-0.59128,-0.83394,-0.26195,-0.049173,-0.43015,-0.96969,-1.2621,-1.9366,-0.57391,-0.50402,-0.85649,-0.66038,-0.46384,0.51391,0.57954,0.66534,0.46648,-0.39839,-0.02017,1.1054,0.61587,0.37985,-0.43228,0.068587,-0.0030612,0.313,0.42044,0.58894,-0.42103,-0.69322,-0.53442,0.16762,-2.7427,-0.25063,-0.29721,-0.1821,-0.080763,0.19838,-0.45579,0.065672,-0.68965,-0.053431,0.036871,0.040922,0.25,0.9634,0.49893,0.44119,-0.63671,0.48299,-0.21729,0.79087,-0.051291,-1.7757,-0.16732,0.40831,0.76793,1.2043,0.53208,0.37313,0.90585,-0.077626,0.97198,-1.3847,-0.48578,0.28142,0.66889,0.86502,0.046908,-1.0556,-0.029953,0.025526,0.26447,0.20193,-0.21691,-1.3403,0.58399,1.056,-0.82692,-0.47052,-0.83051,1.1151,0.26945,-0.25071,-1.034,-0.73544,0.45718,0.79713,0.29977,-0.25835,0.62392,0.87442,1.5084,1.3091,1.6897,-0.21897,0.24331,0.64652,0.39301,1.1906,0.22261,-0.033119,0.70192,0.49259,0.62278,0.51594,-0.82009,-0.83738,-0.16235,0.32627,1.2422,-0.27923,-0.46815,0.2246,0.30958,1.2818,0.3681,-0.099473,0.10063,0.97981,1.1671,0.58882,0.33329,1.0359,1.0445,1.5319,0.22842,1.0474,0.80559,0.62431,0.27469,0.26981,0.15978,-0.23729,-0.4116,0.062039,0.21977,-0.22676,-0.60897,0.53133,-0.74437,-0.3223,-0.10138,-0.49005,-0.40368,-0.10198,-0.88165,-0.94363,-0.72289,-0.24146,-0.005794,-0.22048,-1.0785,-1.3805,-0.028245,0.4076,1.5949,-0.078506,0.99797,0.91683,1.1117,0.90411,1.1918,1.024,0.78978,1.5712,2.5067,1.2974,1.1932,0.97292,-0.30705,-0.04186,-0.016006,1.0837,-0.72996,-0.66576,0.11226,0.67317,0.73794,-1.0504,-1.5045,0.1102,0.76865,0.53725,0.27901,-1.2329,-0.31465,0.36944,0.38664,0.27508,-0.35336,-0.6543,0.89557,0.12229,-0.24791,-0.34255,0.056248,0.17904,-0.39647,0.403,0.47504,0.42488,1.3828,1.3114,1.5606,1.3197,0.87828,1.5477,0.14599,0.61636,0.20745,-0.26115,-0.79793,0.40516,1.6352,1.0716,-0.38438,-0.022444,0.27178,1.4773,1.3447,0.61847,-0.62291,0.52683,0.68618,0.21644,-0.60014,0.23479,0.65656,1.3414,2.4074,1.173,0.22144,0.36142,0.83703,1.1686,1.2861,0.43567,0.58892,0.72013,0.66928,0.86736,1.0906,2.2368,0.0056742,0.67846,-0.97586,-1.0782,-0.71566,-0.24803,-0.68234,-1.7281,-1.2785,0.13343,-1.174,-0.062689,-1.0057,-1.1378,0.047233,-0.9963,-0.4034,-0.86727,-2.0453,-1.1264,-0.54709,-0.56534,-1.3022,-0.54057,-0.24311,0.095268,0.030037,-0.56683,0.097512,0.054121,-0.076689,1.0957,0.83324,0.3263,1.4013,0.71719,0.31126,-0.12388,0.033462,0.8807,-0.58919,0.010961,1.1709,0.92304,0.46653,0.96515,1.3818,1.3072,-0.27935,-0.57168,-0.73953,0.71116,0.25748,0.42056,0.60516,0.44583,1.2658,1.5832,-0.37938,-1.0998,-0.97914,-0.29381,-0.224,0.41054,0.11659,-0.0045233,0.73858,1.5582,0.75412,1.2484,-0.020101,-0.071222,0.15557,0.64648,-0.49524,-0.12608,-1.3671,-0.47532,0.10807,-0.37173,-0.44787,-1.1487,-0.48223,-0.68061,0.20756,-0.61522,-1.0057,-0.71705,-0.20038,0.36887,-0.069519,-0.1976,-0.1947,0.5825,1.6232,1.4392,1.2604,1.1627,1.7134,0.86304,-0.18826,0.56892,0.18639,1.0387,0.016622,0.096385,0.37705,0.15775,0.38919,0.80477,0.41791,-0.24136,-0.11332,0.29003,0.73636,0.55713,0.38773,0.68938,0.22454,1.6121,0.1466,0.54052,-0.50594,-0.060671,0.20344,0.40018,0.11964,-0.98852,0.219,0.84221,1.1851,0.38664,-0.17059,-0.29251,0.93909,1.0614,-0.33311,0.78923,1.1639,-0.027725,0.0052768,-0.99226,-1.4614,-1.9989,-1.2249,0.3183,0.91992,-0.046191,-0.93851,-0.22866,-0.76831,-0.18225,-0.1675,-1.5694,-1.5194,-0.51768,0.16942,-0.30205,-0.74185,-1.2937,-1.0996,-0.29304,-0.8078,-1.3949,-1.4718,-0.3496,-0.56675,0.7445,-0.58261,0.099373,0.82998,0.71196,0.82093,-0.39618,-0.25298,-0.53608,-0.025317,-0.99343,-1.6255,-1.9234,-1.1523,-0.27868,-1.9274,-1.2745,-0.261,0.073388,-0.61843,1.0009,0.21241,-0.18487,0.29406,-0.036761,0.041397,0.14357,-0.68,0.6415,-0.055997,0.15279,-0.55654,-0.82168,-0.21001,0.0020062,0.092711,-0.93504,-1.017,-0.8866,-0.86932,-0.79926,-1.0331,-1.27,-0.5662,-1.5241,-0.20343,-0.63868,-0.82381,-0.26921,0.83771,0.45085,0.13178,-0.088208,0.98607,1.1668,1.5943,1.0847,-0.15848,-0.4418,0.15358,0.075179,-0.33251,-2.0072,-1.5567,-0.73462,-0.23004,-0.30646,-1.0221,-2.3449,-0.83906,-0.89212,-0.59095,-0.50091,-1.2729,-1.2064,0.224,0.24424,0.11192,-1.3618,0.34896,0.76507,0.66235,0.35792,0.13933,0.39319,-0.079052,1.1617,0.19515,-0.16773,-0.38972,-0.29321,-0.054915,0.53815,-0.23237,-1.2694,0.39742,0.56327,0.7644,-1.0031,-1.2597,-1.4324,-0.55939,-0.84027,0.67277,-0.52422,-1.0051,-1.0669,0.55437,0.38944,1.1384,0.10399,-0.75171,-0.48233,-0.21338,-0.76481,-1.8042,-2.1335,-1.0642,-0.12841,0.22404,-0.42552,-0.90241,-0.83926,-0.99927,-0.86148,-0.78362,-0.63933,-0.63106,0.94986,1.1626,0.69214,0.64468,0.36309,0.21646,0.4891,-0.53253,-1.2951,-0.90362,-1.2423,0.030001,0.052307,-0.8524,-0.81322,-0.55412,-0.17631,0.55787,-0.19187,-0.65857,-0.3095,0.14785,0.07258,0.81099,-1.1303,-0.25468,0.080546,-0.53934,-0.42781,-1.3533,-1.1711,-1.0288,-0.73305,-0.64577,-1.2525,-1.5027,-1.0782,-1.4352,-0.70928,-1.7168,-0.94757,-1.6787,0.27214,0.54078,-0.66353,-1.5401,-1.0984,-1.3091,0.13424,-0.18364,-1.8172,-1.1226,-1.4074,-1.1569,-1.6591,-1.6461,-2.2167,-1.9216,-2.0921,-0.43681,-0.42006,-0.56682,-1.6018,-0.67645,-0.5503,-0.42449,-0.59822,-0.87911,-1.1711,-0.38434,-0.74311,-1.1532,-2.1642,-1.2218,-2.2707,-0.77477,-1.1479,-2.0362,-0.41881,-0.038121,-0.43041,-0.80954,0.31041,0.641,1.0902,1.1258,1.011,0.28288,-0.30069,-0.10054,-0.42374,0.92669,-0.12179,-0.45671,-1.2761,0.62613,0.29859,1.5666,-0.041322,1.2832,1.0245,1.452,0.38424,-1.1949,-1.2291,-0.05871,0.41393,-0.34232,-0.046573,0.14006,0.29303,0.42438,1.4843,0.25649,0.29411,2.0995,0.93943,0.66152,0.6489,-0.3112,0.57295,0.98325,0.78309,1.2477,-0.30067,0.90452,0.070815,-0.27975,-1.0085,-0.73169,-0.43943,0.07342,-1.4298,-0.88765,0.029429,0.68914,0.7202,0.48584,1.3519,1.3388,1.6556,0.32919,0.94249,0.9031,1.0164,0.77187,1.2199,0.35912,1.14,-0.67597,0.14063,0.97039,0.52952,-0.43532,-0.28023,0.41517,0.14105,-1.1572,-0.6397,-0.76192,-0.43232,-0.018233,-1.0228,-0.8543,0.019208,-0.51582,0.069842,0.10627,-0.23938,-0.29969,0.36752,0.52411,-0.20769,0.7253,0.5051,0.81851,1.535,1.6735,1.3579,1.0891,1.2386,2.0163,1.3855,1.3589,1.374,1.2299,0.80278,0.71538,1.2414,0.55888,-0.15005,-0.071224,0.17679,-0.2876,-0.5101,0.01054,-0.39203,-0.34817,-0.037501,-0.26061,0.32898,0.024716,0.65704,1.2288,0.83552,1.4133,-0.29831,0.90625,0.69759,0.33962,-0.7605,-0.19586,1.761,2.0279,0.86835,0.60576,0.6967,1.451,0.4563,-0.56614,-0.96618,-1.1791,-0.60728,-0.020844,0.033725,0.42408,-0.84728,-0.47957,0.18058,1.1441,1.7606,1.3801,1.2548,1.9252,1.6453,1.7635,1.0907,0.57128,1.1705,-0.13439,1.1586,0.055941,-0.061298,0.16317,-0.33724,0.57969,-0.30281,-0.49955,-0.053013,-1.0049,-0.21189,-0.80888,-1.0249,0.11056,0.42758,1.3572,0.12733,0.24804,0.51936,0.2648,-0.62461,-0.49952,-0.050131,-0.097387,-0.33382,-1.3621,-0.67189,-0.2602,-0.00075504,0.33145,0.71933,0.61099,1.3849,1.5786,1.2514,0.79215,0.47613,0.081824,-0.21443,0.6818,0.73377,0.79941,0.77005,1.4222,0.51176,0.6501,0.010219,-0.29698,1.0519,0.89822,-0.45471,-1.0846,-0.35197,0.64089,-0.41941,-0.47137,-0.46734,-0.3638,0.11854,-0.085802,0.18442,-1.0873,-0.9475,-0.24445,0.28012,-1.0491,-0.92006,-0.75971,-0.79347,-0.36522,-0.78494,-0.51908,0.012579,-0.67808,-0.7662,0.066835,-0.8199,-0.45998,-0.43714,-0.29484,-0.80898,-0.62054,-0.81829,-1.0407,-1.0517,-0.92576,-0.42544,-0.69683,-0.86751,-0.98839,-0.5219,0.32589,-0.87133,-0.76971,-0.21031,-0.69803,0.18838,0.082596,0.024346,-1.0588,-0.23765,0.27946,0.42637,1.2902,0.16922,-0.32239,0.74418,0.42921,1.2472,-0.33632,0.80399,1.1953,1.9869,1.8185,0.20159,0.52777,0.8516,0.98751,1.5211,1.3404,1.2757,1.0975,0.97621,2.1591,0.44523,-0.17399,0.15318,0.84478,1.4229,-0.22713,0.77725,0.809,0.87063,0.9002,0.75387,1.0283,1.9787,0.92134,1.2279,1.6725,1.9395,1.0488,0.65258,0.45036,0.81532,0.43761,-0.057423,0.42346,-0.61634,-0.055953,0.39203,0.08377,-1.4105,0.024428,0.27375,0.38548,0.20054,-0.83216,-0.091436,-0.19094,0.22225,-0.39947,-0.72046,-0.87692,0.92585,0.72563,0.76592,0.5985,-0.25336,-0.58895,1.0664,1.1393,1.7324,0.73139,0.13113,0.60326,0.43366,1.34,1.2617,-0.43469,0.95213,0.36017,0.75405,0.93263,-0.56565,0.0062615,0.23079,-0.5209,1.3396,1.7071,0.39058,2.1735,1.668,1.9816,1.3581,0.49551,0.85315,0.91371,0.88024,-0.38767,-0.53727,0.0033325,-1.703,-0.34027,0.30561,-1.8823,-1.2784,-0.63974,0.49576,-0.38487,0.010713,-1.2781,-0.46057,-0.95886,-1.6121,-0.37509,-1.1263,-1.6334,-0.71014,-0.97558,-0.92298,-1.6707,-1.1692,-0.88736,-0.96798,-0.30224,-0.26362,-0.8281,0.88243,0.028704,1.102,0.045931,-0.68609,0.88205,0.39824,-0.10555,-1.138,-0.36478,-0.55573,-0.60401,-0.29766,-0.45403,-0.7499,-0.28652,-0.20938,0.17558,-0.70217,-0.71719,-1.2054,-0.57346,0.11197,-0.41906,-0.61144,0.16221,0.51675,0.88947,1.0626,-0.034029,0.5128,0.50538,1.1077,1.0463,0.68318,-0.35652,0.17515,0.44806,-0.097051,-0.85933,-0.041003,-0.12309,-0.68483,-0.26585,-0.59931,-1.2797,-0.93538,-0.25168,-0.98453,0.52724,-0.3479,0.26678,0.9661,0.96427,0.67706,-0.43357,1.3795,0.79667,0.96886,0.75325,0.58214,0.046474,0.74295,0.37893,-1.2881,-0.95509,-0.88908,-0.15425,-0.32048,0.52406,0.33254,-0.19117,-0.64765,1.3465,0.13674,-0.54882,-0.33737,-0.72779,-0.39136,-0.94444,1.0266,-0.12086,0.3702,-0.28976,-0.19644,0.8616,0.36703,0.19413,1.1893,0.40938,1.1281,0.21636,0.36425,0.27944,-0.060879,0.48096,-0.99984,-1.3456,0.075502,-0.38848,0.81753,0.12707,-1.1159,0.10238,0.75851,1.2501,0.62206,1.1195,1.2479,1.6819,1.3624,-0.65039,-0.39783,-0.24692,0.41879,0.50521,-0.19355,-1.0979,0.019543,0.29514,0.49576,-0.54322,-1.0764,-1.4536,-0.95089,-0.44851,-1.6727,-0.87764,-0.85551,-0.51289,0.0056549,0.71372,-0.88193,-0.90975,-0.005754,-1.2486,-0.8809,-0.84614,-1.6891,-0.92408,-0.77302,-0.23254,-0.34985,0.53929,0.34542,0.15732,0.98342
0.18158,0.53684,0.054257,0.25945,0.72432,-0.64359,0.1117,-1.6929,0.75883,-0.68715,0.38815,0.33283,-0.81516,-0.62117,-0.46149,-0.59842,0.70895,-0.0040165,-0.18262,0.041885,-0.82222,0.21696,0.0457,-0.70959,-0.86818,-1.0236,0.49378,-0.37569,-0.10044,-0.75101,-0.11182,0.2718,0.245,-0.95527,-0.28228,-1.9686,-1.4432,-0.64765,0.2594,-0.59934,-0.50982,-1.4345,0.56351,0.73287,-0.11977,-1.0127,-0.34787,-0.16074,-0.28837,-0.49892,0.067433,-0.24147,0.15007,-0.71017,-0.74532,-1.63,-0.55924,-0.70841,0.80007,0.29924,-0.15773,1.1001,1.3444,0.88795,-0.69141,-0.19348,0.30995,-0.061829,-0.10635,-0.26112,0.47656,0.084773,-0.45693,0.65562,-0.0075077,0.34248,-0.062241,0.0067523,-0.17976,1.2738,-0.25161,0.51383,0.21415,1.3703,1.1881,0.81166,1.1655,0.92179,0.6466,0.49234,-0.48485,-0.31364,1.8137,0.096448,-1.01,-0.28962,-0.22363,-1.0692,-1.1625,0.63236,-0.08584,0.65402,0.12427,0.14224,-0.30734,-0.11311,0.033663,-0.25286,-1.2513,-0.502,0.3501,0.0018852,-0.75167,-0.28452,-0.43553,-0.18104,-0.15631,0.060365,-0.071283,0.13817,-0.26535,-0.23138,-0.3178,1.4144,1.009,1.2742,0.84375,1.5843,1.0205,2.0396,2.2418,2.0669,1.7544,1.7668,2.5295,2.0544,1.877,0.76767,0.016352,-0.44085,-0.27423,-0.19814,0.18326,0.28592,0.2095,0.24011,1.7906,-0.10287,1.2379,-0.068206,1.2873,0.76309,1.2064,1.0553,1.6358,0.98674,0.64372,0.66371,0.70225,0.59665,-0.02571,0.43099,0.89253,0.70848,1.3968,0.067663,0.42829,0.61272,1.2188,0.07981,0.64759,-1.0073,-1.0839,-0.7156,0.097353,-0.036075,-0.66524,-0.54241,-0.044559,-0.02927,-0.74933,0.17275,-0.21965,0.6178,0.69327,0.5595,0.65645,-0.24369,1.0183,0.80385,0.25141,0.29013,0.67344,1.1174,0.35321,0.62994,1.403,0.6646,1.2331,1.4911,2.2056,1.2352,1.4372,1.4768,1.0768,1.5043,0.8026,1.261,0.82176,1.3387,1.2488,0.34082,-0.098182,-0.3447,0.10237,0.70896,0.3122,-0.2211,0.05207,-0.42024,0.17905,1.1154,0.20677,-0.88924,-0.37827,1.0064,0.029871,-0.66666,0.24949,-0.64498,0.76043,1.393,-0.47479,0.4852,0.48386,0.20874,0.086488,-0.49825,-0.077984,-0.39404,1.3048,0.95713,0.47571,1.3089,1.4384,0.88769,0.80514,0.77103,0.31884,-0.59528,-1.5907,0.69136,-0.15394,-1.4445,-0.54623,-0.57161,-0.39315,0.43511,-0.82278,0.29579,0.53629,0.43352,0.73633,1.8142,0.96083,0.67282,-0.33835,0.33237,0.81319,1.8518,0.93868,1.1444,1.1393,1.7456,1.5296,0.20388,1.1141,1.9513,1.9842,1.0905,1.3358,2.0413,0.93684,0.67166,0.098676,0.51538,-1.2241,-0.2983,-0.71115,-0.99782,-1.1546,-2.5352,-0.87562,-0.85266,-2.6011,-1.1718,-0.67083,-0.34273,-0.62606,-1.114,-1.2622,-1.2509,-0.29779,-1.0752,-1.3858,-1.1592,-1.0723,-0.41767,-1.1857,-0.013404,-0.18585,-0.20203,-0.56472,-0.37029,-0.1119,-0.20279,0.68833,0.31518,0.18378,0.15986,-0.11582,-0.039437,0.58525,-0.0071454,-1.2663,-0.15285,0.25819,-0.55305,-0.5971,-0.76444,-0.54165,-0.73938,-1.118,-0.56733,-1.1881,-1.1126,-0.52446,-0.59664,0.44441,0.22924,-0.60539,0.6269,0.081126,0.7814,-0.33285,0.66259,-0.66833,-0.7421,0.21326,0.97931,0.62976,0.0051924,0.45917,-0.54343,-0.79969,-1.5087,-1.9083,-0.6159,-1.6365,-1.391,-1.1464,-1.243,-0.38297,-1.5118,-0.35053,0.19856,-0.14962,-0.63983,0.099078,-0.48481,-0.76158,-0.96358,-1.2061,-0.78507,-1.655,-1.868,-0.43267,0.24654,-0.70629,-0.40958,-0.54425,0.47042,-0.30458,-0.070008,-1.4772,-0.79748,-0.22156,-0.59092,-0.67869,-0.43883,-0.33871,-0.37397,-0.44386,-0.35471,1.0544,0.66932,1.226,1.3146,0.59877,0.2562,0.12908,-0.55163,0.59029,-0.2558,0.65105,-0.10268,0.39605,0.44751,0.28029,0.51048,0.54937,0.30301,0.63196,0.42125,0.52232,0.1392,0.21604,-0.28521,0.021544,1.0201,0.65355,-0.65634,-0.54529,-1.1894,-0.59025,0.15372,-0.11448,-1.2876,-1.4186,-0.82614,-1.6983,-2.0139,-1.1669,-1.5181,-0.59416,-0.939,-1.3238,-1.6669,-0.82045,-0.26871,-0.16266,-1.3501,-1.2528,-0.51941,-1.0126,-1.0298,-0.24357,-1.5334,-1.2744,-0.19595,-1.7749,-0.12263,0.79892,0.3442,0.82801,0.1406,-0.49631,-0.95598,0.59979,-1.4717,-1.0708,-1.1883,-1.0004,-1.0582,-0.7152,-0.63193,-1.048,-1.2505,0.82384,-0.66951,0.20057,1.3342,0.1812,0.32523,0.35508,0.13577,-0.29021,-1.1643,-1.3895,-0.9339,-1.5813,-1.8638,-0.56718,-1.512,-1.0456,-1.1918,-1.2598,-0.77478,-0.59348,-0.32401,-0.65451,1.0685,-0.18826,0.52652,0.60319,-0.21105,-0.10599,-0.1565,-0.68843,-0.48831,-0.36127,-0.18796,0.29033,1.1378,1.2608,0.43829,-0.11511,0.35195,0.50697,0.41068,-0.19719,-1.0799,-0.027988,0.16347,0.79144,-0.64786,-0.32651,-0.45967,0.11589,0.77927,0.37025,-0.7975,-0.44013,-0.78559,0.42213,0.12878,-0.019284,6.5071e-05,0.82079,0.19365,1.3556,0.77355,0.18813,0.85604,1.4043,0.23936,-0.040358,-0.50389,-0.22102,-1.6613,0.20575,-0.089774,-1.4421,0.16752,-0.33372,0.35214,0.069438,0.10239,-1.2108,-0.061867,-0.22681,-0.85549,-1.683,-1.6209,-1.0641,-0.65482,-0.65167,-1.7778,-0.68445,-1.3694,-1.769,-1.4388,-0.82484,-0.37498,-1.454,-0.51605,-1.3199,0.27621,-0.041197,-0.55623,-0.076991,-1.1555,0.024384,-0.064036,-0.49767,-0.29452,-1.1406,-0.57158,-0.55301,-0.27892,-0.50856,-1.2918,-0.91914,0.12453,-1.2309,-0.75284,-1.3816,-0.74117,0.1957,0.60744,-0.28572,1.152,0.08435,-0.4056,0.72513,-0.1324,0.81098,0.97584,1.0946,1.2308,0.50118,0.50041,0.84414,1.6374,0.68306,0.25421,-0.22433,0.82881,1.635,1.6199,0.028781,0.49883,-0.2209,-0.44476,-0.25038,-0.91268,-0.48393,-1.8272,-0.040553,-0.07536,0.87242,-0.21417,0.86178,-0.31769,-0.66135,0.75712,0.2621,0.039511,-1.0005,-0.91448,-0.24798,-0.7604,-0.26496,-0.77216,-1.379,0.39609,0.43415,-0.69543,-1.7146,-0.52112,-1.6624,-1.3077,-0.22594,-1.1253,-0.25017,-0.1648,0.19872,0.10663,-0.92447,-0.84957,-1.8781,-1.0818,0.69448,-0.31279,-0.48082,-0.47263,-0.42935,1.0107,0.49574,0.23824,1.181,1.5821,1.0603,0.95,1.2954,1.9035,1.9705,1.368,1.6719,0.95955,0.88807,0.19223,0.021383,0.87447,1.0604,-0.022416,-0.024388,0.020531,0.45942,0.1804,0.30668,0.91307,-0.12897,0.91941,-0.0032255,0.4949,1.883,1.335,0.88394,1.642,0.8725,1.848,1.2348,2.5086,1.7122,2.05,1.5544,1.9827,1.7006,2.5155,1.4764,0.31374,0.35384,0.087268,0.057611,-0.99878,0.098484,0.288,1.2319,0.43324,-0.93174,-0.25561,0.55047,0.50745,-0.78083,-0.56534,0.7316,1.826,0.52791,1.2703,0.90198,1.2189,1.0145,1.355,-0.43916,-0.23749,0.58995,0.02605,1.251,1.485,1.1433,0.19096,1.5992,0.71743,0.77537,-0.1197,-0.72603,-1.8018,-1.4068,-0.58868,-1.0055,-0.19639,-0.50087,-0.22622,-1.3442,-1.082,-0.3581,-0.024678,0.87606,0.20356,0.3556,0.20979,0.10027,0.3783,0.40314,0.24251,0.96751,0.66412,0.95065,0.8447,1.0788,0.093469,0.38874,0.34228,0.25394,0.85378,0.084955,0.27613,0.34839,0.61375,0.27518,-0.9028,-1.1182,-0.12058,-0.83913,0.27374,0.25714,0.85601,0.64692,1.4513,1.7549,1.276,-0.084068,0.18495,-0.73628,0.25909,-0.23259,-0.94597,-0.87298,0.23336,0.77734,1.034,-0.03078,0.40755,0.31519,-0.34058,-0.19786,-0.85232,-0.76888,-1.0452,-0.60531,0.30031,-1.4865,-0.4601,-1.3006,-0.37413,0.64592,0.52106,0.72259,0.030564,0.82669,1.3512,-0.32194,1.086,1.0593,1.3043,0.24971,0.21587,-1.2764,-2.0941,-2.261,-1.0158,-0.6635,-0.85554,0.056746,0.13327,0.25292,0.16288,-0.12086,0.21195,0.26108,-0.083012,0.54087,0.44322,-0.12479,1.5071,1.1172,-0.61119,-0.65268,-1.0701,-1.3037,-0.34043,-0.83757,-0.5842,-0.68336,-0.63699,0.55426,-1.0548,-0.64877,0.7308,-0.72326,-0.078274,-0.12799,-0.10565,-0.059804,-0.16655,-1.0132,-0.64704,-0.066349,-0.89132,-0.27677,0.42747,0.45229,-0.081021,-0.045662,-0.60321,-0.70714,-0.96563,-1.25,-0.79933,-0.84267,-1.1505,-0.93042,-1.5876,-2.293,-1.4474,-1.4766,-1.4779,-1.9143,-1.8917,-1.9795,-1.2426,-1.2091,-1.3246,-2.1404,-1.7813,-0.82867,-1.4615,-1.0925,-1.0931,-1.0151,-0.90254,-1.1987,-0.25096,-0.61139,-1.1311,-1.9317,-1.0145,-1.49,-0.85649,-1.1605,-1.3609,-1.3587,-1.0358,-1.5114,-0.55725,-1.2795,-1.6933,-0.87751,-1.2516,-1.2163,-1.4088,-1.0739,-0.54654,-1.0812,-1.6232,-1.8261,-1.4887,-1.241,-0.86282,-1.9853,-0.37635,-0.69488,-0.27959,0.64587,0.026304,-0.84914,-0.99796,0.28526,-0.19875,-0.22151,-1.047,0.38743,-0.36047,0.43307,0.51743,0.28951,0.31517,0.94007,0.99309,-0.10906,-0.19583,0.41701,-0.14096,1.6743,1.2992,0.91573,0.6811,0.86236,0.61613,1.9529,0.89214,0.73324,-0.028235,1.1941,0.21732,2.2773,1.795,1.0061,0.91439,0.9256,1.4561,0.56551,0.75193,-0.15505,-0.95076,-0.9133,-0.44759,-1.7814,-0.47007,-0.32785,-0.2594,-0.32656,-0.27648,0.05116,-0.2258,-0.27595,0.5157,-0.53505,-0.40497,0.21833,0.13576,-0.46955,0.23608,0.18258,0.34243,0.46055,1.3741,1.2709,1.8118,1.2892,1.497,1.447,1.7675,1.3708,0.85934,0.60858,0.020994,1.1255,-0.46849,-1.2152,-0.29355,-0.11732,-0.33263,-0.036204,0.98209,1.7203,1.2002,1.8535,2.5914,1.2197,1.1855,0.62263,1.8354,0.92996,1.1264,0.37126,0.39513,0.044485,0.47552,1.0614,0.54667,-0.12584,0.58385,-0.15471,-0.53746,-1.0936,-1.4709,-0.93055,-1.9847,-1.3389,-0.35933,0.16227,0.83768,0.28779,2.2998,0.83816,0.18972,-0.085069,-0.26042,0.11236,1.4143,0.87317,0.31166,0.68932,0.64708,1.2723,0.68688,1.3744,1.578,2.0542,1.4036,0.20909,0.46525,0.96995,0.79256,1.6745,0.52728,1.0762,0.29744,-0.31447,-0.59339,0.5723,-0.3101,0.12444,-0.73561,0.50628,1.3133,0.013894,0.15829,0.24983,1.2925,2.1506,0.84082,1.9439,1.3507,1.829,0.3418,1.7038,1.154,1.0239,0.18101,0.057976,0.39347,-0.64248,-0.99587,-1.8437,-0.89062,-0.23106,-0.91391,-1.2564,-1.8064,-0.5078,0.64694,-0.35493,0.59975,0.63288,0.28603,0.49249,1.3868,1.2223,0.95603,1.6644,1.2259,1.141,1.168,1.0931,1.2256,1.601,1.5716,0.048916,-0.0059945,0.56088,0.24549,-1.5427,-0.35358,-0.19342,0.066704,0.56918,1.0957,1.5022,0.3282,0.52201,-0.33154,-0.03507,-0.58255,-0.54057,0.39556,1.0637,1.2188,1.7516,-0.65175,0.54913,0.12618,-0.83521,-0.43412,-1.1529,0.070828,-0.31247,0.99936,0.2592,-0.24342,-0.097348,-0.50485,1.2706,0.52642,-0.2315,0.51128,-0.014463,1.4334,0.73068,0.63898,0.87354,1.4809,0.87639,1.4158,1.0123,0.79063,0.60156,0.59631,1.1923,0.58162,0.072769,0.41566,0.87674,-0.091282,-1.9166,-1.2617,-1.2867,-0.89974,-1.3038,-0.66669,-0.99025,-0.8608,-0.72254,-0.34419,-0.8371,-0.90187,-0.28649,-0.49804,-0.35856,0.95261,0.17615,-0.53297,-0.7952,-0.66259,-0.16364,-0.60837,-0.70698,0.64925,0.91939,-0.32689,0.56258,0.99355,0.68348
0.65678,0.96799,2.5273,1.1262,0.80775,0.24509,0.84383,0.91783,0.055942,-0.3403,0.14217,1.0581,0.63327,1.3858,-0.34005,0.6368,0.51286,0.47164,0.26521,0.69102,-0.10554,0.51639,0.097224,-0.49891,0.84014,0.24138,-0.32593,0.74864,-0.10211,-0.041786,0.30594,0.20422,0.74086,0.85596,0.81372,-0.32979,0.57938,0.15278,0.88778,-0.20992,0.11979,0.27755,-0.15235,0.40176,-0.39006,0.073664,-0.31991,-0.35202,-0.21172,-0.074192,-0.35226,0.029273,-0.021451,-0.3804,-0.82254,0.49106,-1.0941,-1.3075,-0.29614,-0.37136,0.19893,2.2058,0.38149,0.25197,-0.098255,1.0388,1.082,0.82932,0.25903,0.40719,0.67916,0.93358,0.62738,-0.085398,-0.80733,0.36348,-0.3568,0.88464,-0.18406,0.90204,0.8297,-0.22274,0.14954,-0.37736,-0.20427,0.14454,0.062689,-0.13586,1.8081,0.47649,-0.19878,-0.14795,0.38916,0.30712,-0.72908,-0.0087298,-0.61313,-0.4328,-0.56542,0.25996,0.99871,-0.084288,1.2249,0.86283,2.114,0.75445,0.74448,-0.07557,-0.45639,-0.11955,-0.60801,0.4028,-0.35183,0.54436,0.12894,0.70748,-0.862,1.1529,0.0060759,0.29884,-0.99082,0.28364,0.77637,0.62353,0.65459,0.35146,0.62623,0.15632,-0.21264,0.9462,0.50071,0.86745,1.2838,0.71949,0.73262,0.51383,1.8289,0.53458,0.68617,1.0907,0.65153,0.060124,0.51167,-0.32467,1.256,1.7107,0.0026382,0.67546,0.72439,0.90355,0.8354,1.1875,0.73399,0.99755,0.85024,0.48886,0.36191,0.19766,0.96297,0.48973,-0.64264,-0.26135,0.13846,1.5754,-0.10617,-0.22089,0.2964,-0.48967,-0.53816,-0.53138,-1.6006,-0.21051,-0.29978,-0.26087,-0.41318,-0.43407,0.26637,-0.19343,-0.29261,-0.79237,0.35791,-0.45535,-0.65787,-0.483,-0.54794,-0.059932,0.18557,0.35648,0.0001514,-1.4562,0.90032,0.11807,0.20846,-0.57676,0.60708,0.70557,0.2223,1.588,0.77858,0.70025,1.6431,0.86176,1.9466,0.061473,-0.57157,-0.27318,0.49937,0.501,0.88099,-0.21094,0.14755,-0.023323,-0.18525,0.0041475,0.29532,0.059949,0.57173,-0.24424,0.59484,0.1315,0.82522,-0.59954,0.7286,-0.66055,0.23733,-0.55022,0.024986,0.26587,0.53504,0.012161,-0.33992,-0.45197,-0.10822,-0.022232,1.0222,-0.11286,0.61174,0.63258,0.36726,0.20943,0.20676,0.44462,0.70419,-0.08986,0.3629,0.099451,-0.27404,0.57459,-1.0562,1.0724,-0.42413,0.41364,0.22465,-1.0132,0.38373,-0.47062,0.30285,0.73409,0.24977,0.17806,-0.47343,0.97114,-0.12164,-0.3791,-0.41027,0.084942,-0.9244,-0.25581,-0.89702,-0.34146,0.64216,0.4698,0.46874,0.34912,0.16553,0.16975,0.24204,0.47607,0.37825,0.70215,0.061572,-0.79828,-0.52228,-0.54015,-0.92428,-0.44376,-0.77063,-0.40536,0.00046147,-0.031152,-0.048082,0.010098,-0.44006,0.30149,0.65757,0.071752,0.25326,0.53419,0.4822,0.057147,0.48495,0.0035583,0.21716,0.41423,-0.64002,0.28746,-0.64348,-0.11249,0.4244,0.2035,0.52429,1.076,0.59294,-0.12696,0.81996,0.67687,-0.51124,0.31396,-0.44923,0.36811,-0.10756,-0.097236,0.74012,0.55918,0.015113,0.26902,0.39971,0.080015,1.1465,-0.80298,0.32687,0.45819,0.92666,0.13362,0.96537,0.24103,0.1701,0.35705,0.87564,-0.35129,0.058166,0.073807,-0.28529,-0.61661,-0.46136,0.81194,-0.66112,0.12232,-0.9686,0.015405,-0.11378,-1.0873,-1.8752,-1.3533,-0.10544,-0.62147,-0.63546,-0.66428,-0.085901,-0.79705,-0.61274,-0.72845,0.37543,0.34427,0.078085,-0.67748,0.40129,0.25455,0.63303,0.96649,-0.3375,-0.33131,-0.36806,0.69846,0.046257,-0.15729,-0.013282,-0.72871,0.27742,0.25976,0.14664,-0.57173,-0.045244,-0.43864,-0.093991,0.44231,-0.32034,-1.0136,-0.49808,0.99878,0.57914,0.48154,-0.18965,-0.27269,0.16904,0.28049,-0.17276,-0.46337,0.00056626,0.089188,-0.26889,-0.16367,-1.5958,0.21114,0.28131,-0.3672,-0.23309,0.34352,-0.24399,1.4015,-0.55284,-0.45072,-0.95251,0.1574,0.076696,-0.10198,-0.021222,-1.2397,0.11041,-0.24004,-0.76056,-0.72964,-0.31053,-0.16765,-0.4376,-0.83799,-0.94749,-0.61623,-0.061523,-0.037829,-0.45806,-0.099859,0.60814,0.28203,-0.29325,0.067464,0.64698,0.14085,-0.28571,0.30228,-0.5275,0.10962,0.067974,-0.4234,-0.81593,0.20006,-0.42268,-0.26485,-0.39887,-0.29212,-0.84452,-0.1652,-0.17331,-0.32215,-0.22346,1.1771,-0.80963,0.22805,-1.0778,-0.21672,-0.52942,-0.86538,-0.13099,-1.0589,-1.9159,0.099432,-0.39741,-1.5419,-1.3133,-0.82188,-1.6535,-1.1272,-1.5864,-2.0229,-1.2886,-1.3441,-1.3652,-1.4147,-1.5157,-0.72401,-0.57418,-0.77631,-0.597,-0.63436,-0.1008,0.31143,0.041403,-0.51362,-0.23946,-0.49394,0.66255,-0.55094,-0.44549,-0.95396,-0.335,-0.24406,-0.80901,-0.80649,-0.26496,-1.3777,-1.0017,-0.4039,-0.61243,-0.48963,-0.407,-0.93109,-1.3017,-0.27275,-0.52022,-0.18426,-0.2503,0.17817,-0.028915,-0.030091,-0.2876,-0.12472,-0.9745,0.14865,0.17594,0.43991,0.43964,-0.080206,0.1497,-0.45927,-0.15088,0.26244,0.45968,-0.92043,-0.24916,1.1125,-0.001401,0.18348,-0.211,0.048723,-1.0024,-0.85045,-0.19262,0.49572,0.53646,1.0381,-0.75538,1.3269,0.18802,-0.022035,0.15469,0.59369,-0.81408,0.64094,0.46929,0.88875,-0.22465,-0.44937,-0.53167,0.66983,-0.65462,-0.15564,-0.57261,-0.36064,-0.38811,0.85476,-0.48374,-0.38087,0.43304,-0.035108,0.95592,-0.20079,0.026176,-0.51861,-0.069458,-0.47867,0.20158,0.065732,-0.13086,-1.1845,-0.20054,-1.9965,-1.2759,-0.35132,-0.32649,-0.93193,-0.50954,-0.55011,-1.0176,-0.88594,-1.0073,-0.29432,-1.1248,-0.77071,-1.2547,-0.89416,-0.52462,-0.73637,-0.35537,-1.7202,-1.6173,-0.794,-0.25674,-0.12417,-0.9492,-0.19551,-0.71808,0.044185,-0.18427,-0.20975,-0.67964,-0.23202,-0.75099,-0.28053,0.47782,-1.3542,-1.4655,-0.66803,-0.84892,-0.52397,-0.84875,-1.5124,-0.47267,-1.2055,-0.65906,-1.3341,-0.092882,-1.5352,0.040316,-0.91835,-0.87009,-1.0273,-1.1879,-1.3272,-0.97768,-0.31132,-0.10387,-1.0089,-0.79563,-0.19812,0.17899,-0.65317,-1.0053,-0.1477,0.33151,-0.9174,-0.52512,-1.2546,-0.33583,0.40272,-0.15938,-0.80538,-0.43994,-0.21757,0.4264,-0.28031,-0.06736,-0.66427,0.50672,0.17828,1.2738,0.58266,0.50711,-0.060351,-1.0919,0.67908,0.50124,-1.1457,0.78907,-0.60752,0.54316,0.67956,-0.49272,-1.0748,-0.27564,0.026262,0.85771,-0.61621,-0.83403,-0.18029,-0.25551,0.87811,0.13973,0.86442,-0.23699,0.9373,-0.034974,0.78868,1.1612,0.34097,1.7166,0.086588,0.37744,0.55156,0.31919,-0.045944,1.4485,0.92812,-0.61358,0.22661,0.32081,0.079107,0.36609,-0.59801,-0.10941,0.0079626,-0.12327,0.51775,-1.0639,0.032761,-0.10504,0.07891,-0.63288,0.12016,-0.38011,0.26325,0.30881,1.0128,0.0047223,1.0405,-0.3679,-0.21581,-0.35599,-0.69727,-0.63064,-0.90368,-1.4012,-0.52537,-0.72288,-0.76773,-1.0904,0.16789,0.58958,-0.81277,-0.045684,-1.0798,-0.37535,0.1286,-0.181,-1.2232,-1.1913,-0.12883,-0.52501,-1.5659,-1.5206,-0.84613,-0.27038,-0.3865,-0.25682,-0.52764,-0.32734,0.95505,0.83138,0.51236,1.2373,0.83315,1.4031,0.7358,0.15069,1.1527,0.16495,1.3404,0.075862,-0.19459,0.1409,0.20746,0.46697,-0.18128,0.29938,-0.49076,-0.37383,-0.12152,-0.87359,-0.44158,-0.72453,-0.72449,0.11118,0.19962,-0.57542,-0.31879,0.26919,0.48276,0.27068,0.79579,-0.26135,0.3601,-0.88862,-0.82762,-0.71296,0.12112,-0.62026,-0.19949,-0.15915,0.14136,-0.68203,-1.4447,-0.38123,-1.5377,-0.20387,-0.82344,-2.1861,0.1534,-0.94389,1.14,-0.6537,1.2626,-0.04395,0.40212,-0.36811,-0.22257,0.93841,1.5416,0.45162,0.74432,0.60489,0.80853,0.62176,0.67762,0.47623,0.31771,-0.32753,0.95105,0.055226,-0.86424,-0.31305,-1.128,0.3555,-0.81251,-0.47121,-0.18104,-0.34889,0.35088,0.68127,-0.00067435,0.64765,0.24457,0.2866,-0.3016,0.018615,-0.47468,0.46818,0.090129,-0.29753,-0.26111,-1.0879,-1.1787,0.10546,-0.30934,-0.23229,-0.29431,-0.231,-1.3328,-1.4166,-0.58954,-0.29612,-1.5711,-0.20351,-0.70325,-0.35581,-0.018217,-0.85995,-0.62231,-0.32786,-0.66114,-1.2837,0.24975,-0.22226,-0.17033,0.75118,1.2669,1.04,-0.16486,-1.2253,-0.85482,-0.91686,-0.95381,-0.82079,-0.66759,-0.7249,-0.26512,0.028685,0.30402,0.45876,0.29659,-0.081736,1.3822,0.33729,-0.0092495,0.14174,-0.1455,-0.36587,0.44904,0.62243,-0.578,-0.30994,-0.90208,-0.014281,-0.65747,0.38448,0.34806,0.035202,-0.10074,0.20869,-0.89662,-0.32371,-0.075604,-0.77515,-0.44016,-0.3924,0.32628,-0.58997,0.32631,0.035257,0.6949,0.56084,0.11202,0.65327,0.034235,0.15477,0.16282,-0.061113,-0.40161,-0.43466,0.39185,0.2515,-0.37174,1.156,0.27259,-0.50769,0.79313,-0.48226,0.23669,0.12844,0.29521,0.35161,-0.34201,0.86289,0.078985,-0.96017,0.2859,0.021554,0.31553,0.60324,-0.40561,0.63047,1.6351,1.7472,0.5153,0.4841,1.3065,0.81493,0.94939,0.68385,0.083166,-0.0073554,0.81032,1.0018,1.0703,-0.21459,0.391,0.74613,0.51199,0.78581,-0.17645,-0.073212,-0.4756,0.629,-0.24676,-0.046604,0.25422,-0.6538,0.26107,-0.70001,-0.39961,0.31415,-0.11686,-0.059707,0.89251,-0.079716,0.94125,0.3897,0.40935,0.80885,1.0864,0.83853,0.32356,0.32033,0.22736,1.2688,0.23168,0.40606,0.71775,0.92372,1.2276,0.73863,0.28149,0.50719,0.52221,0.13959,-0.49901,0.63605,0.3673,0.15245,-1.168,-0.087464,-0.41013,-0.81425,-0.19894,0.09345,0.1337,-0.57093,-0.27146,0.028998,-0.53606,-0.96948,-0.9377,0.25968,-1.5051,-0.076604,0.45798,-0.21068,0.20298,0.64551,0.79858,-0.063455,-0.39755,0.075765,-1.0828,-0.46037,0.10602,-1.6714,0.17368,-0.53759,-1.008,-0.16498,0.022649,0.25338,-0.44256,1.1301,0.99467,0.45384,-0.68785,0.12763,0.73334,-0.74362,0.88888,0.48257,0.65052,0.52063,0.93717,0.60231,-0.14962,1.2595,0.47838,0.34221,-0.73659,-0.48626,-0.55153,-0.96947,0.33245,-0.62171,-1.0121,0.28385,-0.57208,-0.22136,-0.99884,-0.59575,-0.31903,-0.57376,-0.84046,0.14129,0.20458,0.5756,0.10769,1.063,-0.20075,0.89673,0.27518,1.8326,0.52404,0.84246,0.26287,0.054271,0.75603,0.5381,0.46649,-0.23259,-0.084586,-0.94463,-0.26745,-0.71744,-0.47623,-0.28123,-0.13021,-0.19184,0.31688,0.16028,0.81461,1.1142,0.51773,-0.2015,0.93326,1.3431,0.43751,0.77471,1.026,1.2014,0.76292,0.664,0.51363,0.39449,0.86258,0.93884,1.2128,0.2071,-0.053889,-1.1324,-0.22543,-0.51573,-0.16428,-0.21249,0.14138,-0.26145,0.40418,-0.026275,1.1767,0.64433,0.10222,-1.0319,0.1076,0.93894,0.33268,0.98679,0.52484,1.2714,0.094196,-0.23365,-1.6635,0.42004,0.1591,0.071267,-0.53942,1.2003,0.3717,1.0165,1.8533,1.1015,0.51903,0.67551,0.4247,1.1482,0.62586,1.0226,0.96563,1.9569,1.025,0.43505,0.69256,0.14532,1.4331,0.14162,1.2263,0.45722,-0.46244,-0.75827,-1.2976,-1.5365,0.29978,-0.88614,-0.68484,-0.95114,-0.48113,-0.25565,-0.31645,0.4371,-0.1342,-0.23241,-1.0113,0.28577,-0.34122,0.8333,-0.22496,0.99396,2.0643,1.079,2.548,1.4424,0.26789,0.83529,1.5862,0.83738,0.40552,0.84811,0.23326,0.22608,0.41872,0.66801,-0.036093,1.7935,0.64534,0.60618
0.59024,0.14234,0.095334,0.76061,-0.47739,0.35438,0.46856,0.36489,-0.31047,0.70728,0.97819,0.47728,-0.40701,-1.2603,-1.1763,-1.7459,-1.381,-0.10448,-0.13723,-0.63279,-0.020904,-0.71884,-0.7888,-0.9425,-0.18785,-0.87385,-0.61575,-0.50328,0.032461,0.17164,-0.32325,0.46349,-0.7777,-1.1489,-1.8364,-0.35152,-0.61744,-1.1593,-1.1455,-1.4501,-0.72944,0.61622,1.5502,0.59521,1.0891,0.44116,0.30096,0.26401,-1.2746,-1.5062,-0.86335,-0.87506,-0.65046,-1.6046,-1.0929,-1.0362,-0.85259,-1.2776,-1.0017,-1.8052,-0.46132,-1.3797,-1.6969,-1.0515,-0.13672,-0.59508,-0.51337,-0.62627,-0.66233,-1.372,-1.7968,-1.1551,-0.70769,0.35117,0.74499,0.041517,-0.15888,-0.7727,0.13278,1.1948,-0.33399,-0.30569,-0.64867,0.5992,1.0174,0.29419,0.47434,-0.16462,-0.21901,0.54395,-0.28102,0.53458,-0.17808,-0.81322,1.4475,0.78124,-0.46603,-0.54242,-0.91498,-1.67,-0.97074,-0.405,0.89779,0.14616,-1.334,-1.2946,-0.86589,0.76877,-0.89814,-0.015233,-0.27919,-1.1825,-0.64975,-1.1802,-0.81486,-0.60962,-0.33957,-0.52696,-1.38,-0.95757,-0.95453,0.1167,0.4251,-0.12858,-0.157,0.62202,0.21235,0.19754,0.56495,0.44004,1.4751,0.36338,0.3372,0.70255,1.0112,0.55796,-1.3059,0.48098,0.22195,0.42729,-0.033291,-0.89838,-0.43804,1.183,1.1371,1.6191,1.6415,2.0112,1.2919,1.2288,0.77429,0.0061199,0.081279,0.26327,0.76363,0.0055933,-0.11502,0.58374,0.11332,0.39285,1.419,1.0314,0.97743,1.4212,0.92227,0.98752,1.5803,0.82478,1.4206,2.0915,1.1826,1.1625,0.62247,0.4534,0.67081,0.59915,1.3675,1.3041,1.6668,2.5028,1.7566,1.6104,1.7163,1.483,1.4097,0.93189,0.29214,0.2162,-0.361,0.02592,-0.44456,0.67311,0.64711,1.0067,1.0112,0.72064,-0.19058,-0.36202,0.59477,-0.11771,0.073923,1.68,1.0857,0.67898,0.65608,1.5425,0.027251,1.1404,1.4615,1.8016,2.1101,1.9378,0.74542,0.60571,1.1624,2.0272,2.033,1.5283,1.6862,1.4573,-0.34936,0.43696,0.77484,0.23992,0.35211,0.10808,-0.3034,0.0079254,0.092596,0.1944,0.33749,-0.20002,0.055574,0.13916,-0.012442,0.56355,0.11079,0.23979,0.08984,-0.086013,0.73519,0.07447,-0.123,0.0011049,0.3517,0.9266,1.1728,0.37596,0.4008,-0.98522,0.094874,-0.13483,-0.45436,-0.41829,-1.0069,-0.31241,0.36835,0.1102,-0.64135,-0.73138,-0.44425,0.27768,0.25915,0.14055,-0.1552,0.99709,0.65583,-0.54243,0.1437,0.4029,0.94224,1.2778,1.1182,0.66176,0.94173,1.3842,0.95396,1.945,2.0678,1.2546,1.6801,1.9439,1.4827,1.7409,1.0812,0.42994,-0.16264,0.49731,1.5271,1.215,0.48961,0.038983,-0.14115,-1.2275,-1.1372,-0.72132,-1.0151,-1.2435,-0.18608,-0.69558,-1.1966,-0.67913,-0.95125,-0.018001,-0.89206,-0.25469,-0.40285,-0.36668,-0.56397,-0.74914,0.13954,-0.47042,-0.45404,-0.43724,-0.59194,0.87971,1.5569,1.2659,1.1669,0.65379,0.64021,0.65563,-0.14129,0.76443,-0.39626,-0.17685,-0.040982,0.42373,0.42241,-0.088648,-0.82373,-1.241,-1.4676,-0.2024,-1.455,-1.2583,-1.6877,-0.74888,0.16731,-0.86172,-0.68713,1.1434,1.4658,0.76415,-0.17214,-0.54561,-1.6017,-0.41164,0.039615,-0.12173,0.75245,0.72191,1.68,0.61463,0.65535,1.0195,0.49239,-1.4377,-0.93453,-0.90292,-0.79809,-0.61479,-1.5402,-1.7458,-0.84515,-0.42648,-0.035465,0.38574,-0.61084,-0.44462,-0.12938,-0.79585,-0.39976,-1.3515,-1.221,-1.779,-0.49242,-0.60482,-0.57847,0.21776,1.0529,1.3375,1.1864,0.10249,-0.2072,-0.51772,-0.75114,0.071354,-0.04707,-0.40039,-0.24981,1.1243,0.14578,1.1017,0.42586,1.2598,1.4815,1.8205,1.9922,2.5445,2.1905,1.1225,1.0278,-0.070093,0.86856,0.26909,0.48459,0.033212,0.19243,1.2148,0.95433,0.62052,1.255,0.28526,0.035606,1.4665,1.9377,1.0747,1.305,0.083842,0.33699,0.29935,1.1626,0.83145,-0.17382,0.60359,-0.54283,1.4121,1.0759,0.40698,0.072435,-0.33979,-0.49583,0.41082,-0.23298,-0.2995,0.2217,1.0742,-0.28344,0.036483,-0.10677,-0.35736,-1.0715,-0.32338,-0.56749,-0.49252,-0.9577,-0.40011,-0.94427,-0.46838,-0.77638,0.31686,1.1964,1.2285,1.3453,1.4295,1.7575,1.1307,1.6783,0.48162,0.20644,0.63835,1.3543,0.10647,-0.71006,-0.50738,-0.9266,-0.59373,0.065779,0.20934,-0.54986,0.062178,0.93834,0.95474,0.99202,0.58207,0.069022,0.219,-1.143,-1.0703,-0.96862,-2.0008,-1.5794,-2.0672,-1.2769,-2.0139,-1.5186,-1.4799,-1.152,-0.48452,-0.3357,-0.34973,-0.36568,0.35972,0.16564,-1.0625,-1.0136,-1.0149,-0.67815,-0.90918,-1.1744,-1.7395,-0.66448,-0.72013,-0.34485,-0.13367,-0.10226,0.19258,1.1882,1.5533,1.3275,0.52352,0.82131,1.1381,-0.017189,0.65652,0.0014102,-0.026324,0.050899,-0.2441,-0.15676,-0.61097,-0.42406,0.066752,0.029044,-0.24409,-0.26321,0.48724,-0.46667,-0.60008,0.48726,-0.60282,-0.52748,1.2658,0.4072,0.082293,-0.92487,-2.1904,-2.6464,-1.9545,-1.6809,-2.6815,-2.0831,-2.4295,-2.3309,-2.6523,-1.1408,-1.1998,-0.04222,-0.76333,-2.0946,-1.2739,-1.4028,-3.7778,-2.441,-2.7843,-2.3361,-1.4068,-1.7981,-1.8562,-1.431,-2.21,-1.7031,-0.92768,-2.2574,-2.1224,-1.5455,-1.0893,-0.89285,-1.2967,-0.36955,-1.259,-0.90146,-0.076586,-0.65712,-0.28019,0.43259,0.16812,0.24446,-0.48425,-0.9725,0.18544,-0.33314,0.2895,-1.2552,0.025018,0.18221,0.552,1.0312,0.96349,0.12753,0.44517,-0.28504,0.74897,0.60693,-0.65199,-0.0093489,0.43907,0.59451,-0.36449,1.1639,0.22176,0.99243,1.0729,0.86131,0.47481,0.9712,0.52236,0.92192,0.46482,0.19058,-0.36425,-0.026054,-0.57739,-0.15451,-0.072812,-1.1261,-0.96107,1.3863,0.91014,0.67871,-0.39203,0.0080991,0.41878,0.72417,0.86366,1.342,1.3253,0.20965,-0.40438,0.22177,-0.80092,-0.29556,-1.3709,-0.52993,-1.3802,-0.039542,-0.61587,-0.99496,-1.2237,-0.72971,-0.20391,0.082044,-0.34544,-1.145,-0.72312,-0.87377,-0.28043,-0.70135,-1.1372,-1.5444,-0.78927,0.14281,-1.9989,-2.0838,-0.82687,-0.74193,-0.048132,0.45428,0.96767,2.1697,2.3098,2.6832,1.7338,1.5294,1.3945,1.7042,2.0001,1.424,1.9558,2.0474,1.6215,0.61717,-0.043963,-0.015548,-1.1546,-0.54932,-0.41264,-1.8553,-1.8566,-1.803,-2.1152,0.087089,-0.18194,-1.3291,-1.6179,0.56165,-1.2901,0.234,-0.85203,0.70506,0.23106,0.87389,1.7567,0.97202,1.5732,1.1844,1.4057,1.2607,1.3228,1.2146,-0.78781,-1.5424,-1.1163,-1.6148,-2.883,-2.2959,-1.3435,-0.88336,-1.3202,-2.0001,-1.6839,-2.5284,-0.68312,-2.7403,-2.1997,-2.0363,-0.99595,-0.68637,-0.38474,0.75731,1.7898,1.5958,0.32211,-1.1021,-1.9104,-0.74913,0.45331,1.0381,0.14566,0.63125,1.0494,1.955,1.9839,0.8844,-0.094489,-1.0455,-1.6467,-0.79238,-1.6554,-1.2912,-0.51044,-1.2365,-0.69344,-1.5541,-0.48573,-2.0705,-0.79605,0.1579,-1.1186,0.23635,0.43466,0.85457,1.1373,0.83021,-0.42618,-0.46678,-0.055642,0.71017,0.92841,0.57034,0.67669,0.70233,0.29566,0.44323,1.1948,0.88428,1.6021,0.89176,-0.12395,0.54065,-0.35785,-0.44529,-0.64136,-0.60518,0.052269,0.79763,0.78599,0.31758,1.0947,0.54258,1.3515,1.6252,0.73377,1.0229,0.71822,0.66095,-0.94618,-0.60906,0.73842,0.88634,1.563,1.2808,1.4472,-0.72868,-1.0439,-0.65021,-0.72221,-1.0019,-1.9854,-2.5868,-1.2369,-2.153,-2.0935,-2.0821,-2.0363,-1.0115,-0.96449,-1.2626,-0.73251,-0.10332,0.84967,-0.3326,0.57471,0.5383,0.4715,1.7404,1.5617,-0.18238,-0.37348,-1.1657,-1.2384,-1.5443,-1.4905,-0.59474,-0.66472,0.089776,0.015599,-0.14365,-0.43772,-0.4446,-0.59042,0.29242,1.0048,0.91739,0.65385,-0.12852,-0.39174,-1.1368,-1.0463,-0.67924,-0.03649,-0.64933,-0.99954,-0.59902,-0.3484,-0.40957,-0.71161,0.099561,0.57374,0.94366,0.49781,0.63324,0.56231,0.72014,1.2969,1.5254,0.63849,1.3943,1.0786,1.8385,2.2596,1.335,1.0599,1.7534,0.68738,1.4844,1.0656,-0.30764,-0.75537,-2.3113,-1.3748,-1.5066,-2.7143,-1.5543,-1.0632,-1.0525,-1.6373,-1.1954,-1.1211,-0.78313,-0.33621,-0.63925,-0.56052,-0.23158,0.31534,-0.92533,-0.14344,-0.018345,-0.27673,0.2662,-0.64816,-0.1692,-0.18787,-0.35973,-0.82808,-0.80569,-0.64625,-1.1853,-1.2636,-1.1144,-1.8746,-0.87782,-1.6664,-1.197,-1.6758,-1.7806,-0.91444,-1.159,-0.64698,-0.78035,-1.7676,-0.79671,-1.4147,-0.62158,-1.2379,-1.2311,-1.2359,-1.4799,-0.94472,-1.3159,-1.7171,-2.7639,-1.5183,-1.0378,-0.31157,-0.098444,-0.70089,-0.88248,-1.5994,-1.9668,-1.6978,-0.45583,-1.0658,0.57187,0.084759,0.30691,-0.37251,0.55737,-0.4823,-0.84663,-1.7599,0.36251,0.31256,1.2691,1.1456,0.77136,1.2727,0.57791,0.46663,1.0356,-0.14724,-0.45602,-0.80958,1.0833,-0.7452,1.1172,1.4912,1.2385,0.50314,0.95239,0.19551,0.4844,-0.037491,-1.246,-1.7987,-2.3584,-2.2017,-1.8022,-1.3317,-1.8662,-2.557,-1.2303,-2.1128,-1.4536,-1.2557,-1.5083,-1.0409,-2.1586,-2.1327,-2.3336,-1.5711,-1.1969,-2.155,-2.073,-2.1975,-1.3131,-1.3524,-1.3374,-1.8697,-0.48738,0.68992,0.32243,1.1317,0.53004,1.3481,0.91135,0.44488,-0.94732,-1.1624,-0.75571,-0.84717,-0.51676,-0.315,0.32654,-0.29231,-0.27038,-0.19285,-0.078221,-0.25505,0.95097,1.6711,1.4806,0.30143,0.3885,0.71082,-0.87987,-0.061315,0.40163,-0.37924,0.60459,-0.636,0.56867,-0.29235,-0.38282,1.0407,1.682,0.97184,0.87503,-0.77088,0.20417,0.9658,1.4542,1.1221,1.8596,2.1332,1.5358,1.8637,0.26274,0.40688,1.2881,1.3272,1.583,0.38189,1.3294,0.020997,1.1272,1.2481,1.8592,2.53,2.5362,3.1261,2.832,2.7558,2.9236,2.6928,2.097,2.8484,1.9957,2.5123,1.0487,0.54023,-0.18644,-1.4765,-0.84527,-0.26904,0.40198,-0.61782,-0.75677,-0.24082,-0.97335,0.14635,0.28025,1.5101,-0.75714,0.50095,0.90895,1.388,1.9212,1.5934,0.74575,1.7276,1.8033,1.2595,-0.20176,-0.28739,-1.185,-0.65582,-0.16292,-0.65395,-0.3102,0.15387,0.054697,1.0167,0.19255,1.0374,1.1762,0.87888,0.65909,1.0456,0.9328,1.4854,2.1507,2.5299,2.0257,2.1675,1.8706,2.229,2.3666,2.2487,2.0714,2.0567,1.7338,1.3541,-0.047641,0.28139,0.32251,0.51251,1.2569,1.378,1.4956,0.66753,0.87387,0.8473,0.72163,0.6717,0.45709,0.51621,1.0991,2.4375,1.2268,0.66893,1.479,-0.34727,-1.7317,-0.84671,-1.0341,-0.90921,-0.99625,-0.40284,-0.67898,-1.3425,-1.4838,-0.23291,-0.57042,0.32937,-0.025321,-1.0968,-1.1258,0.42308,0.36792,0.29482,0.36286,1.4313,1.8816,2.4494,1.6635,2.9564,1.7044,1.5929,2.6156,1.1445,1.2236,2.5194,2.1292,1.798,0.95815,0.05737,-0.94435,-0.28249,0.13286,-0.72018,-0.27169,-0.68353,-1.2121,-0.45326,-1.3856,-0.48988,-0.86449,-0.52466,-0.24917,0.19828,-1.2361,-1.1724,-0.32358,-0.68244,-0.26824,-0.35109,0.039266,-0.51689,0.19216,0.22011,0.13758,-0.72412,-0.26204
1.3529,0.25769,0.60552,0.18508,1.4155,1.2061,0.77263,-0.84271,-0.51889,0.040019,0.19179,0.34479,-1.0454,0.091213,1.3281,1.1465,0.7698,1.2571,0.43273,1.0331,0.16951,-0.20779,0.67545,0.9512,-0.086409,-0.5724,0.58393,0.2832,-0.70599,-0.65214,0.70196,0.50715,0.16488,-0.18793,0.69696,0.088353,-0.055976,0.39376,-0.031693,0.17614,1.6479,0.0057435,-0.32014,-0.063725,0.50922,-0.36063,0.28531,0.1218,0.11299,0.34684,-0.027947,-1.0373,-0.092787,1.1057,-0.55539,-0.71671,-0.20256,-0.2042,0.6818,0.7829,-0.30624,0.61426,0.59467,0.5891,-0.1053,-0.65331,0.31435,0.49749,-0.17681,-0.56998,0.23333,0.48706,0.27901,0.5748,0.50321,1.0218,1.0897,1.0735,1.078,1.2299,0.14844,0.53837,1.343,0.34463,1.2942,0.42487,-0.024738,0.88144,0.63574,-0.10228,0.1784,-0.18719,-0.66584,1.0165,0.71492,0.55548,0.46009,0.098955,0.63546,1.1079,0.89139,1.5647,1.9828,-0.99004,1.2277,1.0999,0.87111,-0.22707,0.052223,-1.0483,-0.18512,-0.41174,1.3017,0.67024,-0.077165,0.76034,1.1723,0.29549,0.93221,0.84993,0.65243,1.6494,1.4025,0.62311,0.5668,1.0212,1.2714,0.77895,0.64983,1.0126,0.96699,1.0212,0.18927,0.96334,0.91767,0.32345,0.37298,1.995,1.3384,0.87969,0.39059,0.32141,0.90611,0.045282,0.65097,0.78838,1.5866,1.9044,0.41932,1.3063,1.0724,0.35826,0.80098,0.12521,0.47791,0.34125,1.0044,0.78597,0.41465,0.78497,-0.41108,0.20155,-0.011365,0.41109,-0.062982,0.90881,-0.3209,0.31759,-1.1251,-0.13127,-0.63654,-1.7817,-0.97962,0.36259,-0.12423,0.26781,-0.16617,0.42746,0.31904,-0.12372,-0.27823,-0.57266,-0.37129,0.26082,-0.84086,-0.44209,-0.0065759,-0.60272,0.42201,-0.13154,0.81169,-0.38666,0.66649,0.56415,-0.29718,0.29373,1.6858,1.3913,1.0859,0.8838,-0.12691,-0.01158,1.0351,0.62792,0.62184,0.35239,-0.054871,-0.26837,0.99413,-0.95904,-0.34074,-0.038701,-1.0595,-0.7916,-0.13885,-0.0058608,0.31681,-0.6619,0.5567,-1.139,0.7901,-0.15441,0.91184,-0.16702,-1.1468,-1.0389,0.11657,-0.65517,-1.042,-0.68694,-0.45197,0.19974,-0.46412,0.39404,-0.17357,-0.31952,0.22996,0.1932,0.31281,0.58631,0.58928,0.29382,0.54335,1.0478,0.22602,-0.77451,-0.30548,0.15289,-1.3083,-0.25401,-1.0712,0.10975,-0.093459,-0.61232,-1.1333,-0.83176,-0.7986,0.92208,1.4112,0.50068,-0.65187,-1.4014,0.0080887,0.31444,-0.37451,-1.8471,-0.92145,-0.1522,0.22801,0.41868,-0.57044,-1.0169,-0.46814,-0.35849,-0.23213,0.17361,-0.22464,-0.084258,0.25801,0.60899,-0.73987,0.30742,-1.1377,-0.90432,-1.5271,-0.38425,1.4005,1.1523,0.36725,-0.22967,0.18195,-0.045254,0.086464,0.51864,-0.10635,-0.22114,0.45413,0.2923,0.26813,-0.22673,-1.0356,-0.8806,-0.46071,-1.0259,-0.83122,0.18,-0.8957,-0.54199,0.75739,-0.21153,0.41432,0.37042,0.39671,0.69806,0.82492,-0.53665,0.33229,0.056523,0.73328,-0.3133,-0.24658,-0.084724,0.35368,0.072785,-0.42419,-0.74835,-0.38768,-1.0752,-0.194,-0.32799,-0.42765,-1.4691,-0.63639,-0.54307,-1.217,-0.23109,0.26862,-0.70067,-0.14672,0.0016533,-0.13482,-0.074997,-0.1675,-1.1403,-0.88464,-1.3287,-0.22039,-0.99792,-0.51976,-0.4004,0.075448,-0.028648,-1.707,-0.91751,-0.72363,-1.019,-0.45339,-1.7426,-0.89145,-1.6835,-0.74174,0.1665,0.29823,-0.10127,-0.2523,-0.36211,-0.94241,-0.23661,0.37082,-0.33245,-1.331,-1.0506,-1.0989,-0.37939,-0.046828,0.21964,-0.17991,0.51365,0.4088,0.34967,0.44888,0.36066,0.060281,0.18401,0.051011,-1.3204,-0.22096,-0.12614,-0.4143,-1.1821,-0.48869,0.023447,0.075522,0.1359,-0.17776,0.51541,0.20385,-0.16972,-0.35267,-0.11884,-1.0807,0.65903,-1.1045,0.67404,-1.0063,-0.69263,0.40494,0.78532,0.40464,0.29128,0.072684,-0.87523,-0.11493,-0.11666,0.0051865,-0.92217,-1.2704,-0.213,-1.1248,-1.7814,-1.3424,-0.88542,-0.92319,-0.20616,1.888,0.42749,1.5711,0.70315,0.71176,0.22575,0.89994,-0.39771,0.14055,-0.104,-0.73681,-0.53595,0.55638,-0.16494,-0.25727,-0.96254,-0.64581,-0.74926,-0.11433,-0.039859,-0.50207,-0.34944,-0.89611,0.48938,-0.0062929,-0.5336,0.66397,0.64547,0.5691,1.0696,0.089454,0.74276,-0.44311,-0.43363,-0.49999,-0.14847,-1.821,-0.90508,-2.0306,-0.89682,-0.76946,-1.2306,-0.76975,-1.9616,-1.1721,-2.3053,-1.6783,-1.4148,-1.0087,-0.71765,-0.86723,-0.99435,-1.4468,-0.7215,-1.1461,-0.75656,-1.082,-0.92789,0.33929,-0.082696,0.066164,0.046899,0.10624,0.081032,0.67529,-0.0086936,-0.0028953,0.39867,-0.76238,-0.62037,0.37146,-0.34802,-0.42195,-0.53335,-0.39033,0.39602,-0.36716,-0.16642,-0.061461,-0.59344,0.36108,-0.31035,0.49676,-0.05207,0.090994,-0.39317,-0.69961,-0.13498,-0.81494,-0.56851,-0.73233,0.29634,0.05342,-0.11245,0.38784,0.1699,0.43278,-0.40521,0.0066432,-0.39179,0.58086,-0.068078,-0.65206,0.12196,-0.13316,0.11762,-0.1141,0.6022,0.16305,0.087387,-0.66034,-0.65598,0.083573,-0.12613,0.12367,-0.084734,-0.97521,0.28533,-0.086995,-1.0941,-0.38351,-0.05392,-0.53345,-0.25364,-0.42204,0.056832,-0.38452,-0.93748,-0.56567,-1.0743,0.94253,-1.0021,1.1519,0.81889,0.16894,0.40013,-0.23911,-0.46608,-0.045994,0.58016,-0.39252,-0.52835,-0.081405,-0.26559,-0.30368,-0.22217,-0.95915,-0.50542,0.048458,-0.31359,0.21918,0.088769,0.40343,0.75245,0.57167,1.5239,1.2627,1.0092,0.3477,-0.45567,-0.85937,-0.27349,-1.0363,-0.60899,-0.79449,-0.34196,-0.93522,-0.41509,-0.094584,-0.97206,-0.381,-0.18074,-0.7436,-0.40579,-0.20008,-0.36705,-0.9402,-0.11558,-0.12137,0.41167,0.44977,-0.56869,1.0375,0.81827,-0.10562,-0.62132,0.18801,-0.54952,0.18644,-0.054027,0.10802,1.1255,-0.54895,1.4591,0.50635,0.69799,0.23478,0.24448,0.35142,0.57205,-0.15877,-0.46191,-0.46111,-0.46112,0.054235,-0.51022,-1.045,0.035553,0.53945,0.31544,0.60779,-0.10584,0.71588,1.1148,0.89151,0.016057,0.62025,0.77259,0.23351,0.63175,0.85721,-0.25937,-0.39356,0.95514,0.83199,0.65423,0.4414,0.53886,1.5476,0.89862,1.0175,0.98608,1.357,0.916,0.51365,1.469,1.1223,0.54054,1.1093,-0.66152,0.3601,0.052596,-0.16315,0.13525,0.55127,0.36737,-0.13705,-0.4982,-0.19469,0.28998,0.21669,1.0132,0.45131,0.50162,0.64926,1.3947,0.49061,0.97728,1.6269,1.8965,-0.16915,0.87658,0.14832,-0.38646,-0.42997,-0.0025642,-0.25162,0.4906,-0.10457,0.91328,0.19025,0.34754,-0.46973,-0.024793,0.10442,-0.016496,-0.63157,-0.66511,-1.2332,-0.25232,-1.1419,-0.73834,0.13372,0.97621,0.27782,-0.12645,0.30433,0.78134,0.57888,0.61065,0.28496,-0.34005,-1.0782,-0.6853,-1.1162,-0.39097,-1.24,-1.031,-0.64466,-0.63688,-0.78886,-1.3026,0.52197,-0.078671,-0.21101,-0.21232,-0.82568,-0.098,-0.44815,-1.648,-0.99049,-1.2062,-0.33008,-0.66402,-0.29125,-0.35887,0.18886,0.18796,0.7859,1.0155,1.3424,0.05822,0.9387,0.71268,0.4366,0.42856,0.47341,0.74896,0.19303,-0.40978,0.23472,0.016028,-0.054164,-0.30887,-0.23344,0.14221,0.23465,-1.1913,-0.396,-0.52828,-1.2382,-0.62463,-1.0371,-0.92717,-1.248,-1.2848,-1.291,-0.92249,-0.44055,-0.40628,0.30227,1.1936,1.2706,0.556,-0.24738,-0.28962,-0.62524,-0.61727,-1.7396,-1.2423,-1.1752,-2.057,-0.85991,-1.1765,-0.29925,-1.1641,-0.59232,-0.96128,-0.77776,-0.42655,-0.50426,0.034401,0.58033,0.75189,1.1164,-0.11375,-0.57894,-0.52099,-0.026984,-0.36809,-0.16973,0.25921,-0.42431,0.45975,0.4106,-0.075853,-0.3238,-1.4676,-0.67326,-1.1134,-1.1218,-0.85665,-0.79359,-1.4169,-1.6179,-1.2095,-1.272,-1.3196,0.6258,0.3957,0.51926,0.32572,0.63994,0.59121,-0.051104,-0.108,-1.3153,-0.77623,-0.59816,-1.1305,-1.1895,-1.6573,-1.3815,-1.8449,-1.3868,-1.497,-1.387,0.16731,-0.67154,-0.50787,-0.72831,0.11354,0.19975,0.64625,-0.93019,-1.8898,-1.0868,-0.99127,-0.86881,-1.9022,-0.92526,-1.7463,-1.7831,-0.65609,-2.1351,-1.3199,-1.824,-1.5081,-1.2947,-1.0669,-1.4644,-1.8647,-1.2274,-1.3929,-0.90272,-1.0991,-1.2548,0.54099,0.40364,-1.0158,0.55968,1.0216,0.70204,0.4609,0.073572,-0.20298,0.16043,0.0052374,0.08319,-0.36479,-0.19338,-0.054836,-0.48019,-0.64774,-0.077125,-1.0432,-0.52026,-1.1607,-0.46403,-0.59375,0.10598,-0.053775,-0.58647,-0.0041583,0.44839,-0.31875,0.41609,-0.45306,-0.24793,-0.12734,0.20517,0.34422,0.99249,0.19107,-0.23618,-0.079296,0.35993,1.1469,0.26495,0.049884,0.089912,0.25567,-0.20968,0.68979,-0.48591,0.13939,0.33634,-0.90234,0.66732,0.074924,-0.98356,0.61192,-0.72244,0.23573,0.29467,-0.71343,0.096832,-0.067225,-0.72678,0.80613,0.24088,1.219,-0.20815,-0.2557,-0.8009,0.47688,0.33731,-1.0787,-0.97515,-0.85222,-0.28294,1.0421,0.72277,-0.1045,-0.72088,-0.57295,-0.60929,0.41649,0.68797,0.37777,0.25344,0.47249,0.76276,-0.038114,0.12536,0.23472,-0.77873,-1.1032,-0.90959,-1.3277,-0.99994,-0.96337,-1.6124,-0.30508,0.077354,0.79299,-0.33817,0.42158,0.10336,0.72362,-0.023549,0.93096,0.22324,0.41864,0.40199,-0.40992,-0.21578,-0.34717,0.025644,-1.0645,0.2111,0.54317,-0.22607,0.48379,-0.40653,0.61223,-0.31247,-0.34706,-0.22357,-0.014706,-0.74909,-0.81431,0.57262,0.26085,-0.64791,-0.44618,-0.90522,-0.70091,-0.010318,-0.18846,1.0513,-0.73102,0.93098,1.2324,-0.156,0.47795,1.1538,0.2152,0.091328,-0.11237,-1.2148,-0.78367,-1.4896,0.35779,-0.56857,-0.52351,0.52321,0.73655,0.67271,0.44875,0.59402,1.044,0.22372,0.034073,0.45831,-0.29246,0.55063,0.17964,1.6321,0.63984,0.73417,1.4197,0.9207,1.3225,0.5189,1.3432,1.4076,1.0468,0.61998,0.90307,0.90137,1.6227,0.17117,0.25427,0.95999,1.7517,1.3403,0.66696,0.66209,-0.53454,-0.10995,-0.66877,-0.27566,-0.68065,-0.36487,1.0146,-0.081413,-0.5781,0.26702,-0.24944,-0.14812,0.44561,0.038162,0.46456,0.73865,0.56928,-0.20438,1.4983,2.0727,0.76171,0.31114,0.7484,-0.34763,0.42468,1.2617,-0.060964,0.68957,0.33514,-0.1993,-0.52793,-0.054154,0.23373,0.76039,0.55176,0.31765,1.2775,1.548,1.5275,1.4201,0.7221,1.2075,0.98006,0.82312,0.37276,0.81306,0.34138,1.4385,0.26854,-0.089979,-0.00098992,-0.32527,0.81094,0.0012131,-0.86123,0.11564,-0.34632,0.27359,-0.38781,-0.076455,0.81144,0.24731,1.4737,0.36359,-0.029072,0.089446,0.445,0.069234,0.03621,-0.0154,0.42255,0.40727,-0.1853,0.69895,-0.2432,0.00092351,-0.29808,-0.36075,-0.11863,-0.76431,0.019583,-1.0051,0.73651,-0.072744,0.1859,1.007,0.87009,1.0117,1.151,1.4313,0.44247,0.83518,1.4733,0.70383,2.5145,1.0269,0.66893,1.9726,1.3555,0.61106,0.32565,0.94394,-0.4161,0.42209,0.18528,-0.53697,-0.54899,-0.40796,-0.19592,-0.48937,-1.4601,0.0054846,0.33455,0.73344,0.70834,0.89741,0.31615,0.99437,0.90245,0.71613,-0.46602,0.97439,-0.21595,1.0433,1.0409,0.95291,0.12894,0.29413,0.34604,0.84422,0.037452,-0.0074146,0.063829,0.60119,1.042,0.37545,0.75911,1.8381,1.4213,0.39676,1.4871,0.52828
-0.0060853,0.73648,0.6739,-0.087575,0.050377,-0.65207,0.47785,1.5713,0.67153,0.85808,-0.48277,-0.11267,-0.26693,-0.32225,0.89814,0.69056,0.34973,0.73579,0.51917,0.21995,-0.72804,-0.92978,-0.026198,0.49616,-0.42678,-0.30632,-0.17607,-0.47327,0.13303,0.47348,-0.77964,-0.4778,-0.062181,0.46693,0.0099523,-0.00053749,-0.31462,-0.94441,-0.3208,0.44221,-0.041046,-0.92399,-0.049108,0.30018,0.93953,0.26449,-0.50575,-0.92793,-0.41698,-0.43371,-0.091122,-0.54942,-0.31389,0.057134,0.18283,0.32585,-0.21012,0.3858,-1.119,0.79209,0.34435,1.3033,0.28345,-0.58967,-0.15184,0.46486,-0.39074,-0.96,-0.096305,0.26952,-0.6726,0.99297,-1.1282,-0.58552,-1.2643,0.57466,1.3694,1.3624,-0.092245,0.23706,0.54129,1.2989,-0.12988,-0.8445,-0.76965,-0.013616,0.14896,-0.20239,-0.73564,-0.65441,-0.13692,-0.053562,-0.18038,1.2806,-1.0946,-0.58238,-0.22447,-0.22424,0.0016087,-0.60819,-0.28474,-0.17361,0.20233,-1.2766,-1.4526,-0.49514,0.64704,-0.43251,-0.65225,-0.32653,-1.1203,-0.20534,-0.5273,0.54203,0.32036,0.41353,-0.7686,0.75059,-0.64079,0.43637,-0.14212,-0.35057,0.34709,-0.25879,-0.31159,-0.16772,1.0186,1.3299,0.45003,0.036216,-0.1407,1.1959,1.0215,1.2974,0.39785,0.69023,-0.12341,0.084402,0.35037,0.51986,0.52099,-0.09011,-0.041204,0.73485,0.71551,0.83538,1.045,-0.12468,0.092108,0.65443,0.83413,0.73101,-0.1914,0.18941,-0.049151,0.63543,-0.59112,-0.070387,-0.027575,0.1659,-0.24607,0.81427,-0.25444,0.4556,0.8493,0.89703,0.72876,-0.059483,-0.43218,-1.1968,-0.34282,-1.0086,-0.50276,-0.46704,-0.21561,-0.10319,0.4184,-0.58697,-0.91659,-0.68045,-0.6163,-0.17611,-0.37872,-0.25883,-0.3557,0.2315,-0.14981,-0.2039,-0.4913,-0.33916,0.18796,-0.10723,0.44293,-0.29677,0.31723,-0.060528,1.2308,0.67887,-0.22323,1.3284,0.86423,1.4774,0.53456,0.83119,0.1965,0.36008,1.1529,0.73677,0.51346,0.47109,-0.0045979,-0.36987,0.42987,0.41631,-0.034595,-0.2702,0.52688,0.41904,0.56905,0.49148,-0.92964,-0.39276,0.023334,-0.86947,-0.20363,-0.10107,-1.0711,-0.92999,-0.53562,-0.51567,0.31627,-0.66779,0.15263,-0.23253,-0.87261,-0.49738,-1.3877,-0.48733,-0.42285,0.46226,0.62744,0.9774,0.29034,0.13649,0.79625,0.0028471,-0.73548,0.42515,0.37725,-0.62917,-0.27978,-0.51368,-0.41481,0.01266,0.45948,0.45743,0.072468,0.50342,0.016167,-0.017344,0.47403,0.42473,0.33272,-0.28932,0.42627,1.4186,-0.046347,0.67605,0.55282,0.091458,-0.19589,0.049486,0.27687,-0.090811,-0.061314,-0.11912,1.1959,0.99472,0.61296,0.68827,-0.9993,-0.38049,-1.1995,-1.1812,-0.35395,0.22635,-0.21595,-1.0035,-0.90491,-1.276,-0.018663,-0.26768,-1.3098,-0.63025,0.76422,0.06229,-0.24678,0.32291,0.39789,1.0479,0.50063,-0.049808,0.36847,-0.79475,0.55444,0.4063,0.94381,0.17595,0.76217,0.15937,1.0295,1.9275,0.1139,0.89025,0.96844,0.85086,1.3293,0.22813,0.048055,0.90621,0.35214,0.70834,-0.1932,0.21102,-0.27696,0.21434,0.27725,-0.66114,0.19213,0.6522,0.32889,-0.58287,0.0034194,-1.3098,-0.9675,-0.14944,-0.060809,-0.11116,0.28527,0.34532,0.052932,0.60336,-0.15408,-0.54374,-1.1749,-0.37758,-0.49861,-0.60417,-0.86294,-0.6792,-1.2899,-0.19914,-0.55501,-0.8387,-1.0919,-0.95206,-0.68468,-0.94753,-1.1175,-0.78461,-1.0498,-0.13869,1.3608,1.2294,0.20824,-0.47351,-0.35434,-0.4832,-0.62191,-0.55744,-1.2874,-1.87,-1.3865,-1.1601,0.098057,-0.44794,0.18444,-0.027698,-0.091863,0.67638,-0.13197,0.63882,0.56904,-0.62262,-0.50863,-0.13076,0.56552,0.22087,0.11558,0.28647,1.3959,0.42248,1.1677,0.77568,0.62993,0.94498,-0.12101,-0.085569,0.65971,1.0511,0.13163,0.91634,0.6681,-0.11944,0.04964,0.92792,0.76812,0.8861,-0.33287,0.71931,0.12974,-0.50961,0.23163,-0.2034,0.46613,-0.13404,0.49686,-0.66353,-0.04156,-0.80884,-1.2343,-0.48018,-0.039835,0.69126,0.62221,1.6547,0.10886,-0.65829,-0.10212,-0.071212,0.66648,-0.096433,-0.27521,-0.21431,0.63794,-0.13162,1.5414,0.13765,0.29708,0.72099,0.51712,1.0246,0.05454,0.51131,-0.19044,0.19585,0.53795,0.48693,0.58726,0.038244,0.67482,0.1212,0.28,1.4804,1.084,1.1684,1.0373,-0.1026,0.12359,1.1862,0.20405,0.0265,-0.24194,0.064657,-0.18114,-0.38826,0.60561,-0.25087,0.1873,-0.1604,-1.1201,-1.2695,-0.3549,-0.30705,-0.96401,-0.63308,-1.406,-0.82412,-1.3643,-2.1357,-0.52636,-0.60619,0.40862,-0.6289,-0.70341,0.79665,1.0945,0.43218,0.42203,0.044811,0.60608,0.54579,0.09873,-0.055082,0.17794,-0.60232,-0.74776,-0.13845,-0.99534,-0.58865,0.51506,-0.25125,0.20233,-0.18885,-0.19922,-0.2079,-0.13846,-0.33608,-0.20732,-1.0389,-1.0726,-0.20325,-0.42938,-0.45424,-0.917,0.62864,-0.66724,-0.67797,-0.44697,-0.43021,-0.80666,0.17125,0.019544,0.33752,-0.97112,-0.61315,-0.77474,0.21447,-0.14087,-0.41013,0.0088134,0.0028234,0.0211,-0.97571,-1.2464,-1.562,-1.5254,-1.5349,-0.81028,0.41679,-1.4769,0.85187,0.054199,-0.32995,0.10898,0.53785,0.92946,0.3584,0.30336,-0.29144,-1.5198,-1.0909,-0.81452,0.38755,-0.42872,0.1438,0.31577,-0.97039,-0.85202,0.25705,-0.63898,-0.48749,0.050142,-0.083647,0.25789,0.68102,0.9968,0.42561,0.57175,0.47234,0.030715,0.55616,-0.59689,-0.89276,0.030605,-1.6197,-0.13752,0.23422,-0.065456,0.20083,0.10484,0.44958,-0.75461,-0.77245,-0.024111,0.58879,-0.62064,-1.3916,-0.8587,-1.2439,-0.050507,0.59915,-0.79479,0.34429,-0.65176,-0.7429,0.59456,0.25391,0.072123,0.01461,0.56385,0.65432,0.52197,0.52194,-0.10131,0.32963,1.4522,-0.44626,0.47894,-0.55539,-0.4576,0.29032,-0.25552,-0.76007,-0.86139,-0.57029,-0.24033,0.67892,0.35979,-0.4195,1.0259,0.43989,-0.48784,0.12366,-0.88751,-1.1992,-1.216,-0.30676,-0.3348,-0.70724,-1.2892,-0.8417,-1.0965,1.1298,0.69063,-0.32387,-0.51974,-0.10407,0.61748,-0.55985,0.87576,0.13473,-0.54259,0.283,0.37892,0.40909,0.20763,-0.15176,0.17999,1.5611,-0.23595,0.19773,-0.61742,0.38763,1.0544,0.68971,-0.11537,-0.70893,0.78601,0.40621,-0.71283,-0.26143,-0.059378,-0.19186,0.8117,-0.65585,-0.24806,-0.25731,0.28985,-0.13671,-0.97769,0.032615,-0.65154,0.085139,1.3233,0.0579,-0.18712,0.32217,-0.38104,0.30868,-0.15527,0.32505,0.7053,-0.41124,0.72998,0.99292,1.1231,-0.3396,-1.1337,-0.066513,0.31965,0.87861,0.034739,0.53555,0.72763,0.31408,0.066424,0.20784,0.17886,-0.67154,-0.58623,0.29316,-1.3894,-0.37922,-0.2431,1.388,-0.33585,1.4045,0.61852,1.4716,0.73162,0.41776,0.15427,0.33028,0.49762,-0.1815,-0.14849,-0.096606,-1.025,-1.2236,0.1396,-0.49735,-1.0381,-0.70354,-0.86354,-0.0033703,0.18614,0.027311,-0.26583,-0.46487,0.53092,0.44028,-0.048746,-0.28874,-1.0985,-0.012007,-1.0246,-0.010697,-0.26253,0.94711,0.57927,0.46064,0.36349,1.0145,0.50669,1.1198,1.0203,1.2158,1.3301,0.22745,1.6846,2.2496,0.79207,0.62386,0.69107,0.76261,0.89288,0.62692,0.48239,-1.1131,0.092553,0.68781,-0.44619,-0.15906,0.29583,-0.22349,-0.99373,-0.54457,-0.53132,-0.46715,-1.3935,-0.79785,0.60517,-0.36687,-0.23821,1.0131,0.40558,0.38275,1.0762,0.13052,0.063971,-0.52145,-0.57906,0.67761,-0.7889,-1.3087,-0.74082,-0.095284,-0.47986,-0.8635,-1.0829,-0.85147,0.40317,0.29787,0.69501,0.47072,0.46283,1.2041,-0.084503,0.53163,-0.82603,-0.34701,0.7434,0.76804,0.82524,-0.084522,0.055432,0.5977,0.67201,1.4116,0.99423,-0.091669,-0.28469,-0.024122,-0.22662,-0.90576,0.35094,-1.7286,-0.75994,-0.65077,-0.37238,0.45318,0.99415,0.46838,0.84006,0.91408,-0.76997,0.60256,1.1917,0.74307,0.42468,0.69114,-0.34999,-0.10384,-0.74363,-0.1975,-1.5527,-0.53063,-0.14146,-0.088777,-0.65404,-0.21535,-0.49868,0.51311,0.68914,-0.20516,0.80909,0.12264,0.51992,-1.3748,0.37351,-0.62289,0.17648,-0.045968,0.2744,-0.28825,-0.27212,-0.026271,-0.0032572,1.1555,-0.66623,-0.675,-0.15228,-0.071473,-0.13454,-0.24433,-1.3541,-0.60161,-0.20014,-0.72463,-0.59463,-0.88644,-0.61293,1.2432,-0.038951,-0.84387,0.12674,0.18394,-0.47405,-0.017879,0.6749,0.56765,1.1547,1.4724,-0.083272,-0.13406,0.10097,0.07838,0.21133,-0.76418,-0.43613,0.11476,0.29297,-0.25558,0.20801,-0.29415,0.38834,-0.046521,-0.44723,-0.77879,0.1779,-0.46724,-0.51231,-0.080794,-0.040933,-0.52523,0.76367,-0.0016446,0.4158,0.2148,0.11795,1.1201,0.052976,0.29714,-0.39375,1.0029,0.0061321,0.25522,0.10449,0.17235,1.1223,2.6193,2.1178,1.3194,-0.81008,-0.26755,0.78161,-0.71791,-0.2052,-0.072265,-0.23197,-0.14801,-0.34168,0.3184,-0.59738,0.75008,0.91632,1.1449,0.12486,-0.13138,0.72878,0.87582,-0.67816,-0.41478,-1.1134,-0.0087545,0.14177,0.17752,0.45456,0.7565,0.044806,0.11509,1.083,1.283,0.10206,0.080955,0.56061,-0.4209,-0.13327,-0.072088,0.60858,-1.0838,-1.1966,-0.41329,-1.4125,-1.1988,-0.6733,-1.6844,0.49082,0.013975,-0.0097328,-0.20836,-0.40359,0.3761,-0.36264,0.51859,-0.058701,0.079345,0.42254,-0.016527,-0.40075,-0.34172,-0.65519,-0.27578,1.1585,-0.053331,0.55498,0.93483,-0.81873,0.11443,0.48201,-0.0046397,0.77765,-0.060943,-1.2107,-0.17001,0.085915,-0.56231,-1.0191,-1.1313,-0.043736,-0.15729,0.24176,0.021256,-0.46137,-0.4668,0.46062,-0.28774,0.37262,0.53119,-0.10947,0.25018,0.32169,-0.43522,-1.5448,-0.73164,-1.1286,-0.071681,-0.58154,0.15004,-0.43089,0.59477,-1.7745,1.6593,0.62845,0.43077,-0.72249,-0.56479,-0.44432,-0.45296,-1.0057,-1.0699,0.74916,0.98055,0.37182,1.3644,0.57488,0.049737,0.48433,1.017,1.3002,0.83806,0.58116,1.8037,1.2911,1.3548,0.814,0.60776,0.93945,0.77414,0.1086,-0.06819,0.21838,0.39284,-0.75453,-0.23832,-0.64535,-0.816,-1.0303,0.56549,-0.042908,-0.94107,-1.2148,-0.31822,0.50431,1.0659,-0.36405,0.34813,0.011965,-0.2174,1.1947,0.98926,-0.062631,1.6311,1.5538,1.5034,-0.42621,-0.56738,-0.19889,-0.46731,0.35719,-0.10886,-0.6114,-0.78913,-0.08843,-0.33178,-0.78915,-0.5151,-0.3026,0.15027,0.54311,1.1714,0.43313,-0.8217,-0.16351,1.062,0.6813,0.32199,0.56673,0.78061,1.0442,0.20548,-0.16768,0.56259,0.76414,-0.26631,0.30725,-0.31952,-0.82739,-1.4222,0.42358,-0.49232,-0.46622,-1.17,-0.1602,0.21922,0.20452,-0.63933,-0.9536,-0.24761,0.47705,0.27149,-0.24753,-0.82285,-1.2644,-0.28487,-0.41764,-0.38228,-0.18536,-0.79682,-0.99328,-1.0028,-0.3659,-0.49235,-0.70981,-0.25672,0.17252,0.88554,1.2322,-0.61025,0.68134,0.75636,0.6046,0.64328,0.27337,1.4218,1.0224,1.9327,1.4266,0.18241,0.64229,0.62112,-0.11633,0.45531,-0.19178,-0.03546,-0.3984,-0.030505,0.72724,-1.5933,-1.5074,-1.9022,-0.80423,-0.96668,-0.93276,-1.1444,-1.2781,-0.41595,-0.54199,-0.20364,-0.91973,-0.76276,-0.50998,0.20574,-0.42362,-0.61891,1.0906,0.43788,0.87436,1.1247,0.49866,0.47475,0.88297,0.48743,-0.35242,-0.53168,-1.6817,0.56719,-0.56083,0.056501,0.010787,0.7247,0.61262,-0.23064,0.46082
0.070712,0.48915,0.018057,0.688,0.23889,0.1017,1.566,0.16077,0.59077,0.43538,1.056,1.2994,1.2784,-0.156,-0.10015,0.53357,1.0896,0.97879,0.54914,0.44919,0.26773,0.2877,0.67859,0.50378,-0.18343,0.047468,-0.2156,1.0845,0.21283,0.65133,0.57997,0.79285,0.93291,0.53105,0.90538,0.90699,0.51089,0.63223,0.41685,-0.68062,0.19178,0.86132,1.2713,0.31501,0.12853,-0.41357,0.017223,0.32789,0.23945,-0.63401,-0.96692,-0.57292,0.38777,1.1234,0.3448,0.09294,0.014998,0.91187,0.56755,0.73303,-0.066997,-0.19925,-0.27468,0.13455,0.88381,0.22128,0.28771,-0.092289,-0.060896,0.42917,0.13618,0.036389,-0.12022,0.50512,0.073848,0.33668,0.27498,1.1505,-0.69886,-0.81362,-0.11469,-0.94347,0.20758,-0.46737,0.59911,0.57536,-1.3431,-1.0295,-0.50895,0.22072,-1.367,-0.96849,1.7265,-0.7083,0.91547,0.9042,0.91664,0.027641,-0.37815,-0.10009,0.99416,0.59245,0.10231,-0.6154,1.5846,0.36807,0.27166,-0.30463,-0.13898,-0.43237,-1.2675,-0.1278,-0.26388,-0.9514,-0.73242,-0.94066,0.43963,-0.27827,-0.82476,-1.3166,-0.49875,-0.24328,-1.1721,-0.65954,-1.1827,-0.88151,-0.15624,-0.60483,-0.40597,0.40987,0.16931,-0.45646,0.22925,-0.29193,-0.91564,-1.2894,-1.2947,-0.67539,0.40903,0.45147,0.11716,0.033845,0.9183,0.35935,0.84524,0.48662,0.13326,0.88164,0.4348,0.050074,-0.039291,-0.22977,-0.39961,0.79177,1.2478,-0.0047695,-0.18043,0.32963,0.63559,-0.2423,-0.71266,0.5212,0.8571,-0.55521,-0.18485,0.26791,0.74678,-0.71597,-0.57031,0.4384,-0.6234,-1.2219,-0.22362,-0.57149,0.24151,-1.0025,-0.65803,-0.30326,-0.98506,-0.1016,0.39523,0.30293,-0.063089,-0.49381,-0.01822,-0.18379,-0.18125,-0.4074,-0.73475,-0.28658,0.76995,0.49924,-0.044664,0.72239,0.30864,0.045388,-1.4201,-0.012608,-0.61024,-0.28098,0.46535,0.45816,-0.06829,-0.0071324,0.20121,-0.49573,-0.28175,-1.2066,-0.67745,-1.0109,-0.90962,0.022803,-0.28471,-0.4628,-0.50023,0.13349,0.12562,-0.31516,-0.54735,-0.61351,-0.41064,0.18297,0.051476,-0.3997,-1.121,-1.3383,0.45799,-0.44758,-0.82668,-0.96356,-0.86981,-0.825,-0.53825,-0.86962,-1.1553,-0.45565,-0.27826,-0.22542,-0.10139,-0.56046,-0.008391,-0.40444,0.57064,-0.73088,-0.72647,-0.73974,-0.68469,0.077571,0.15022,0.068856,-1.1744,-0.7166,0.27602,-0.45699,-0.74561,-1.5064,-1.0881,-0.061641,0.36813,-0.71741,-0.83607,-0.34457,-0.46502,0.10395,-0.22984,-0.24031,-1.6192,-0.76905,-1.1791,0.10432,0.18099,-1.0437,-0.56993,-1.1988,-0.40221,-0.6451,-0.73929,-1.1574,-1.0979,-1.1257,-0.45683,-0.6676,-0.94615,-0.63552,-1.8768,1.3015,-1.2723,0.45942,2.0065,1.2713,0.69014,0.15371,0.33951,0.73196,1.4173,0.86263,-0.27633,0.61905,1.1817,0.67041,0.8093,0.17694,0.92602,1.3507,0.58681,0.027298,0.25989,0.54008,0.72852,2.1443,1.3036,0.58667,0.29177,1.5496,0.64171,0.26161,-0.86002,0.8,0.51195,0.34741,0.24005,0.21391,0.10807,0.33053,-0.13342,-0.537,-1.1701,-0.15275,0.19489,0.21121,-0.012769,0.22441,-0.77707,0.91658,1.1172,-0.32151,-0.028054,0.40286,0.050203,0.62346,0.62817,0.38837,-0.116,0.40711,1.057,-0.11832,-1.5555,-0.37708,0.62388,-0.3181,0.41469,0.20121,-0.29515,-1.0262,0.073386,-0.59088,-0.64087,0.61942,-0.26504,0.21538,-0.14532,-0.17651,0.70298,0.54967,0.62409,-0.57045,0.48951,1.0533,-0.49115,-0.66913,-1.3723,-0.67028,-0.48828,-0.66969,-0.071258,-0.65172,0.15854,0.42905,0.49607,-0.11381,1.0549,0.071332,-0.5244,0.13551,0.20171,0.44597,-0.57614,0.44646,-0.2513,0.36482,-0.28657,0.51254,1.5581,0.1757,-0.21035,0.54494,0.22701,0.43609,1.3454,0.31201,-0.65164,-0.45245,-1.2016,0.41627,-0.24181,-0.37346,-0.79673,0.78485,-0.21291,-1.0393,-1.1634,-0.83304,-0.17366,0.37508,0.10998,-0.22748,-0.72209,-0.18691,0.023905,-0.61801,-0.81596,-0.4564,0.74814,-0.30965,0.22598,1.6138,0.34906,1.795,1.1593,1.2655,-0.1496,1.2365,0.71946,0.75267,0.80837,0.77889,2.3194,-0.063259,0.88549,1.5291,0.49116,0.22009,0.62669,0.20388,0.89554,1.2018,0.258,0.048218,1.4449,1.6707,0.61542,-0.33983,0.61768,0.50065,1.0297,1.2348,0.55309,0.64867,0.45119,1.2117,0.60934,-0.442,0.050538,-0.43274,-0.24753,-0.38358,-0.27388,0.32273,-0.57039,-0.28792,0.21989,-1.3581,-1.0234,-0.40809,-0.24943,-0.36991,-0.24109,-0.32967,-1.0162,0.53055,-0.45043,-0.57485,0.1259,0.83166,0.21311,0.56883,0.52926,-0.058679,-0.19924,-0.0092655,0.28035,-0.2056,-0.014211,-0.59037,0.4639,-0.53778,-0.039539,-1.4375,-0.95735,0.8255,-0.13501,-0.62954,0.18791,0.73326,0.081822,0.82185,0.55581,0.83182,-0.6633,-0.58054,0.095036,-0.5633,-0.75133,-0.64256,0.50986,0.29673,-0.53196,-0.71313,-0.30643,-0.6914,0.4136,-0.45404,0.13888,-0.46152,-1.1872,0.95902,0.10937,-0.87258,-0.14783,-0.32211,-0.36382,0.13314,1.1855,-0.28251,-0.39885,-0.90614,0.97194,0.73184,-0.028892,0.4826,-0.43285,0.62305,0.1777,1.079,-0.26448,0.2228,0.062093,0.25586,-0.2888,-0.32672,-0.62089,-0.091791,0.91724,0.55791,-0.15322,1.1366,-0.40915,1.2776,1.0452,1.1916,0.046753,0.24728,0.37696,0.60118,1.4659,-0.20274,0.25861,0.84736,0.70777,0.28228,0.84415,0.24078,0.61565,0.57401,0.0081005,-0.37064,0.41583,1.4765,0.524,0.64388,-0.32648,0.097985,0.47857,-0.27347,-0.16862,-0.92312,-0.53992,-0.58618,0.04994,0.15464,0.30588,-1.6678,-0.40899,-0.54892,-0.13274,-0.63513,0.39037,0.43685,-0.54392,0.31411,0.19997,-0.078668,-1.8655,-0.062783,1.1246,0.15814,0.16628,-1.4738,1.0321,-0.27179,-0.49118,-0.28916,1.0776,-1.2084,0.48711,-0.55048,1.4106,-0.066332,-0.46418,0.95096,1.0002,0.37922,0.097178,-0.11314,-0.5556,-0.43086,0.28642,0.81855,0.28896,0.001012,0.23318,-0.57853,0.59568,1.157,0.56529,-0.59157,0.66688,1.8832,1.5128,1.1001,0.10197,-0.29583,0.90795,0.25465,0.37922,0.79432,0.76254,1.1933,1.4275,1.8357,-0.061136,-0.097122,0.10042,0.36557,1.3342,-0.075467,0.53202,1.2991,-0.25021,0.53442,1.3157,-0.078431,0.30717,0.20203,-0.64553,-0.080668,-0.66586,-0.20486,0.67054,0.19399,-0.35043,-0.45163,-1.5922,-0.17106,0.18374,-0.21567,-1.3854,0.31211,0.51918,0.22561,-0.42392,-0.064447,-0.16098,-0.705,0.2697,0.91536,-0.059257,-0.69012,-1.2399,0.32318,0.93913,0.3595,-0.27699,-0.16689,1.1955,-0.83281,-0.72531,-0.37961,-0.33012,0.57006,-1.1387,-0.85669,-0.4488,-1.3494,-0.38549,0.019685,-0.4222,-1.1096,-0.57157,0.067768,-0.38289,-0.76512,-0.82207,-0.46694,0.30972,-0.27706,-1.0394,-0.88487,-0.68522,-0.25954,-0.4627,-1.0047,-1.8281,-0.9472,-0.94013,-0.6728,-1.5659,-1.4211,-0.89464,0.2523,-1.1436,-0.22132,-1.3482,-1.2369,-0.48759,-0.05211,-1.4739,-0.56899,-0.73572,-0.40723,-0.15051,-0.35322,0.16365,-0.13654,1.6478,0.69556,0.02604,-0.20442,0.72823,0.56623,0.53672,0.70038,-0.15544,-0.0066984,0.027671,0.095565,0.83847,-0.25042,-0.0075857,-0.31427,0.54601,-0.72605,-0.68281,-0.55222,-0.63368,-0.45558,-1.3092,-0.90447,-0.65959,-1.6029,-0.72207,-0.68224,-0.99904,-0.24649,-1.0716,-0.27505,0.29053,-0.54405,0.37559,-0.1113,-1.2201,-0.48965,-1.089,-0.99397,-1.1401,-1.7979,-0.77929,-1.0136,-1.7306,-0.35537,0.027881,-0.54803,0.082212,-0.85627,-0.35595,-0.84965,-1.0857,0.70172,-0.35117,-0.81134,-1.272,-0.49456,-0.10938,-1.4537,-1.3045,-0.34295,0.46494,-0.13925,-0.10248,-0.57243,-0.23042,-0.76114,-0.10162,-0.77974,-1.7029,-0.99999,-1.1736,-0.34475,-0.019064,-0.30574,-0.84687,-0.30889,0.7489,0.6309,-0.65512,-0.26765,-0.11894,-0.12974,0.44763,-0.37946,-0.44536,-0.43294,0.30855,-0.65523,-0.70695,-1.4608,0.094141,-0.49652,-0.24576,-0.74492,-0.85925,-0.33125,-0.37445,-0.078217,-0.57257,-1.2872,-0.47175,-0.45814,0.029914,-0.7093,-0.2118,-0.4682,-0.60977,-0.5912,-1.1689,-1.036,-0.20376,-0.1878,-0.075674,-0.28301,-1.0055,-1.2124,0.27211,-0.48619,-0.39121,-0.52505,-1.1621,-0.716,-0.47585,-0.24277,0.14381,0.54615,0.36482,-0.0026585,0.64312,0.90252,1.4048,0.88774,0.8148,0.66959,0.97055,1.1068,1.2564,0.67999,0.36759,0.55267,1.8159,0.90098,0.017223,0.53238,0.56204,0.29218,1.0851,0.39209,0.4301,0.82988,1.4308,0.9371,-0.041548,-0.15604,-0.37095,0.086938,-0.51894,0.04641,-0.39358,0.86456,0.078374,0.24596,0.14704,0.078193,0.4903,0.59314,-0.21093,-0.18903,0.35823,-1.0785,0.15842,0.05675,-1.0598,-0.16613,0.26965,1.8327,-0.097659,-0.93618,0.38118,-0.1801,-0.36557,-0.40078,0.63845,-0.25628,0.035044,-0.88082,-0.21794,-0.96697,-0.026304,-0.70973,-0.1501,0.28672,-0.029749,-0.67143,-0.11597,-0.65551,-1.2769,-0.67927,-0.29808,-0.49788,-1.1932,-0.74958,-0.56745,-0.65786,-1.5281,0.35825,0.2879,-0.35182,-0.42127,-0.2352,-0.47222,-0.45051,0.93121,-0.60857,-1.4279,-1.9453,-0.37908,-0.019468,-0.64735,-0.96322,-0.70588,-0.67144,0.35301,-0.10494,-0.17407,-0.87381,-0.29523,0.5427,0.7017,-0.4797,-0.82255,-0.46931,0.27346,-0.29415,-0.82276,-1.4442,-0.02323,0.40848,-0.7862,-0.51095,0.052292,0.03929,0.20254,-0.90708,1.0148,-0.088116,-0.3793,-0.46146,-0.058906,-0.079296,0.13217,-1.1271,-1.5058,-0.76533,-1.0663,-0.77342,-0.2264,-0.88786,0.16898,0.28397,-1.1345,-0.68302,-0.93809,-0.3075,0.34344,-0.11014,-0.50629,-0.96967,-1.6438,-0.25805,0.16426,-0.85322,0.43645,-0.65409,-0.10695,-1.231,0.20984,0.47781,-0.69296,1.2434,-0.0071987,0.53383,-0.016543,0.67303,0.10844,0.4859,2.0784,1.6338,1.2313,-0.4033,0.62116,1.2137,0.98241,0.045349,0.22263,0.80147,0.81514,2.262,-0.064767,1.3446,1.574,0.84216,0.32867,-0.048967,0.92909,0.28587,-0.07333,0.060807,0.72215,0.017993,-1.1312,-0.0045454,0.50522,-0.081881,-0.50276,-0.11684,-0.39791,0.81485,1.2151,0.51283,-0.17242,0.47596,1.1249,0.1434,0.28182,0.72457,1.7828,-0.34628,1.4874,0.65869,0.59691,1.1815,0.18108,0.41318,-0.72243,-0.50581,-0.22007,-0.42054,-0.031713,-0.55829,0.66604,0.97382,-0.091627,0.41727,1.1461,0.66143,0.923,1.9161,1.7927,1.614,0.66395,0.45697,0.80272,0.82411,0.46567,0.15959,1.0851,0.71572,0.54458,-0.37711,0.080137,0.88695,0.53476,-0.60085,0.12163,-0.36693,0.31978,-0.20136,-0.65899,-0.23002,-1.5139,-0.34102,-0.69647,-0.15235,0.073635,-0.78585,-1.5014,-0.55834,-0.59709,-0.98868,-0.12208,0.089227,0.29577,-1.2478,0.46539,0.16486,0.52845,0.11229,-0.16815,1.3274,1.2783,0.76604,1.5254,1.5751,2.0625,1.2054,0.68738,-0.024013,0.4835,0.60043,0.88154,0.43833,0.79846,0.0904,1.1299,0.35782,0.21217,0.057759,0.18605,0.28404,-0.047052,-0.25522,-0.19078,-1.0181,-0.48403,-0.11398,0.79905,-0.21652,0.064447,0.20204,0.47682,-0.059014,-0.75377,-0.20685,0.1646,0.26489,-0.14293,-0.6419,-0.52586,0.39773,0.7524,0.089377,-0.51418,0.27631,0.10286,0.65457,1.5032,0.92616,0.89752,-0.5266,0.13846,0.92094,0.21212,-0.8587,0.41549,0.44507,0.25008,-0.63574,-0.60159
0.59538,-0.43329,-0.073092,0.19543,-0.17466,-0.98717,-1.2176,-0.98964,-0.66408,-1.0943,-1.2048,-1.4962,-0.79397,-1.0422,-0.89669,-0.81778,-0.39586,-0.62891,-0.76354,-0.21356,-0.22005,-0.1822,-0.29477,0.17069,0.42143,0.77127,-1.0083,-0.4322,-0.15444,-0.93743,-0.27818,-0.68228,-0.25696,0.25953,0.64479,1.2117,1.1355,0.65055,0.72419,0.361,0.17677,-0.54668,-0.89421,-0.71987,-0.52584,-0.27268,-0.42328,-1.181,-0.022745,0.21651,0.84625,0.77765,0.20457,-0.13414,-0.32227,0.31484,-0.39106,-2.284,-1.6973,-1.0503,0.020213,0.2988,0.87924,1.1355,1.5889,0.93672,1.8471,1.4271,0.78773,0.60955,0.96788,0.17951,-0.27596,-1.7792,-1.7312,-1.5281,-0.68877,-0.1837,-1.2669,-0.78828,-0.37805,0.027212,-0.71113,-0.45767,-1.0419,-0.07614,0.89486,0.8881,1.2854,0.58212,1.1143,0.3187,0.031299,0.24129,-0.49951,0.0097396,0.12589,0.83792,0.98625,0.073198,-0.47984,-0.5718,-0.0248,0.28244,1.0253,0.46835,2.0438,1.8173,1.6849,1.4385,0.15316,0.14738,-0.40347,-0.10162,-0.83407,-1.0013,-0.079504,-0.1809,0.89981,0.59911,0.28399,1.0621,0.97476,0.65241,-0.47728,-1.0516,-1.2526,-0.99725,-1.2821,-1.4935,-1.3381,-1.1007,-0.93316,-0.93387,-0.89465,-0.80938,-1.5155,-0.76122,0.2369,0.49186,-0.016778,-1.1415,-1.0679,-1.4989,-1.5913,-1.4457,-1.7104,-1.3711,-0.94548,-0.44318,0.68627,1.1254,0.98796,0.20434,0.62668,0.79383,0.65778,0.25521,-0.088633,-0.58323,-0.4264,-0.073501,-0.95951,-0.3332,-0.42704,0.040647,-0.73636,-0.43395,-0.27193,-0.4358,0.32437,0.35645,0.32633,0.035396,-0.56564,-0.46406,-0.50741,-1.0587,-0.99018,-1.5499,-0.47216,0.208,1.0568,1.0876,2.2574,2.4704,3.2737,3.4643,3.3565,3.5887,3.9692,3.0999,2.4861,1.9606,1.6164,2.0961,1.3883,2.4369,2.3072,0.98678,-0.091405,-0.76547,-1.0453,-1.3347,-1.3233,-1.0388,-0.38981,0.17996,-0.097725,0.064028,-0.43258,-1.7306,-1.1637,-1.0028,-1.0734,-1.7529,-2.5531,-1.999,-1.6829,-2.2384,-1.749,-1.8978,-1.1787,-1.4932,-0.93701,-1.3069,-1.2107,-0.88595,-1.0267,-0.30319,-1.097,-1.4735,-0.79749,0.18689,-0.1554,-0.45477,-0.70511,0.014768,-0.28323,-0.71434,-0.70099,-0.97642,-1.0449,-0.81714,-1.902,-1.4564,-1.4919,-0.42624,-0.48115,-0.18546,0.78067,-0.33628,-0.33507,0.24221,0.019207,0.8094,0.088894,-1.1699,-1.0553,-1.0563,-0.17353,-0.64994,-0.67132,-0.65683,0.040419,0.7364,0.89834,0.78636,0.02586,-0.17287,0.61182,0.37727,0.50767,0.73591,0.31663,0.13829,-0.039538,0.51559,0.70946,0.77021,1.0984,1.6801,1.9806,1.5878,1.1311,0.31513,0.73641,-0.82592,-0.56196,-0.54536,-0.28498,-0.0039832,-0.87285,-0.18346,-0.013807,-0.12365,0.89618,0.22879,0.20297,0.13016,1.4509,1.0415,0.92322,0.66665,2.495,1.4566,1.8072,1.8863,0.97878,2.1978,1.483,1.8603,1.2302,0.75616,0.88805,0.20726,0.37792,-0.068146,-0.50857,0.013841,-0.1923,-0.35394,-0.65765,-0.60395,-0.025145,-0.084443,0.074592,-0.065114,-0.78214,0.48058,0.86495,1.5174,-0.25209,-0.48252,-0.83755,-0.39377,0.62619,0.11021,0.13681,0.31877,0.95235,1.1419,1.8668,0.0646,-0.15965,0.55993,0.75685,0.94783,0.28965,-0.3418,-0.30809,-0.091856,0.21243,-0.28139,-0.57301,-0.54379,-1.0979,-0.57652,-0.23113,0.34125,-0.23037,-0.90443,0.14344,0.62571,1.0308,-0.058815,0.3429,1.0292,0.89546,1.5651,1.4403,1.8968,1.2804,1.5123,1.18,1.2606,0.81886,0.60495,0.13807,0.94416,0.97864,0.32714,0.42988,0.14558,0.1954,-0.0035906,-0.23672,-0.99856,-0.6167,-0.7893,-1.5284,-0.73969,-0.23131,0.28339,0.69402,0.48268,-0.13837,-0.25222,0.32153,-0.30492,-0.31541,-1.7769,-1.4444,-1.3979,-0.55129,-0.32861,-0.42735,0.11696,0.47426,0.81267,0.26996,-0.74377,-0.90621,-0.73601,-0.12206,-0.48194,-0.51571,-1.0789,-0.8088,-0.99194,-0.47889,-0.77928,-0.90445,-0.34998,-0.16643,-0.10021,0.66366,-0.046624,-0.55671,0.17082,0.72088,0.41045,-0.51309,-0.91716,-0.79625,-1.3239,-2.509,-1.8925,-1.0155,-0.91586,-0.033311,0.39614,0.72292,-0.03596,0.25851,0.77161,0.037043,0.89951,-0.25074,0.43689,0.48002,-0.74635,-0.086495,-0.51332,0.25052,0.094264,1.3955,0.91451,-0.036057,0.63111,1.2336,1.3119,1.4983,1.172,1.2805,1.7677,1.6625,1.3253,0.70486,1.6394,1.4708,0.66889,1.3424,1.0526,0.78978,0.6048,0.52467,0.41417,-0.080723,-1.0779,-0.9565,-1.1902,-0.59213,-0.62755,-0.41847,-0.84655,-0.88953,-0.82581,-1.666,-1.8598,-1.8749,-1.2231,-0.90948,-0.78363,-0.7611,-0.27142,-0.36616,0.10404,-0.86748,-1.1091,-0.6489,-0.83935,-0.98739,-1.8864,-1.9347,-1.6884,-0.82148,-0.79574,-0.30785,-0.74218,-1.2776,-1.32,-2.0848,-1.4602,-2.1988,-2.9155,-1.4729,-1.6086,-1.5604,-2.172,-2.0345,-1.5274,-1.012,-0.98583,-1.615,-1.2719,-1.068,-0.86976,-1.2221,-0.85846,-0.75437,-1.0994,-0.43518,-0.6363,-0.87316,-0.41357,-0.16067,1.1407,1.7256,1.9806,1.0959,0.68404,0.50337,0.94043,1.0326,-0.0050717,-0.15019,-0.31207,0.10691,-0.42935,-0.61223,-0.50297,-0.55165,0.086077,0.53631,0.91573,1.3491,0.28579,0.36288,0.67387,1.2301,0.46337,0.28962,-0.30375,0.68715,1.0052,0.50139,0.039722,-0.18295,-0.21101,0.13584,-0.41212,0.23617,-0.28332,-0.16801,0.11977,-0.23976,-0.29612,-0.73286,-0.16758,0.8954,1.3506,1.1509,0.95828,1.4365,1.0239,1.3333,1.0796,0.41858,0.89382,1.4324,1.5054,2.0202,1.4684,1.2097,2.6899,2.5978,3.0845,2.9686,3.5033,4.0482,4.1679,3.6703,3.8109,2.0738,2.5143,2.2586,1.5336,1.9251,1.1657,0.3656,0.45829,-0.21821,-0.30992,-0.26582,-0.83438,-0.49549,-1.2714,0.47735,0.13483,0.11397,-0.11789,-0.17164,0.73315,-0.28671,0.098733,-0.88167,-0.91616,-0.44604,-0.62248,-2.0417,-1.8037,-1.7318,-1.43,-1.1688,-0.85296,-1.0673,-0.36281,-0.33688,-0.70625,-0.42447,-1.2429,-1.3574,-1.0139,-0.44211,-0.056538,-0.20511,-0.59233,-0.58594,-0.65945,0.062997,-2.0748,-1.6037,-1.9225,-1.2315,-1.5996,-1.6326,-1.5713,-0.86422,-0.8869,-0.16946,0.48378,-0.20116,0.56574,0.93072,0.85072,-0.054696,-0.052161,-0.11757,0.39114,0.44545,0.31389,0.30799,0.44186,1.2768,2.3269,0.69806,0.4773,-0.46115,-0.63646,-0.42749,0.36665,-0.19604,0.16741,-0.4732,0.36692,-0.12263,0.86163,-1.1409,-0.12567,-0.32453,0.041949,1.5711,-0.37913,-0.11678,0.48435,0.4045,0.94864,0.092505,0.14211,0.13408,0.35313,-0.24535,-0.28137,-0.97744,-0.6676,-0.45297,-0.2611,-1.0506,-0.97479,-0.93515,-0.31361,-1.0942,-1.0995,0.0028573,1.294,1.7912,1.4432,1.385,0.082224,0.68057,0.70695,-0.0043299,-0.63217,-0.46808,-0.036541,0.40314,0.54072,1.3409,0.86477,2.0172,1.6805,1.6786,0.71286,0.43889,1.0373,1.1114,0.94566,0.55259,0.24056,0.90928,0.067996,-0.26157,-1.3419,-0.88624,0.057893,-0.43112,-1.0291,-1.201,-1.3339,-0.95418,-0.74468,-1.2418,-0.64613,-1.0615,-1.6274,-1.0998,-0.61382,-0.48959,-1.1394,-0.23113,0.82086,0.11185,-0.32548,-0.48518,-0.099008,-0.38225,0.75015,0.52121,0.84791,0.75819,0.17595,0.80154,0.61679,-0.7648,-1.7179,-2.4462,-1.8226,-2.3777,-2.1992,-1.0844,-0.57545,0.33801,1.2049,0.90247,1.6446,0.53365,1.3686,1.5354,2.0421,1.6227,1.8739,2.6209,2.6322,1.7019,1.2484,0.39426,-0.33444,0.10433,-0.33677,-0.10329,0.37006,0.89605,1.0158,1.0563,-0.27335,-0.82228,-0.92572,-0.83977,-0.71004,0.24651,-0.69766,-0.33298,0.62567,1.0692,1.0228,1.0092,0.46943,0.7702,0.76124,0.46743,-0.26239,-0.40447,-0.43174,-0.11851,-0.41054,-1.2471,-1.214,-0.93415,-0.96162,-0.78756,-0.54113,-0.55452,-0.0071423,0.43429,1.1324,-0.038472,-0.062454,1.3286,1.4308,0.26215,-0.0031357,0.062635,0.64553,0.56034,0.93736,0.19549,0.96541,0.79955,1.5066,1.7581,1.4505,1.3899,0.98755,0.75181,0.66953,-0.74621,-0.55151,-0.46565,0.21402,0.97171,0.5525,0.85076,1.6167,1.5618,1.5223,0.87309,0.89209,1.513,0.90666,1.188,0.21921,0.71838,1.0154,0.55447,-0.30795,-0.23524,-0.027254,-0.27851,-0.58482,-0.36251,-0.68809,0.093913,0.15474,-0.22439,-1.1434,-1.2071,-1.5896,-0.52987,-0.48807,-0.25268,-0.52541,0.3604,1.2822,0.73691,-0.057275,0.4476,1.1682,1.0805,0.75545,0.5391,0.82253,1.0815,1.0355,0.36294,0.30658,-0.13876,0.16601,-0.012323,-0.46182,-0.31357,0.21375,0.035067,-0.39518,-0.387,0.26518,-0.052646,-0.72302,-0.79555,-1.2583,-0.7908,-0.51065,0.24801,0.38798,-0.47799,-0.19533,0.27261,-0.18332,-0.88328,-0.72163,-1.6637,-1.0282,-0.93144,0.48142,-0.91297,-0.47972,-0.71082,-0.40001,-0.98793,-2.069,-1.9889,-1.6929,-1.0787,-1.1948,-1.6347,-2.1079,-1.1309,-0.31349,-0.15449,-1.1555,-1.2431,-0.97718,-0.42577,-1.4682,-0.73716,-0.76686,-0.71577,-0.50782,-0.24321,0.33849,0.93161,0.73132,1.3421,0.89764,1.7421,1.8244,1.4193,1.4231,1.0176,0.2125,1.0207,-0.25043,-0.48345,-0.39691,0.16391,0.24527,-0.19222,-0.29614,0.029918,0.86628,0.93098,0.67283,-0.58209,-0.36424,0.15415,-0.3915,-0.41042,-0.53511,-0.023417,-0.91689,0.33325,-0.67415,-0.34968,-0.92971,-0.66082,-0.19636,-0.68534,-0.30261,-0.88816,-0.73669,-0.45358,0.3372,1.323,2.3265,2.4747,3.1657,2.1191,2.9978,2.2515,1.6704,0.79693,1.7983,1.9877,1.4751,0.77381,0.70139,0.14103,0.27427,0.35588,-0.57418,-0.037653,0.16069,0.161,0.23306,0.87527,-0.11379,-0.55417,0.10374,-0.77795,-1.2098,-1.7974,-1.0853,-0.16141,0.35462,0.10075,0.16191,-0.72461,-0.71558,-1.1637,-1.4428,-1.393,-2.5324,-2.2972,-1.5741,-1.1829,-0.42964,-0.66711,-0.79493,-0.98924,-0.3519,-0.93936,-0.21661,0.093676,0.63729,0.37875,0.89625,0.2295,-0.037632,0.37406,-0.091354,0.67412,-0.34987,-0.084491,0.85537,1.1381,1.0484,0.48823,0.12832,-0.039638,-0.11934,-0.23246,-0.56266,-1.1917,-1.5193,-0.40013,0.91041,0.18819,0.60539,-0.017377,0.26724,0.32019,-0.086727,-0.28225,0.3435,-0.28201,0.69792,0.59966,0.89266,0.93795,1.1782,0.65679,0.35738,-0.34927,-1.0913,-1.6988,-1.8353,-1.3124,-1.7063,-1.1719,-1.3141,-0.75254,-0.97322,-0.30006,-0.65015,-0.25842,0.072087,-0.464,-0.99557,-1.0716,-0.5203,-0.059695,0.29671,0.1304,0.74444,1.6824,2.1272,1.6488,1.4422,1.3029,0.55423,0.13058,-0.12074,-0.10465,-0.50732,-0.43487,-1.6244,-0.52775,-0.25515,-0.26685,0.32377,0.53519,2.413,2.5331,2.1165,1.4884,-0.076699,0.046772,-0.76358,-1.3483,-0.91081,-0.80016,-0.30889,0.43132,0.35019,-0.92533,-1.7012,-1.7237,-1.6643,-1.4165,-1.1892,-1.1308,-0.23314,0.50334,0.32633,-0.44545,-0.069843,-1.4377,-1.6848,-2.0002,-1.2308,-0.63351,-0.74245,0.24518,0.83187,0.34081,0.048728,0.027873,0.56011,0.32333,-0.22205,-1.2852,-1.4209,-0.30605,-0.028149,0.27298,-0.060723,0.0056919,0.9183,0.45635,0.18732,-0.78731,-0.5073,-0.022616,-0.034378,0.21954,-0.13047,-0.81878,-0.96509,-1.5914,-1.2833,-2.0003,-1.4386,-0.4178,-0.45359,0.92285
1.022,1.2181,0.4008,1.5317,1.0238,-0.18088,0.27681,0.87602,1.0855,0.41065,0.37722,-1.209,0.78193,0.14608,-0.020998,0.45384,0.42031,1.1868,1.7285,1.1934,1.1102,0.44833,0.8852,0.30511,0.75107,0.82275,0.98442,0.30772,0.70849,-0.198,0.31143,-0.14351,0.4353,-0.2238,0.61231,-0.48669,0.61404,-0.067161,0.97815,-0.16979,-0.0025089,-0.6077,0.14546,-0.67867,-1.1471,1.0436,1.2205,-0.89804,0.64223,0.70867,1.1015,0.0070733,0.1502,2.2583,-0.20505,0.49511,-0.90433,1.1992,-0.44746,-0.08354,0.40196,0.90772,1.1683,1.4633,0.11497,0.68405,0.25767,-0.28199,0.063716,0.0078833,-0.0063598,-0.42748,-0.71774,0.085206,0.70739,0.81438,0.15244,2.1401,-0.037232,1.5857,0.73433,0.3931,0.1809,0.50562,-0.50025,0.92033,0.32868,0.43162,-0.020125,-0.43323,-0.44895,-1.6733,-0.89726,-0.33438,-0.68508,-0.25891,0.49743,0.37898,-0.17602,1.3018,0.39025,1.2261,0.78528,0.16575,0.05956,-1.1496,0.23881,-0.62311,-0.94882,-0.053668,-0.37084,-0.62762,0.05578,-0.091245,0.1927,0.26896,0.043549,0.47776,0.27947,0.35575,1.0052,0.33161,-0.17314,0.58017,-0.14061,0.56687,0.27388,-0.012558,0.50243,-0.050924,-0.37314,-0.13019,0.71056,0.41032,0.14671,0.29589,0.84814,0.93529,1.3541,0.37381,0.054715,0.58869,1.426,0.82692,1.5098,0.35153,0.41782,-0.28956,0.2245,0.20321,0.31876,-0.14323,-0.19577,0.25576,0.61227,1.1339,1.007,0.64433,0.88335,1.2911,1.6974,0.69327,1.1754,0.29622,-0.063146,0.19449,0.087473,-0.73661,-0.6225,-1.2806,-0.94465,-0.79481,-1.1582,-0.24561,-0.44327,-0.78521,0.13331,-0.53528,-0.33128,-0.12337,-0.42394,-0.17914,0.25088,-0.4944,0.2912,-0.33441,-0.37759,-0.69031,-0.54448,-0.17665,-0.74167,0.52917,0.48198,-0.67097,0.90084,0.39308,1.028,-0.14736,0.79874,0.83133,0.39677,0.90933,0.95986,0.036142,0.13486,0.16423,0.23893,-0.14467,0.011421,-0.49747,0.135,-1.1955,-0.21013,-0.50194,0.0061955,0.16809,-0.15467,-0.11458,-0.35888,0.12869,-0.60654,0.00013084,-0.389,-1.3236,-0.42608,-0.86133,-1.1713,-0.6208,-0.16848,-1.1504,-0.44988,-0.56818,0.77643,0.15904,-0.07768,0.24071,0.55598,0.25965,0.53855,0.62351,-0.68817,-0.65631,-0.022723,-1.0232,-0.12139,0.049258,-0.54851,-1.3881,-0.92119,-1.3975,-0.67117,-0.98427,-1.0853,-1.2546,0.38726,-0.59276,-0.4124,-0.79242,0.38982,0.58124,0.85372,1.5251,0.39041,0.23678,-0.29532,0.32607,0.40197,-0.7368,0.028494,0.4179,-0.47246,-0.49596,-0.11414,-0.80904,0.84241,-1.1397,0.16866,-1.1664,-0.13727,-1.4772,-0.82221,-0.0052133,0.1848,-1.158,-0.78388,-1.0125,-1.4524,-0.47387,-0.23211,1.218,0.22785,-0.18181,-0.62893,0.45348,1.2566,0.54327,0.073835,-0.49208,-0.16141,0.56736,0.10031,-1.0276,-0.71182,-0.86443,-0.5833,-0.54939,-1.1899,-0.43972,-1.4765,0.14807,0.68894,0.34331,1.0013,1.117,2.0003,0.30446,-0.25305,0.47415,1.21,0.27793,0.037502,0.066932,0.29435,-0.7991,-1.5451,-0.46552,0.91523,-0.63596,-1.0695,-0.96741,-0.60223,0.14719,1.057,-0.16526,-0.67047,-0.088797,-0.08649,0.59995,0.0042278,-0.82883,-0.23529,-0.49033,0.12914,-0.42041,-0.56602,0.12237,1.1006,-0.13463,-0.13776,-0.8577,-0.32257,-0.25632,-0.28894,-0.81652,-1.1874,-1.5321,-0.53704,0.2313,-0.42465,-1.1283,-0.36468,-0.6422,-0.20632,0.07922,0.27251,0.022288,-0.24465,-0.29854,-0.51428,-0.91682,-0.81156,-0.20402,-0.75727,-0.66071,-0.92877,0.56682,0.39025,-0.21647,1.1005,0.32558,0.056206,-0.34501,-1.6725,-0.56739,-0.77356,-0.73845,-1.1995,-0.11537,-0.85371,0.25645,-0.49449,-0.67616,0.47936,-0.01213,0.42522,0.82348,0.90389,-0.31413,0.025823,-0.15286,-0.11002,0.3758,-0.50037,0.044736,1.2871,0.22238,-1.3826,-0.32348,-0.072983,1.0486,-0.37241,-1.4471,0.11305,-1.1974,-0.50023,-0.51371,-1.0632,-0.0062048,-0.12016,-0.58565,-0.96543,-0.11895,-1.1461,-1.4031,0.72984,-0.15165,-0.40523,-0.47564,-0.25158,-0.35478,0.034005,-0.98418,-0.082617,-0.78194,0.0052462,0.65693,0.60585,-0.30414,0.20047,0.048201,-0.20042,-0.40782,0.45671,0.43328,0.090739,0.23305,0.62276,0.060561,0.0048363,0.68913,0.34896,0.62863,0.96248,0.098081,0.46193,0.41768,1.2955,-0.31642,-0.65895,-0.25205,0.22786,-0.95879,-0.35667,-0.96356,-1.1793,-0.59174,-1.1918,-1.1073,-0.28546,-0.77353,0.036147,0.61609,-1.5352,-1.534,-1.2277,-1.5393,-0.21141,-0.92922,-1.6703,-1.0296,-1.0855,-0.251,-1.1387,-1.1943,-0.89012,-0.27252,-0.42197,0.48435,0.80328,0.47974,0.70676,0.13564,-0.85012,-0.074964,-0.54035,-0.27361,-0.53672,-0.74458,-0.86225,-1.2175,-0.78419,0.57893,-0.92166,0.25053,0.47078,-0.95737,0.27197,-0.01102,-0.50589,-0.71745,-1.0999,-0.37147,-1.3205,-0.35915,0.054056,-0.77623,0.24879,-1.6718,0.25039,0.23725,0.031565,-0.32705,0.57249,-0.020971,-0.15631,-0.58712,-0.58416,-0.45988,0.27547,1.0363,0.21292,0.78077,0.36708,0.70067,0.11274,-0.4963,-0.63672,0.11345,0.00060054,-1.1066,-0.35696,-0.4985,0.63335,-0.25106,0.84922,0.78745,-0.4387,-0.30152,0.36812,0.12128,-2.4866,-1.3356,-0.23749,-0.20612,-0.52784,-0.44075,0.51561,0.36275,0.83078,0.81589,0.017299,-0.49648,-0.4898,-0.051565,-0.052078,0.26921,0.43796,-0.4559,0.11685,0.75919,-0.24992,0.37398,0.63895,-0.021775,1.0953,0.18539,0.78872,1.0593,0.8579,0.69965,0.15676,0.66459,-0.12037,0.33911,0.35802,-0.47945,-0.47715,-0.34714,-1.2855,-1.0882,-0.0025372,-0.80805,-0.020213,-0.65113,0.069434,0.79792,-0.31958,0.35216,-0.26292,-0.57059,-0.0087759,0.15147,-0.0052828,-0.46312,-0.21196,0.35948,-0.0060622,0.42562,0.094483,-0.81552,-0.24102,0.40249,-0.66155,0.1488,0.65106,0.60084,-0.5151,-0.43222,1.9554,0.57667,0.8933,0.72951,0.66694,0.87735,-0.22368,0.3024,0.31828,-0.30881,0.22184,0.5732,0.16984,-0.11878,-0.90888,1.377,0.83886,0.74427,0.63697,1.206,0.3722,0.71334,-0.3704,-0.088503,0.027305,0.39458,0.39125,-0.19627,0.20776,0.39737,0.52526,-0.57944,0.38136,0.10929,0.22078,-0.24218,-0.66543,0.67497,-1.0512,-0.17939,1.0646,1.1906,1.5206,0.37592,-0.41556,1.006,0.37595,0.80071,1.5306,-0.15204,-0.22818,0.11923,-0.54792,-0.75464,-0.22729,-0.36039,1.0768,-0.45239,-0.04787,-0.031377,-0.086232,0.58337,1.0915,0.072806,1.1775,0.13876,0.70236,1.3928,1.7191,0.6433,0.18205,1.4755,2.6378,0.90747,0.97545,0.50362,0.38984,1.7367,1.3881,-0.15215,0.70381,0.46569,0.021576,-0.90873,-0.045657,-0.58725,-0.029808,0.57548,1.0381,0.56633,1.1887,0.67464,1.8653,0.14931,0.40623,0.36446,0.91614,-0.92448,0.73491,0.34176,0.21143,0.1485,0.36703,0.30718,0.056196,-0.068139,0.48705,0.60515,0.44395,-1.181,0.227,0.47319,0.025553,0.1872,-0.32838,-0.45484,-1.2669,-1.3769,-1.3985,-0.74791,0.033973,-0.43787,0.33566,1.0683,1.3113,0.6274,1.4897,1.5826,0.87105,0.64113,0.38139,0.65247,1.5153,0.65837,-0.11813,0.22418,0.29855,-0.24698,0.50465,1.497,0.38358,0.39743,0.41025,1.1442,-0.1321,0.62025,-0.0021518,-0.14426,-0.0059902,-0.10961,-1.0098,-0.47765,-1.5507,-0.3906,-0.75256,-0.50077,-0.54535,-0.1403,-0.90099,0.26049,-0.1348,0.27155,0.077564,-0.39208,-0.21327,-0.33001,-0.83796,-0.58935,-1.7126,0.059283,-0.29472,-0.52691,-0.30959,-0.38003,0.17352,0.22257,0.10793,-0.36605,0.47626,0.033214,0.29287,0.14444,0.88796,-0.94923,1.1344,0.098487,0.98987,0.28231,-1.0049,0.85453,1.4564,0.45194,0.062056,0.10229,-0.075732,1.0163,0.028996,-0.1421,-1.1673,-0.90172,0.21644,-0.26345,-0.2203,-0.066445,-0.0018852,-0.25634,1.0167,0.11898,0.24229,0.56106,0.92696,0.26883,-0.01488,-0.44406,-1.4121,-0.20078,-1.2739,-0.42362,-1.2556,-0.95917,-0.6467,-0.44172,-0.14803,-0.25837,-0.71654,0.56655,-0.15362,-0.43808,0.038413,-0.36833,1.3774,-0.53737,-1.2647,-0.93577,-1.4356,-0.088227,-0.93099,-0.91449,-0.50789,-0.73228,-0.32429,-1.2934,-0.6792,-0.62867,-0.53486,-1.5472,-0.95334,-1.2518,-0.35563,-0.68644,-1.5053,-0.79282,-0.41175,0.29332,-1.0522,0.39124,-0.081163,0.14416,-0.24811,-0.18404,-0.2751,-0.22573,-0.35185,0.11654,0.6211,-0.27222,0.19104,0.038564,-0.30676,0.31301,0.031899,-0.48118,-0.37388,0.16659,0.18881,-0.6194,-0.98189,-0.4686,0.6545,0.15617,-0.13361,-0.074683,-0.015548,0.080591,0.092692,-0.83503,-0.25486,-0.81867,-0.36828,-0.3591,-0.15153,-0.85145,-0.17706,-0.36112,-0.22952,-0.0067794,0.57832,-1.1192,-0.59141,0.14236,-0.78508,-0.22677,0.32067,1.8402,1.1562,0.12626,0.51893,-0.282,0.87089,-0.50906,-0.086832,-0.43537,-0.084103,1.023,-0.089944,-0.032032,-0.15508,-0.23438,0.38851,-0.4618,-0.5179,-0.63443,-0.29705,0.69893,-0.43161,-0.0558,-0.38826,-1.68,0.46519,-0.56959,-1.2004,-0.38371,-0.058143,1.1189,-0.14796,0.84642,0.41046,0.56661,0.12999,-0.20081,-0.86375,-0.76797,0.68308,-0.25567,-1.5698,-1.2213,-0.83919,-0.9947,-0.63939,-0.53322,-0.62134,0.14301,0.10644,0.43778,-0.1739,0.95725,0.76479,0.24913,0.39077,0.38297,-0.079002,-0.027165,-0.019892,-0.5302,0.32714,0.75821,-0.18709,1.1283,1.1409,-0.46259,1.343,-0.10818,1.073,0.52394,0.90046,0.18933,-0.25549,-0.048874,-0.26093,0.49601,-1.2102,-1.4233,-0.26521,-0.3171,-0.39743,0.41333,0.64512,0.41535,0.41616,-0.54653,0.25631,0.99286,-0.51903,0.20729,0.08583,-1.0878,-0.63912,-0.59634,0.54955,0.42859,0.28429,-0.061215,-0.83552,0.73987,-0.79339,0.39788,-0.61341,-0.072469,-0.11402,-0.43978,-0.31639,0.12032,-0.24802,0.78675,0.71373,1.86,-0.36324,0.47177,-0.0080555,0.43964,0.31213,0.80091,0.23364,0.84161,0.19572,1.3348,1.3539,1.9818,0.91872,0.70336,1.2318,1.0439,-0.1769,0.13431,0.41466,-0.52121,-0.23565,-0.46524,-0.38529,0.4331,0.0044065,-0.19348,-1.3744,-0.084872,0.24159,0.06599,0.85733,0.34711,0.644,0.20717,0.20955,1.6001,0.93186,1.3066,0.3284,1.1176,0.84047,0.51827,2.3352,0.24916,0.2585,-0.41647,0.42806,-0.12771,-0.32727,-0.7762,-0.92971,0.07283,0.94411,0.40664,0.46175,0.24029,0.75628,0.90155,0.91652,0.91881,0.63813,0.38125,0.86491,0.89274,-0.43947,0.29056,-0.5116,0.88841,-0.67488,0.64378,0.90607,0.96481,0.17193,0.10476,0.052865,-0.24323,0.033632,-0.7387,-0.27845,-0.38857,-0.37311,0.88305,0.18235,-0.11171,0.43938,0.031813,0.22417,-0.22709,-0.4147,-0.5583,-1.1635,-0.7929,-0.41691,-0.37048,0.025686,-0.32203,-1.3248,-0.11521,0.83747,0.61145,-0.91997,-0.37757,0.34383,0.75325,0.46404,0.22675,1.3513,1.4508,1.0013,0.98113,1.0328,-0.52013,0.48218,1.9712,0.77483,0.15027,1.241,0.29174,0.3677,-0.25743,0.1956,-0.10673,-0.85928,-0.28849,-0.4922,-1.2723,-1.3537,-0.14644,-0.21388,-0.22545,0.49863,0.15488,-0.63399,-1.3381,-0.035012,-1.0645,-0.65473,0.13083,0.2425,-0.72613,-1.0878,-0.12749,-0.012917,-0.37783,-0.8458,-0.81523,0.57196,0.72383,0.46256,-0.43853,-0.63327,0.37226,0.26928,0.21351,0.041605,0.068044,1.6623,0.11682,0.52879,0.7071,1.0216
0.8559,1.0072,0.079041,0.61242,0.70773,-0.42911,1.2884,-0.13334,0.76461,1.5254,0.93882,1.3521,1.249,1.8682,1.3805,1.6084,1.9639,1.327,1.6615,2.329,2.3573,1.8154,1.6619,2.527,2.748,1.8649,1.4314,1.3221,2.3767,1.5753,1.636,1.2294,1.0374,0.31806,0.81967,1.2594,0.59294,1.3439,1.7496,1.263,1.5767,0.81231,0.49533,0.97282,0.61803,1.0887,2.1964,1.0856,1.096,1.8324,2.7162,1.3234,0.72958,0.45462,0.75602,1.258,0.69246,-1.1622,0.88459,1.3447,0.34189,0.84555,0.48356,1.5218,-0.26187,0.18269,0.11384,-0.26791,-0.23833,-0.51802,-0.097262,0.2834,0.94595,-0.063573,0.83756,-0.20459,-1.0311,0.80472,0.18065,1.237,0.2851,-0.75094,0.08626,0.80851,-0.56063,0.75264,-0.1743,0.089308,0.66118,-0.44161,-0.44944,-0.57019,-0.53386,-0.28883,0.38293,-0.24142,-0.27446,0.20169,-0.18821,0.36271,0.48148,1.1996,-0.32566,0.81777,-0.7306,-0.022958,-0.78366,0.44589,-0.083805,-0.011504,-0.4128,-0.45243,-0.46996,-0.11931,-0.56166,-0.69867,-0.55773,0.41976,0.26626,0.47212,0.067008,-0.38075,-1.1021,-0.1774,0.61271,0.10921,-0.24331,-0.44055,-0.26611,-0.36928,-1.1945,-1.3242,-0.75426,-0.44985,-0.49108,-0.21461,0.4339,0.36836,1.295,1.126,-0.21435,0.21751,-0.32669,0.48425,-0.3102,-1.1338,0.14071,-0.035144,0.43376,-0.071663,-0.52302,-0.44371,-0.62893,1.5649,-0.67086,-0.92656,-1.0326,0.71313,0.58703,-0.24095,-0.67429,-0.80507,-1.6372,-1.909,-2.0904,-1.6393,-1.4399,-0.87791,-0.4018,-1.0253,-0.55695,-0.70661,-0.48189,-0.69933,-1.2353,-1.4138,-0.62155,-0.49684,0.1953,-0.095672,-0.20565,0.12078,0.45281,0.56642,-0.11979,-0.075495,-0.44494,-0.10739,-0.25714,-0.72185,-0.37192,-0.70648,-0.081007,-0.020354,-0.27111,-0.43244,-0.73134,-0.82112,0.0073687,-0.33775,-0.90127,-0.85739,-1.1715,-1.3282,-2.1092,-1.8597,-1.5065,-1.0821,-1.3317,-1.0245,-1.6475,-1.753,-1.1839,-1.9847,-1.4881,-1.6518,-1.8478,-0.20681,-0.72751,-0.9009,0.10477,-0.11793,0.82666,-0.014629,-0.26377,-0.68111,0.2133,0.51675,0.022097,-0.62224,0.21745,-0.56241,-0.20748,-0.5271,-0.3356,-0.60144,-0.30337,0.082769,0.27193,-0.54564,-1.2689,-0.56413,-0.82527,-1.9219,-0.54028,-0.67765,-0.41198,-0.40393,-1.1867,-0.42472,0.065901,-0.50648,0.67079,-0.041348,1.2014,-0.77806,-0.18307,-0.62431,-0.62489,-1.6539,-2.0643,-1.4328,-1.6296,-0.84268,-0.9977,-1.2677,-1.0824,-0.57662,-1.4343,-0.64579,-1.0477,-1.9761,-0.99637,-2.6453,-1.8796,-1.4342,-1.1574,-0.50435,-1.2075,-0.89753,-0.06647,-0.63197,0.51032,0.42092,0.73413,0.22571,0.11174,-0.0010606,0.37194,0.48932,0.64738,0.33578,1.1403,-0.089953,0.57776,0.35258,-0.018646,0.43395,0.053931,0.14089,0.32215,0.27836,0.64015,0.42939,1.0051,1.3378,-0.1192,-0.50235,-0.61701,-0.99771,-1.4752,-1.2203,-1.1228,-1.8727,-1.3519,-2.3196,-1.1917,-1.8573,-1.2237,-0.97579,-1.0958,-0.91842,-0.34308,-0.1465,-0.06067,0.5775,-0.23583,0.91588,0.50909,0.67529,1.055,0.68756,1.1786,0.75499,0.41507,1.7485,0.94251,1.445,0.34841,-0.27175,0.49607,0.34102,0.86778,0.41655,0.28309,0.20316,1.059,0.8707,0.70375,0.79187,0.92119,0.47432,0.47241,0.4582,1.6135,0.20156,-0.44402,-0.10045,0.31212,0.43616,-0.069461,0.2489,0.90196,0.97752,1.3031,1.4601,1.1363,0.22498,0.37617,0.29653,0.00090683,-1.1245,-1.2929,-0.66306,-0.31194,-0.31923,-1.9235,-1.6987,-1.1686,-1.4816,-1.1806,-0.84618,-0.22199,-0.27334,0.3574,-0.22203,-1.1282,-0.43345,-0.10733,-0.60496,-1.4785,-0.71455,-0.14018,-0.67097,-1.4702,-1.3206,-1.0778,-1.1483,-0.96929,-0.14343,-0.76011,-0.16409,-0.17052,-0.65445,0.22986,-0.30567,-1.3466,-0.80991,-1.5003,-0.25029,0.050343,-0.37862,-0.15769,-0.26513,-0.63139,-0.36677,-1.1531,-1.18,-1.1452,0.041798,-0.77003,-0.41277,0.053067,0.11125,-1.4208,-0.84252,-0.60905,-1.3823,-0.71608,-0.62515,-0.53215,0.70584,0.54386,-0.010652,0.88142,1.047,1.8778,1.4006,0.31177,0.81167,0.79981,1.0788,1.5642,1.2131,0.65714,1.7641,1.8978,1.141,-0.0044123,-1.3065,-1.38,-1.2756,-2.3214,-1.5438,-1.5568,-1.6486,-2.4782,-1.07,-0.736,-1.3891,-0.6516,-0.23894,-0.36366,-0.64154,0.014619,-1.0915,-0.93023,-1.3472,-0.89277,-0.74905,0.32607,1.3615,0.10751,0.28432,0.78281,-0.42448,-0.5484,0.631,-0.26107,-0.0086299,0.80081,0.76861,0.5944,1.7522,1.0961,0.12197,1.1132,1.2672,0.5213,0.37266,0.49392,-0.28254,0.53625,0.61696,-0.42867,0.41309,-0.16812,0.29617,0.3695,0.026631,-0.37441,-1.399,-0.86413,-1.2853,-1.1313,-0.53838,-0.055141,-0.46589,-0.85377,-0.35918,-1.5982,-0.69642,-0.6008,-0.099108,0.46745,0.88011,0.96141,1.0548,0.98105,0.58968,0.41281,0.59689,1.0357,1.2576,-0.0041421,0.24948,-0.19163,-0.045516,-0.19716,-0.54709,-0.52724,-0.5634,-0.19747,-0.058619,1.8574,1.6637,1.9896,2.2573,1.2326,0.37997,0.82912,0.049065,1.0588,-0.41313,0.98329,-0.15811,0.09238,0.27907,-0.60201,-0.091112,0.49254,1.5461,0.65634,0.65474,0.70248,0.71632,0.61492,0.39217,0.82903,1.0362,1.0479,1.1834,1.7894,1.5891,1.2718,1.7684,1.5927,1.3897,1.8613,1.2815,1.6838,1.1785,0.50209,0.40343,-0.33498,0.016167,0.1971,-1.0387,-1.4557,-1.123,-1.7016,-2.3131,-1.0987,-1.8909,-1.431,-1.583,-0.87102,-0.86803,-1.7206,-2.008,-1.5265,-2.5115,-1.7787,-1.9436,-1.5628,-2.2414,-1.5027,-1.5125,-1.2529,-1.727,-1.0565,-2.0212,-1.9522,-1.8437,-2.4724,-1.8554,-1.8207,-1.7941,-0.81809,-2.1238,-0.21369,0.4464,1.0513,0.25789,0.77904,-0.19734,0.5518,1.2734,0.5782,0.43846,0.9371,0.62379,0.96387,0.82942,-0.19395,-0.37173,0.29584,0.44592,1.4906,1.494,1.2346,1.0764,1.0762,1.8462,1.0453,1.8329,1.6841,0.48899,0.43104,0.87657,-0.35358,0.016709,0.17406,0.8746,0.084023,0.11366,0.069269,0.25796,0.34337,0.52275,0.8437,0.62631,1.7077,2.454,1.0776,1.4296,1.2019,1.2277,-0.020551,0.28416,0.35739,-0.53339,-0.45071,0.13327,0.033322,0.36402,-0.24259,-1.2455,-1.1038,-2.1402,-0.92509,0.018336,2.0836,0.76237,1.9944,0.91163,0.6401,0.53895,0.89028,-0.67902,0.47672,0.73037,0.25354,-0.49319,0.10184,0.38255,0.97803,0.35914,1.3253,0.051854,0.11214,-0.63495,-0.78151,-0.10183,-0.28035,-0.31102,-1.3516,-1.1146,-0.88716,-0.38182,0.30781,0.71983,1.5912,0.74487,0.49179,1.8949,1.4925,0.95954,1.1439,0.50432,2.0593,1.3547,2.6934,1.6064,1.8238,1.3683,1.3214,0.74944,1.5637,0.54295,-0.48779,-0.10331,0.33494,0.31911,-0.23563,0.78337,-0.21536,-0.55706,0.15853,-1.1531,-0.99816,0.2997,-0.067377,0.41236,-0.0026863,1.5951,0.65828,1.5606,1.3703,0.89858,0.71382,0.78348,1.2377,0.93844,0.023848,0.72921,-0.091169,1.1958,-0.34334,0.17051,0.36328,0.041844,0.82188,0.88319,0.867,0.6377,-0.86193,-0.29709,-0.99509,-0.32622,-0.095254,-1.1039,-1.569,-1.1501,-1.4818,-0.70837,-0.39367,-0.13939,-0.92614,-0.58052,-0.87541,-0.64646,-0.5934,-0.27313,0.96358,0.057839,-0.10585,0.44383,0.61602,0.33093,0.35709,-0.15334,0.010549,0.72925,0.15602,0.040336,-0.67788,-0.42674,0.41865,0.57931,0.24075,-0.30319,0.33635,-0.33982,-0.94888,-0.78115,0.75088,0.045212,-0.48451,-0.0052037,0.11582,-1.0546,-1.0433,-0.26681,-0.00014968,0.38325,1.0089,1.5747,1.3984,0.62537,0.49883,-0.26992,-0.87127,-0.28361,-0.63674,-0.21602,-0.32187,0.2543,0.16212,0.1221,0.24374,0.39569,0.66309,0.42191,1.0522,1.1338,0.90492,0.40192,0.66425,0.50979,0.99117,0.45015,0.46803,0.70103,1.2301,-0.40846,-0.4446,-0.22026,-0.42753,-1.416,-1.2169,-0.33017,0.0016841,-0.53136,-1.3167,-1.0677,-0.76531,-1.5097,-1.0104,-0.62061,-1.2378,-0.98276,-0.5034,-0.39904,-0.71824,-0.86779,-0.24412,-0.71648,-0.43622,-0.21936,-0.96479,-0.74667,-1.1916,-1.2091,-1.0862,-0.99098,-0.60339,-0.48159,-0.78308,0.25969,0.23193,1.5291,0.80562,0.857,0.098783,0.63908,1.3337,0.80213,1.3444,1.3608,1.2726,0.95871,0.83529,1.454,2.1392,1.6744,2.0131,1.7877,1.1096,0.99184,1.5961,1.574,1.32,1.0723,1.0827,0.64483,0.80997,-0.32659,-0.096828,0.8515,0.24846,1.051,0.22062,0.456,0.60993,0.54965,0.47474,0.23407,0.3923,0.51791,0.52664,-0.64032,0.76193,0.68233,1.131,0.38312,-0.077087,-0.12505,0.088233,-0.34785,0.24526,1.8107,0.38016,0.1747,0.39716,1.1044,0.96913,1.2136,1.2701,1.6627,1.8894,0.65267,-0.64789,-0.90149,-1.3658,-1.587,-0.26748,-1.0503,-1.6482,-1.1889,-1.1266,-1.2661,0.39,-0.17441,-0.37046,-1.0993,-0.558,0.73936,-1.6729,-1.0749,-1.0249,-1.8756,-1.5471,-1.7491,-1.2517,-1.1776,-1.073,0.17668,0.56615,0.26925,-0.09643,-0.27058,0.63692,0.32971,1.0101,0.68628,1.3014,0.9085,0.68783,0.31176,0.73347,1.0659,0.99749,1.8502,1.0986,-0.3314,0.18841,0.45692,-0.13256,-0.0023918,0.52106,0.6605,0.46372,0.91751,0.82115,-0.022193,0.51292,-0.32207,-0.14135,0.03623,0.30573,-0.0067322,-0.052441,-0.56986,-1.0393,-0.97661,-1.2334,-0.40804,0.50103,0.88739,-0.16596,-0.56699,-1.8298,-0.44177,-1.1621,-1.5885,-1.1012,-1.082,-1.6845,-0.86778,-0.10066,-0.32804,-0.21473,-0.69827,-1.457,-1.563,-1.724,-1.199,-0.77898,-0.14324,0.15538,-0.26281,-1.0491,0.20831,-0.252,-0.96372,-0.15607,-0.03215,-0.010649,0.1681,-0.40872,-0.59259,0.0033105,-0.32469,-0.67881,0.29915,0.37987,0.86691,1.2879,1.1927,1.1046,0.70686,1.2121,0.48187,1.0637,1.2401,0.48665,0.50616,0.81983,0.73012,1.3352,0.76927,0.42769,-0.94115,-1.1579,-0.58932,-0.58935,-0.080105,-0.23925,-0.67289,-0.37458,-0.29324,0.25119,-0.064775,-0.27612,-0.78238,-0.12782,-0.32762,-0.50432,0.91722,0.71393,-0.086762,1.5744,-0.40661,-0.38413,-0.87188,0.060431,-0.43977,-1.632,-0.45882,0.66629,-0.93919,0.55639,-0.39096,0.01657,-0.29769,-0.37743,-0.17522,0.01053,-0.4719,-0.73627,-0.49093,0.0099208,0.033148,0.49976,0.83981,1.3198,1.4533,0.82246,0.48796,0.0096486,0.77398,0.32259,0.15279,-1.1732,-2.2555,-2.4089,-1.5984,-0.76149,-0.28881,-1.9157,-1.8082,-1.9098,-0.63712,-0.7976,-0.86016,-2.0337,-1.1238,-0.68515,-1.051,-0.42411,-1.4208,-0.078267,-1.3492,-0.61313,0.0079775,-0.3672,0.10727,-0.35835,-0.29793,0.56704,-1.6514,-1.5583,-1.2249,-0.22988,-0.32077,0.95534,0.87705,0.62262,0.43858,0.58451,0.011737,-0.092362,-1.3855,-1.5815,-1.3664,0.20054,0.28105,-0.075702,0.25158,0.40942,0.39101,0.74821,-0.20776,1.382,0.90906,-0.5408,0.24165,-0.12285,0.61161,0.41905,0.42468,0.53347,0.78757,-0.24282,0.44094,-0.2403,-0.90684,0.3614,0.15737,0.58314,0.6951,0.81587,1.0399,0.57293,0.96067,0.20321,1.3128,0.67042,1.0497,-0.38683,0.44593,1.186,0.011038,0.4635,-0.35368,0.1442,-0.73444,-1.5055,-0.35407,-0.853,-0.43813,0.4448,-0.39113,0.3156
-0.11716,-0.40006,-1.0922,-1.6868,-1.3942,-2.0919,-2.0993,-3.207,-2.2241,-1.1882,-0.56834,-1.1478,-1.8183,-2.2161,-1.2031,-1.6441,-1.5096,-0.50049,-0.65788,0.02111,-0.37475,0.4333,0.1855,-0.15251,-0.22423,0.27742,0.94238,1.1847,0.62078,1.1111,0.73975,0.39896,-0.041734,0.087699,-0.3281,-0.63547,-0.15441,0.060237,-0.8578,0.22563,0.79752,1.5862,1.1402,1.0075,0.56699,0.83568,0.52173,0.3483,-0.23918,-1.0811,-0.20545,0.54101,1.0297,0.62751,0.59928,1.4851,0.3869,1.0516,0.43656,0.94296,-0.57512,0.017826,0.13011,-0.014584,-0.055344,-1.6346,0.15871,0.45153,1.1042,0.3897,0.69898,0.93029,0.3994,0.26723,1.0011,-0.32956,-0.13044,0.0084264,-2.6297e-05,0.46219,0.37098,0.37076,0.093201,1.2722,1.7553,0.6699,-0.67908,0.026928,0.48217,-0.43078,-0.51427,-1.2203,-0.64034,-0.3707,-0.48717,-0.27156,0.87756,0.84155,1.6506,1.4038,0.81406,0.55598,-1.2936,-0.77294,-0.13142,-0.43829,-0.28568,-1.0184,-0.88711,-1.3257,-1.3128,-1.6136,-1.981,-2.0234,-1.5776,-1.6809,-1.953,-2.4851,-1.3946,-0.93303,-1.4479,-1.6524,-1.3734,-1.4008,-0.3215,-1.4766,-0.81592,-1.1966,-0.92995,-0.76034,-0.84735,-0.74438,-1.0919,-0.68341,-0.84141,-0.82866,-0.93077,0.34217,-0.19522,-1.0939,-0.59545,-0.18579,-0.26342,-0.40319,-0.59495,0.99296,1.3213,0.52008,0.7994,1.0328,1.0028,1.6486,1.7496,2.1475,1.762,1.1248,1.5158,1.1014,-0.35119,-0.37579,-1.1321,-0.19227,0.16645,-0.05477,0.54836,0.33958,0.66713,1.2246,1.8909,2.1129,0.99063,0.22854,0.019862,-1.1706,-1.2801,-0.83162,-0.70314,-0.54861,-0.34847,-0.4718,-0.48274,-1.4008,-0.86951,-1.0785,-1.6908,-0.67972,-1.5099,-1.9125,-2.5037,-1.8857,-1.212,-1.1038,-1.0971,-0.98686,-1.227,-1.3488,-2.1732,-1.3178,-1.4058,-0.37013,-0.1666,-0.63178,0.918,1.1413,1.2437,1.3903,1.3891,1.6552,1.6747,2.5253,2.63,2.7571,2.1179,2.7251,2.4755,1.8056,1.6347,1.1739,0.65517,0.16606,-0.40385,-0.54756,-0.70467,-2.2598,-1.3936,-1.9521,-1.4639,-1.524,-2.2564,-1.5351,-0.59749,-1.0466,-1.0204,-1.5303,-1.2911,-1.693,-2.2849,-1.2677,-1.9141,-1.5238,-1.1248,-1.3586,-0.56088,-0.2065,1.1456,1.6901,2.0849,1.2793,0.60617,-1.4894,-1.2136,-0.96706,-1.6422,-1.0072,-2.1687,-1.4895,0.3111,0.61918,0.54707,-0.15114,-0.14776,-0.33034,1.7326,1.5723,2.5816,1.1094,1.1271,0.83864,0.59905,1.8379,1.8302,2.6141,2.2835,1.8532,2.3738,1.669,0.66865,1.0929,1.6825,1.8169,1.4693,1.8888,2.2131,1.7468,2.0454,0.48098,0.64175,0.035864,-0.6602,-0.8138,-1.0552,-0.28626,0.15936,-0.92007,-1.2271,-2.0106,-1.6125,-1.7819,-2.1972,-2.27,-2.9047,-1.7941,-2.2867,-1.0817,-1.4205,-1.8391,-1.8715,-1.5627,-2.013,-2.6555,-3.0056,-2.1932,-1.5692,-1.3326,-1.8693,-0.68713,0.45899,0.79492,0.78796,0.45109,0.92336,1.5948,1.0531,0.96876,0.82857,0.76818,0.93203,0.74924,0.79888,1.0224,0.23347,1.0451,1.4976,0.60762,0.22513,-0.28248,-0.32858,-1.1216,-0.82154,0.15567,0.3725,0.39629,1.7021,2.1314,2.6049,1.9863,1.356,1.828,0.24245,1.2411,1.3555,2.9738,2.2684,2.9521,2.5128,2.0862,0.34589,-0.70078,-0.54974,0.80898,-0.21466,-0.0093597,0.23116,-0.88494,-1.0112,-0.22399,-1.2717,-0.99089,-1.5299,-1.1768,0.23936,-0.188,-0.78842,-0.5856,-1.3794,-1.4199,0.5317,0.92349,0.81381,1.1118,0.9478,1.2887,1.8784,1.3915,0.90563,-0.11977,-0.1524,-0.3887,-0.71669,-0.39536,0.24263,2.1634,2.3632,0.69726,0.9777,1.6703,1.7748,1.7791,2.0641,2.3908,1.9035,1.1684,-0.48912,-0.03751,-0.68199,-0.26208,0.87696,-0.241,-0.3451,-1.8919,-2.1149,-1.6896,-1.4162,-1.6845,-0.90993,-0.79459,0.51435,1.0997,0.87033,0.91814,-0.16878,0.65008,0.055131,-0.50897,-1.1197,-1.7443,-0.84109,-1.266,-0.95339,-0.90296,-0.68687,0.34322,0.011074,-0.066706,-0.05244,-0.93007,0.29047,-0.20244,-0.48993,-1.1352,-1.5286,-1.1334,-0.665,-0.36268,-0.75897,-1.3494,-1.2809,-2.0392,-1.5056,-1.4141,-1.08,-0.38983,0.015968,0.80668,1.6164,0.8781,1.1192,2.0118,1.4464,1.603,-0.0012986,-1.9792,-2.9524,-2.0406,-1.5438,-2.4794,-1.4847,-1.4398,-0.29943,0.35343,0.79508,0.74211,1.6953,2.1022,1.5229,1.9064,1.6493,1.7128,1.1767,0.11715,-0.37492,-0.04277,0.16514,0.29968,0.45999,-0.54211,-0.38899,-1.6005,-1.2273,-1.7508,-0.46656,-0.80729,-0.57599,-1.0288,-0.14778,-0.70866,-0.47347,-0.38742,-0.183,-0.68,-1.0073,-0.8555,0.3851,-0.5427,0.30155,1.0219,2.4159,2.0912,3.6732,2.54,1.6757,0.45432,0.027884,0.79849,-0.023243,-0.16092,-0.71701,-0.45268,-0.94675,-0.92348,-1.1638,-1.4794,-1.6795,-1.4264,-0.62061,-0.9758,-0.98717,-0.73777,-0.2782,0.46265,0.88095,1.8876,2.964,2.5884,2.5268,2.1616,0.84899,-0.51541,-0.5723,-0.9704,-2.2812,-1.4528,-1.4593,-1.5166,-1.6778,-1.3419,-1.0342,-0.9014,-0.8469,-0.049489,0.40475,0.458,0.14223,-0.87359,-1.1238,-0.6025,-0.036759,0.31338,0.41772,0.23084,0.51705,1.4175,0.24192,-0.19762,-0.11816,-0.80765,-0.056216,-0.22096,-0.42088,0.19567,0.3936,1.9776,2.1396,2.6612,1.7385,-0.18252,-0.72077,-1.2929,-1.3509,-0.98977,-0.78921,-1.4061,-1.4524,-1.8261,-1.8672,-2.8783,-1.9705,-2.2081,-1.3968,-1.5544,-2.3528,-1.4119,-0.27136,-0.1585,-0.15496,-0.35926,-0.68585,-0.96473,-0.82474,-1.9286,-1.8558,-1.7692,-1.6037,-0.78464,-0.89841,-0.25843,-0.98327,-0.021699,0.86505,1.6756,1.8946,1.9343,1.3028,2.2843,1.7024,0.98838,0.86162,0.26924,0.023217,1.2929,1.1529,0.49734,1.2626,1.1178,2.522,2.9467,2.7067,3.0877,2.7188,2.2347,2.1221,0.78676,0.44808,-0.70713,-1.0022,-0.020868,0.19356,-0.48636,-1.1435,-1.5034,-0.21686,-1.3227,-0.13451,-0.52389,-0.57582,-0.36707,-0.24772,0.19069,-0.81145,-1.8596,-1.459,-1.0551,-0.38216,0.48439,-0.35422,0.81643,0.98984,-0.34614,0.11086,0.29505,2.2113,1.9208,2.5074,2.5729,2.6937,2.4506,2.5505,2.7152,2.8757,2.102,1.8362,2.1261,1.229,1.0496,0.99587,1.2781,2.1035,1.7077,0.1665,-0.041041,-0.43387,-0.30196,-0.29438,-0.56276,0.19401,-0.69776,-1.4342,-0.65546,-0.66325,0.64139,-0.44565,-0.41621,0.97872,1.0975,1.2559,0.96634,1.8776,2.6529,2.536,2.3677,2.3418,2.61,1.1365,0.86907,0.21061,-0.76032,-0.99999,0.84776,-0.37587,1.2204,0.35794,0.86088,1.0751,1.0571,0.4635,0.8114,1.0509,1.3945,2.0216,1.7103,2.1158,2.5932,3.1161,2.9006,2.2131,2.0461,1.8077,2.3251,1.4897,2.0042,1.9456,1.7253,1.923,3.2178,2.252,2.4535,0.80023,-1.032,-0.83374,-0.83098,-0.68011,-0.60572,-1.423,-0.59869,-1.7637,-2.1904,-1.9291,-1.6685,-1.6222,-1.4657,-1.5708,-0.582,-0.61899,-0.82458,-1.4065,-0.60464,0.28977,0.74882,1.5677,2.242,2.7944,2.4374,1.6124,1.6618,1.0171,1.5599,1.7731,1.6732,2.2389,2.5456,2.1612,1.3391,0.67233,-0.19042,-0.37459,-0.24368,0.0063499,-0.17457,0.35634,0.58227,1.4296,1.8222,1.7801,2.4354,2.1516,2.4504,2.3464,1.216,-0.34866,0.95453,0.8348,1.0649,1.3175,0.96196,0.53087,-0.37409,-0.46105,-0.57653,-1.7311,-1.0355,-1.0501,-0.48418,-0.6272,-1.17,0.015797,0.1167,-0.28357,-0.29954,-0.02991,-0.13404,-0.53851,0.80092,1.3391,1.44,1.9896,2.4436,2.6695,2.261,1.4782,0.46946,-0.66233,-1.6389,-1.8322,-2.0272,-1.5442,-1.101,-1.251,-1.2207,-1.1835,-1.011,-0.96236,-0.31955,0.60675,0.5016,1.4384,1.6919,1.7303,1.0411,-0.41168,-1.0639,-0.65287,-0.40115,-1.385,-1.5334,-1.0746,0.080774,0.084551,-0.097627,-0.098293,1.2884,1.6976,1.8916,2.4376,1.9731,1.8955,0.70909,0.09074,0.35403,-0.21243,1.1743,1.3143,1.0847,2.0668,1.5612,1.4638,1.6092,2.083,2.0151,1.8468,1.2482,0.59306,-0.75853,-0.65165,0.098401,-0.27089,-0.15868,0.033816,-0.52938,-0.43851,-0.33154,-0.8349,-1.4672,-1.8536,-1.5117,-0.73592,-0.19728,-0.94108,-1.5259,-1.3449,-0.89405,-1.1029,-1.8935,-2.1564,-2.142,-1.5252,-0.89154,-0.67674,-1.7671,-1.5092,-1.6928,-1.3529,-1.84,-2.1401,-1.6666,-1.1616,-0.84895,-1.0581,-1.3104,-1.8385,-0.45075,-1.0752,-1.2285,-1.9238,-0.93662,-0.88549,-0.66123,-1.1569,-1.6581,-1.2795,-0.78003,-1.3628,-0.7413,-1.0351,0.24424,0.5045,0.48879,0.44823,-0.32554,1.3569,1.8536,1.102,-0.53009,-0.49386,-0.47456,-0.9848,-1.3787,-2.4128,-2.5919,-0.63744,-0.89448,-1.1906,-1.484,-1.2133,-0.58509,-1.2458,-1.4493,-1.1148,-0.84889,-0.32895,0.41473,-0.30152,0.40794,-0.4601,0.66657,0.76128,0.98441,1.2344,1.8404,2.3764,2.6314,2.5556,3.2053,2.7358,2.5125,1.942,0.17405,-0.16825,-0.61048,0.43247,-0.2896,-1.2488,-0.27096,0.15215,0.16728,-0.20754,-1.4499,-0.56418,-0.248,-0.20365,-0.39749,0.098343,1.1015,0.83956,-0.85111,-1.3481,-0.68328,-0.74072,-0.84252,-0.30624,-0.11474,-0.052274,1.6477,2.164,3.1733,2.2593,2.3572,2.1767,2.2167,1.5346,1.0614,-0.42165,-0.62347,-0.24013,0.075213,-0.71519,-1.0795,-0.40012,0.095377,-0.027204,0.52494,1.0961,1.8747,1.3955,1.7833,1.099,0.59842,-0.16621,-0.27568,0.15761,-1.0945,-0.89699,-0.55423,-0.72918,-0.94803,-0.9749,-1.367,-0.71014,0.34721,0.43769,0.56087,0.32306,-0.69858,-2.1201,-2.9744,-3.1645,-1.0943,-0.41363,-0.89568,-0.84838,-1.0691,0.062384,0.89095,0.80853,-0.24312,0.054314,-0.76267,-0.31285,0.15499,1.5441,1.5504,1.1415,1.5314,2.1317,2.2572,1.8818,1.2381,1.7569,1.0625,0.93072,1.0063,0.20884,-0.25394,-1.0606,-1.4438,-1.9645,-2.8123,-2.0099,-1.4196,-1.519,-1.2321,-0.94583,-1.0668,-1.1302,-0.79669,0.15299,-0.015025,1.6606,1.1704,1.7135,1.9112,1.7301,2.8609,3.2,2.6822,1.3636,-0.27446,-0.99899,-1.5208,-1.2215,-0.48935,-0.66505,-0.39324,-0.075334,-0.73162,-1.3596,-1.8971,-1.3128,-1.3641,-0.89731,-0.77857,-0.445,0.43899,0.68528,1.3127,1.8981,1.9612,1.685,0.99157,-0.011988,1.6994,0.71282,0.10344,-1.0611,-0.23345,-1.542,-1.4105,-0.92712,-0.70158,0.39809,-0.41635,0.13841,0.29081,-0.61282,-0.078563,-0.83174,-1.8583,-1.5481,-1.2162,-0.216,0.47394,1.3288,0.44203,-0.56648,-0.75784,-1.6563,-2.5115,-2.1369,-1.344,-0.078556,-0.19126,-1.6274,-1.2222,-2.6305,-2.3957,-1.5563,-1.0894,-0.92528,-0.17429,-0.32738,-0.20731,0.0079216,-0.68159,-0.44766,0.89469,1.4471,1.9437,1.4525,0.59175,0.62241,0.43398,1.4209,2.054,2.2789,2.4442,2.6121,2.0585,0.6066,0.28956,-0.53307,-0.96851,-0.71916,-2.1382,-2.3791,-1.6887,-1.4236,-1.7729,-2.5254,-2.0902,-1.2856,-1.5267,-1.7807,-0.90236,-1.6829,-2.0891,-1.9953,-2.0461,-1.6663,-1.3374,-2.1774,-1.2188,-2.0707,-2.2952,-1.6096,-1.2928,0.40827
-0.82042,-0.99735,0.25041,-2.8475,-2.3983,-0.53581,-0.43697,0.22838,-2.2657,1.4934,0.046971,-1.2035,0.61237,1.5144,1.581,0.24759,0.4528,-0.56025,1.499,-0.46204,1.3202,0.38656,-1.0732,1.2178,1.5506,1.4578,0.83411,1.1223,1.7458,1.7585,-0.61635,0.88114,1.6391,1.991,-0.93993,1.0162,0.55457,0.025227,-0.82745,-0.67952,-0.78419,0.53186,0.52186,-1.3772,0.83045,-1.1079,0.066882,0.50952,-1.1551,-1.3702,-0.99591,1.7166,0.58459,1.6108,3.3347,2.4908,2.4378,1.7747,1.6109,-1.4536,2.4461,1.7346,-1.5359,0.14097,1.4958,3.1401,-1.6133,-1.4797,0.31467,0.26564,1.279,-1.8636,1.0534,0.17088,-0.97331,-2.4174,-0.025939,-3.4167,0.2013,-1.2837,-2.0217,0.29034,-2.532,0.76706,-0.52884,-3.0281,-0.33054,-1.9917,0.55731,-0.32077,1.8264,1.1894,0.052508,-0.85168,0.95054,0.47585,0.38443,2.6421,0.37614,-1.3145,-0.0018717,1.4908,0.49185,1.8732,0.10496,-0.15308,0.17098,2.7263,0.17914,0.76485,-0.43777,0.74911,0.28369,0.5047,0.11854,0.27635,-0.056956,1.1489,0.40877,0.66605,0.40728,1.155,2.4717,0.9426,1.2366,0.59375,-0.30584,0.8292,0.88104,-1.3464,0.069514,-0.56182,0.48308,-0.14949,0.16425,0.21646,-0.40608,-0.14987,1.9442,1.3423,0.96558,-1.6696,-1.6754,0.17183,1.4363,0.60869,-1.2527,-0.602,-1.8923,2.4939,1.7838,0.7695,1.4623,-1.38,1.3405,1.4509,-0.41985,-1.7977,-2.5756,-0.30579,1.7739,-0.97748,-1.3872,-0.89448,-0.70521,-0.38499,1.2495,-0.49527,-0.6124,-0.19594,-0.2737,1.5288,1.5133,0.022233,-1.7569,-0.31716,-0.73369,0.5659,-0.35436,-0.81181,-0.78243,0.56544,1.0456,-0.20385,0.094814,1.4564,2.1846,1.1425,0.7926,1.0686,0.33804,2.2387,0.38225,-0.30495,-0.54295,2.8955,-0.14383,1.1109,-0.065557,-0.96273,0.85577,1.6705,-1.8533,-0.9383,-0.73608,-0.75131,0.24953,0.41049,0.12565,1.2456,-0.27116,-0.51584,1.6527,1.1001,0.6584,-0.96176,-1.7094,0.64403,-0.44189,1.2317,-3.4011,-2.8297,1.5803,2.4276,2.3561,0.10965,-1.53,2.3515,0.86132,2.1697,0.46403,-1.6867,2.2451,2.0293,1.0748,0.17504,-0.36622,1.1591,1.5099,1.815,0.25867,-0.78632,-1.5786,0.93582,0.52139,0.93773,-1.298,0.63842,0.44988,-0.025396,1.6422,-1.0865,-2.4774,1.0387,2.0552,2.0753,0.81856,0.29254,0.78551,1.7631,0.9205,-1.086,-0.85395,-2.7008,0.027296,2.0175,2.5339,2.2633,3.037,-0.77708,0.2709,1.5814,0.2163,-0.93363,-1.1871,1.7442,1.852,1.212,0.91807,0.85842,0.2439,-1.3744,1.1199,1.7964,1.931,-0.30085,0.51871,-0.47816,0.76869,1.4674,1.1957,1.8986,0.77954,0.89282,0.42965,2.2641,-0.034969,-2.096,-1.9893,0.60868,0.43922,0.4818,0.57942,1.1633,0.32454,0.90443,1.3096,-0.29911,0.41108,0.19456,0.63761,0.47402,0.9762,0.58665,1.3332,1.42,0.80155,0.28527,-0.56072,0.17028,0.033354,0.2012,0.32326,-0.39933,0.022379,-0.16271,1.4238,-0.069456,-1.7939,0.34719,0.091572,0.96526,0.51019,1.0403,0.81633,1.5251,1.3996,1.8502,0.93823,1.1213,2.1576,2.4066,2.8422,1.137,1.3401,2.2571,-0.4101,0.96015,2.3142,1.6957,0.034849,0.85241,1.4399,0.71761,-0.52892,-0.030987,0.13217,1.5961,1.5455,1.4208,1.197,1.5479,2.1227,1.6467,1.4372,1.7341,-0.66116,1.5782,1.5405,-0.39802,1.0538,-0.031088,1.165,0.28029,1.0881,1.5021,-0.23473,0.39808,-0.31493,-0.95033,-0.14468,0.28712,0.84002,1.7547,1.1437,1.7269,0.55775,0.81506,0.64001,0.58764,0.9362,0.24439,0.93212,0.84417,0.30119,0.45102,-0.5715,-0.76144,0.41175,0.057704,-0.073097,0.30967,0.66166,0.98161,1.3111,2.5187,0.77202,-0.43737,-1.4042,1.044,-0.17088,1.1193,1.5927,0.79919,1.127,1.0809,0.92997,-0.75561,1.7284,0.70553,1.4211,1.3264,0.50955,0.11826,1.9827,0.97823,0.5777,0.42145,-0.25748,-0.24614,0.15212,-0.29816,-1.5367,-0.88138,-0.057453,1.2908,1.2218,1.0187,-0.86338,0.56824,1.1068,-0.10378,0.30246,-0.32547,0.12173,1.4725,1.0966,1.4969,0.4332,0.24644,1.1941,0.072703,0.34126,-0.76808,-1.5748,-1.0198,-0.63689,-0.93504,-1.122,-0.52608,-0.9102,-0.1641,-0.63342,-0.84773,0.50029,1.3249,0.67774,-1.2373,-0.48194,-0.028681,0.5689,-0.76056,0.3402,0.49327,-0.84852,0.76394,1.1299,0.37495,-0.54964,-0.64838,0.92807,1.0831,-0.080709,0.35608,-0.15038,1.093,1.7916,1.3865,0.45676,-0.60063,1.043,0.69285,0.77796,0.36756,0.26811,1.3922,1.3142,0.51385,0.53566,0.76491,1.6405,0.70359,-0.017474,-0.99007,-2.7829,-1.8885,-0.47769,-0.91488,-1.2583,-2.0957,-2.767,-0.38995,-1.1677,-1.4875,-1.5706,-1.4433,-0.19118,0.31024,-1.4428,-0.71443,-0.56437,0.6042,0.13013,-0.16274,-0.0069919,-0.39026,0.42357,1.2215,-0.15546,-0.070173,-1.0368,-0.1342,-0.12996,-0.4838,-1.6197,-2.5689,-1.2923,0.18557,-0.7725,-1.3496,-1.321,-1.0114,-0.35161,-0.56685,0.37666,-0.75383,-0.69448,0.85849,0.22625,-0.37342,-0.252,-0.9555,-0.20904,0.30269,-0.10131,-0.12225,-0.2714,-0.74113,-1.387,0.24074,0.54055,-0.66725,-2.1638,-1.6631,0.82945,-0.057087,0.13288,0.15555,-0.31978,1.32,1.3752,0.080995,0.59862,-0.67105,-0.60843,-1.2867,-1.4595,-2.006,-2.524,-1.9534,-2.5164,-1.7317,-2.0583,-2.93,-2.0257,-1.1838,-1.2085,-2.2101,-1.4565,-1.1193,-0.20211,-0.81789,-0.63319,-1.6498,-1.3768,-0.472,-0.58351,-1.396,-1.6414,-1.4997,-0.89155,-0.3603,-0.86024,-1.6713,-1.9443,-2.2751,-1.2367,-2.1544,-1.2691,-1.9042,-1.9288,-0.85681,-0.51399,-0.83615,-1.4211,-1.0632,-0.8448,-0.49218,-1.1489,-1.7099,-1.0847,-1.5121,-0.73399,0.38621,-0.93307,-1.0362,-1.7136,-1.2993,-0.85534,0.0074448,-0.996,-1.9384,-1.4058,0.26931,0.60954,0.45372,-0.6895,-0.71415,-0.0010092,0.57702,-0.51985,-1.0936,-0.63287,-0.56342,-0.13675,-0.88782,-0.80409,-1.5972,-0.81544,-0.64529,-1.675,-2.1224,-2.1406,-2.1713,-0.52155,0.37108,-0.99004,-0.55703,-0.10322,-0.24192,-1.636,-2.479,-2.5844,-0.97487,-1.612,-0.87042,-1.2308,-2.4015,-2.6209,-1.6024,-2.5896,-3.24,-3.7538,-2.0219,-0.3356,-0.59797,-0.97977,-0.83821,-1.0399,-0.60489,-1.1439,-1.0533,-1.9652,-2.1103,-1.4436,0.054171,-0.75447,-1.0849,-2.3989,-2.2053,-1.1248,-1.3209,-1.8951,-2.8198,-3.3212,-1.6757,-2.2664,-2.3633,-2.5947,-2.9661,-2.5338,-1.7805,-0.77418,-1.3087,-1.8705,-1.9786,-0.09232,0.056239,-1.2884,-0.84437,-0.063001,-0.10207,-1.6432,-1.7722,-0.99826,0.72528,-0.64439,-0.42119,-1.3453,-1.9248,-1.0533,-1.0975,-1.3664,-1.9026,-3.0932,-0.57901,-1.939,-2.0364,-1.718,-2.2378,-0.72719,-1.5536,-1.5442,-2.5855,-3.4531,-0.77556,-0.2623,-1.0777,-1.2009,-1.6469,-0.07196,-0.89694,-1.1434,-1.5083,-1.9023,-1.7039,-1.0355,-1.2944,-1.8683,-1.9924,-1.3701,-0.95588,-0.54563,-0.87302,-1.6645,-1.9217,-1.3301,-1.5731,-3.0617,-1.8072,-3.1634,-2.2007,-2.1955,-2.3568,-2.2445,-3.1179,-3.2366,-1.6195,-0.90638,-1.7611,-1.9703,-1.8788,-0.64883,-0.97279,-1.2015,-2.7012,-2.2158,-1.0939,-0.75025,-1.2987,-2.9495,-1.789,-2.0982,-1.7005,-0.7244,-1.4283,-0.65877,-0.51985,0.65952,-1.7749,-0.94491,-2.1277,-1.1785,-0.53578,-0.28026,-0.62823,-2.5575,-1.5472,-0.050519,-1.0475,-1.6411,-1.9089,-1.3371,-0.54001,-1.2767,-1.2623,-0.37416,-0.61773,-0.62099,-0.74193,-0.039018,-1.9047,-0.52048,-1.669,-0.6856,-1.1716,-1.2049,-1.7283,-1.6544,-0.24899,-0.87411,-0.60148,-1.5411,0.32637,0.70845,0.47553,0.037349,-0.61112,0.19693,0.53383,-0.0094485,-1.2155,-0.056737,0.36414,-0.36009,-0.074321,-0.99553,-1.6894,-0.065719,0.47932,-0.46711,-1.3742,-0.96586,0.051656,-0.19786,-1.0568,-1.0623,-0.77557,-0.24927,-0.26606,-0.91716,-0.88233,-1.3212,-0.89496,-1.0489,-0.33116,-1.7706,-1.8562,-1.2051,-1.9699,-1.3532,-1.5726,-0.95966,-0.70807,-0.094637,0.18424,-0.92798,-0.48477,-0.37221,-0.045697,0.12558,0.21426,1.135,0.72463,-0.12621,0.2986,0.87809,0.86622,0.60826,0.90671,0.57518,1.0698,0.48543,1.267,0.66714,0.12267,0.53327,1.1382,1.8477,0.081608,0.83763,0.77346,0.36133,0.5015,0.52481,0.56994,0.87273,0.94483,0.57801,-0.2827,0.28994,0.68309,0.64086,0.21789,0.65824,0.36802,0.60022,0.78108,0.46881,0.4245,0.80195,0.95107,1.7122,0.86761,0.043841,0.85408,1.1157,0.64282,-0.39858,-0.20476,-0.11308,-0.037382,0.78849,-0.44985,0.10476,0.60472,1.9123,1.3508,1.153,-0.74473,0.39423,0.74937,1.4248,0.23357,-1.4684,-1.9448,-1.4839,-0.88349,-0.42859,-1.5245,-1.8284,-1.0366,0.29794,-0.25105,-0.63903,-1.324,0.27024,-0.071889,1.4995,0.9989,-0.19096,-0.69616,1.6033,1.271,-0.70182,-1.0438,-0.83046,-0.92078,-0.11521,-0.23753,0.059601,-0.78611,-0.53872,-0.2823,0.91493,0.42704,0.49659,0.2995,1.2697,1.4917,2.5132,0.78673,1.3079,1.2026,1.946,1.7115,0.45972,0.16285,1.4925,2.1061,1.977,1.265,0.72587,1.093,1.6053,1.1489,-0.40875,-0.033273,-0.58114,-0.24983,0.83307,-0.68967,0.056805,-0.92283,-0.74141,-0.60856,0.2503,0.66122,0.27507,0.033424,0.78786,1.286,0.62027,0.16381,-1.3949,-0.29531,-0.20163,0.51511,0.15917,-1.0092,-2.1371,-0.31805,0.85178,0.32302,-0.78221,0.1005,0.41189,-0.80704,0.48396,-0.70253,-0.3309,0.51217,1.5547,0.62699,0.82411,0.028314,0.11086,-0.16442,0.089019,0.18546,-0.19856,-0.21017,-0.56006,-0.16296,0.26745,0.38214,-0.15533,0.34563,0.54289,1.0444,1.1614,0.76217,0.45285,2.2636,1.7813,1.8514,0.83432,1.0249,1.3836,1.6907,1.1253,0.83334,1.449,1.6482,2.1322,1.2594,0.98315,0.71951,1.1914,0.68891,1.0719,0.95125,0.06332,0.25094,1.007,1.228,0.19525,0.39536,0.60297,2.2013,1.9537,1.8247,1.0744,0.49553,1.5603,0.95091,-0.91891,-0.22663,-0.1059,0.27099,0.49835,0.20544,0.0039527,-0.14338,0.53485,0.74732,1.3176,0.33667,0.28279,0.37509,1.657,0.80045,1.0099,0.37222,1.0717,0.40335,0.49429,0.34108,0.43065,0.76928,0.6345,0.12317,0.43883,-0.3748,0.46696,1.4905,-0.53114,-0.17117,-0.81981,0.40171,0.043228,-0.06843,0.32686,0.034022,0.77321,0.41931,1.3504,0.87143,0.93243,-0.29328,-0.8025,0.69769,0.93036,0.83716,0.48775,0.0052092,0.88216,1.5244,1.3394,0.90564,-0.90524,2.0334,2.1225,1.7501,1.9638,2.3694,1.619,2.2365,2.0506,1.1635,1.5021,0.93285,1.397,0.63846,0.011291,1.3674,0.7607,1.1699,0.92607,1.2535,0.86627,1.3818,1.0939,0.30125,0.60067,0.61632,1.1492,0.7145,1.4214,1.6933,1.3948,0.60043,2.0688,0.99883,1.3993,-0.27024,1.4448,-0.11268,0.40044,0.73197,0.86726,1.4169,2.3011,1.7994,1.3963,-0.2246,1.5901,1.2919,2.4016,1.9629,1.5515,2.3599,1.6382,1.799,2.7652,1.1663,1.2664,1.2037,1.6322,1.682,0.8315,1.1775,0.61669,0.19398,0.36341
-1.3882,0.2255,-0.58888,-0.78447,-0.047528,-1.3934,-0.91103,-1.172,-1.2231,-1.7651,-0.74959,-1.5825,-0.72626,-1.3355,-0.69371,-0.28748,-0.37068,-1.5002,-0.75472,-0.34414,-0.55369,-0.25497,-1.362,-0.036454,-0.89884,-0.64344,-0.79567,-0.0095663,-0.16141,-0.79286,-0.62661,-0.28299,0.28694,0.15033,-0.38081,0.22165,0.047489,-0.34797,-0.92085,-1.5889,-1.2648,-0.077263,-0.59765,-0.84221,-0.64374,-0.72862,-1.2736,-1.0248,-0.74466,-1.6208,-1.1185,0.27421,-0.63904,1.0201,-0.15263,0.60431,-1.6458,-0.51741,0.84418,-0.99851,0.66289,0.49037,-0.14231,0.28384,0.15052,-0.51902,-1.5581,-0.38117,0.075948,-0.22433,-0.29978,0.075006,-0.95069,2.072,-0.064909,0.49337,0.18402,-0.16191,1.0334,-0.88215,-1.2418,1.5561,-0.062496,-0.50479,1.2362,-0.13297,-1.349,-0.99313,0.027272,-0.83358,-0.58552,-0.79277,1.1813,-0.44893,-0.74719,-0.34913,0.18295,-0.90527,-0.94514,0.24334,-0.20788,-0.30605,-0.30546,0.31162,0.77092,-0.0093126,-1.0701,-1.2572,-0.48763,-0.31396,-0.28731,-1.3632,-0.34119,-0.04344,0.73888,-0.19284,-0.38136,-1.0958,-1.4786,-0.74147,-0.72457,-0.38886,-0.95193,-0.39583,-0.38358,0.29673,0.12483,-0.051076,0.58433,0.44376,0.1548,-0.10168,0.94389,0.85577,0.77046,1.4431,1.0641,1.0657,-0.34378,0.8986,0.45113,-0.037831,0.4961,-0.31158,0.53934,1.1127,-0.031795,0.80404,0.20839,0.34264,0.45849,1.4555,0.62132,0.27803,0.84748,0.040191,-0.66603,-1.07,0.23951,0.67893,-0.43215,-0.15533,0.22171,0.42512,0.55897,0.19301,-0.14485,-0.082865,0.49983,-0.51927,-1.0483,-0.84522,-1.1534,-0.88539,-0.91266,-1.7981,-1.0268,-0.6479,-0.7712,-0.037765,-0.73789,-0.86494,-0.5113,-0.74904,-0.58976,-0.42712,-0.66355,-0.83577,-0.16115,0.32164,-0.56992,-0.24312,-0.20377,0.26147,0.23556,0.95794,0.013151,0.83622,0.33759,1.1128,0.97997,1.2091,0.94095,0.44779,0.82199,1.2219,0.88619,1.122,1.1147,0.50311,0.5261,0.44402,-0.15645,0.79977,0.72022,0.45419,0.67804,0.36684,1.244,1.4013,0.61137,0.2616,-0.11664,0.2896,-0.076777,0.30625,-0.61011,-0.61948,0.050047,-0.56949,-0.26033,-0.89601,-0.37561,-0.66514,-1.305,-0.84466,0.73875,-0.45317,-0.36785,-0.7012,0.977,0.36902,-0.098834,0.52548,0.026994,-0.4873,0.80798,1.0656,-0.61649,-0.93327,0.022293,0.43537,-0.10287,-0.10728,-0.65096,-0.41379,0.10139,-0.069929,0.4024,-0.21963,0.32286,0.98459,0.10603,0.75563,0.55991,-0.66549,0.51974,1.2255,0.18534,0.81405,0.53389,-0.14277,0.069349,1.0699,0.95578,1.0128,0.49539,-0.061684,-0.36881,0.29555,-0.2534,-0.36766,-0.87935,0.19748,0.047972,1.4506,-0.63901,-0.25286,0.33744,-0.41138,-0.12763,-0.24378,-0.93993,-0.33177,-0.50938,-0.11574,-0.87263,-0.043145,0.082538,0.19809,-0.89714,0.045667,-0.69597,-0.01296,-0.83923,-0.64367,0.22175,0.61556,0.43732,0.9601,0.84869,1.2844,1.2841,1.7696,0.44246,1.5107,0.75797,0.52484,0.44353,0.60358,0.089549,0.10259,0.38685,1.4447,-0.61138,0.20923,0.44356,0.31457,0.52848,0.51869,0.29266,0.026183,-0.25126,0.60144,0.63956,-0.81755,0.2441,-0.020496,1.0082,1.0857,0.69528,1.7128,0.5329,1.5368,0.57521,0.6316,0.11687,0.18682,0.28343,0.14246,0.64447,0.56967,-0.18696,-0.4067,-0.062462,-1.4924,-1.2652,-0.57372,-0.16919,0.89,0.95091,0.077919,0.59607,0.54428,0.61383,0.51111,1.5868,0.54143,-1.1855,-1.3882,-1.4025,0.29741,-0.53719,-0.96431,0.36258,0.31443,0.85333,1.5143,0.24182,0.92055,0.49421,-0.13844,-0.14142,0.49334,0.63058,0.14976,0.081244,0.014789,-0.40195,0.41664,0.96652,1.7552,0.8427,1.3469,1.5036,0.99028,0.86926,0.53379,0.54681,1.153,0.94804,0.93653,0.35692,1.551,1.019,0.88681,0.55308,1.6798,1.0975,1.7779,0.76833,1.2347,0.42917,0.28245,0.8571,0.26985,0.58344,0.82888,0.54834,0.11348,-0.64547,0.91901,1.2548,1.2804,0.99421,1.7083,0.12367,0.073004,0.11193,-0.23313,0.12129,-0.42618,0.6028,0.13919,1.3688,0.51183,0.68405,0.38688,1.3157,0.078247,1.1789,-0.080459,0.11198,-0.21301,0.67657,0.10392,-0.65018,0.075543,0.65863,-0.76136,0.65342,0.25342,0.23398,0.42688,0.34453,0.54749,0.29933,1.1606,0.82372,1.1,0.071465,-0.34616,-0.34841,0.34231,0.17268,-0.040334,0.10258,-0.62045,0.45914,0.8153,0.32795,-0.77812,0.93334,0.98961,-0.25527,-0.807,-1.1831,-0.62829,-0.52606,-0.53543,-1.2957,0.11338,0.31484,0.11087,0.88273,0.31778,0.49129,0.13647,0.95296,0.01095,0.44047,0.58416,-0.10336,0.035044,0.34471,0.23678,-0.17927,-0.38448,-0.28779,-0.65528,-0.91243,-0.26499,-0.38009,0.092603,0.43931,-0.036403,0.62166,0.12228,0.42568,-0.39703,-0.05479,-0.44959,-0.66717,0.05063,0.88224,0.30527,-0.16716,0.31303,-0.28544,0.52553,0.82946,-0.0011169,0.72944,-0.026706,-0.058131,0.6332,-0.26799,0.23812,0.26908,0.21563,-0.55406,0.72079,-0.71868,0.444,1.4637,0.24463,0.35602,0.43872,0.12954,0.97398,0.39062,-0.010413,0.13311,1.7515,0.87102,2.1637,1.2554,0.52535,1.0705,0.74394,0.45486,-0.87691,-1.1655,0.93914,-0.31195,0.89093,-0.23083,-0.34961,0.043466,0.22472,-0.056193,-0.38979,-0.89426,-0.52601,0.010856,-0.51013,-0.20497,-0.23156,-0.17465,-0.2844,-0.32702,-0.39564,-1.0841,-1.4283,-1.3175,-1.4344,-0.54548,-0.45509,-0.95402,-1.1221,-1.6437,-0.43674,-0.61792,0.33144,-1.9683,-1.3177,-0.5607,-1.7917,-0.82395,-0.99769,-1.2166,-0.16709,-1.0244,-0.26643,-0.81809,-0.64993,-0.072837,0.024108,0.2043,-0.15915,-0.43262,-0.19645,-0.086157,-0.3432,0.39609,-0.13597,0.14193,-0.97624,1.2308,-0.70436,-2.037,-0.17042,-0.33045,-0.21832,0.4158,-0.62381,0.57096,0.48894,-0.010331,-0.034949,0.6604,0.50582,-0.32205,-0.19761,-0.46064,-1.0089,-0.61002,-0.41632,-0.69509,-0.039309,-0.12067,0.065084,-0.22975,0.74055,0.68786,0.21029,0.56868,-0.095988,0.39966,-0.14419,0.71441,-0.54681,-0.063503,0.61082,-0.42287,-0.792,-0.13551,-0.4203,0.069035,0.17082,-0.024182,0.43265,-0.86949,-0.3208,0.15357,0.57016,1.5483,0.66586,0.95199,-0.5152,0.43827,0.37408,0.10347,-0.85963,0.28771,-0.21613,0.61175,-0.36635,0.18084,0.14731,0.57096,-0.10355,-0.7015,1.1108,0.0081315,-0.12666,0.4028,-0.33598,0.19606,0.56219,0.020252,0.44782,0.4241,0.82246,1.1685,0.65798,1.122,0.38102,0.83806,-0.78933,-0.14153,1.3886,0.61016,0.96938,0.38363,0.40299,-0.14024,0.23008,0.82603,0.1394,0.6286,-0.2725,-0.066585,-0.89395,-0.089675,0.57301,0.48331,0.68263,0.73368,1.2187,0.32986,0.095246,-0.33386,-0.48175,0.33014,0.25932,-0.47567,-0.49305,0.70911,0.12017,-0.1626,-0.15351,-0.61774,-0.67061,-0.3229,0.31834,1.8838,-0.54339,1.2913,1.1831,0.13974,-0.0099028,-0.14212,-1.1084,-1.2265,-0.76756,-0.43868,-0.16886,-0.60186,-1.862,-0.77757,-0.33962,-0.49953,0.47105,-0.47699,0.10811,-0.54859,0.44895,-0.28573,0.040536,0.035309,-0.48893,-0.34147,0.63627,0.30264,0.18215,0.090482,-0.2109,0.18383,-0.10608,0.28708,-0.12752,0.4813,-0.17791,-0.11034,-0.14721,0.15529,-0.51224,-0.76077,-0.65992,-0.16913,-0.48215,-0.21448,0.17043,0.38292,0.5582,0.13473,0.28199,0.81064,-0.39841,-0.57637,0.51628,-0.96849,-0.48574,-0.59623,-0.87716,0.10673,-0.44291,-0.54222,-0.78305,-0.72523,0.48771,-0.74303,-0.46324,0.52638,0.25859,0.44749,0.26598,-0.49921,0.28669,0.81476,0.040994,0.20069,-0.90624,0.36107,0.54145,0.068973,1.1305,1.3265,0.19945,0.90074,1.4653,-0.4352,-0.21741,-0.33575,-0.0036092,0.29204,-0.71776,-0.67795,-0.9243,-0.041619,-0.016533,-0.54512,-0.21652,0.84633,0.57502,0.54288,0.075396,0.68898,0.12655,-0.26709,-0.026904,-0.48202,-0.21305,-1.3015,-1.1312,0.33612,-0.66682,-0.91716,-0.55538,0.60021,-0.28677,-0.047722,-0.11667,-0.46211,0.2684,0.96544,-0.098301,1.101,0.35239,-0.13236,0.12355,-0.12739,0.65851,-0.62093,-0.59409,-0.012335,-0.31481,-0.077154,0.88768,0.84961,0.40218,0.64577,0.30464,-0.54242,-0.31062,-0.72934,-0.74271,-0.20448,-0.87898,-0.063302,0.60971,-0.040758,0.23647,0.16715,0.42877,0.33491,-0.16929,-0.16142,-0.40384,0.26705,0.014028,-0.26775,-0.17643,-0.21428,-0.62101,-0.73886,-0.73835,-1.4777,-0.60735,-0.76246,-1.025,-0.14234,-0.31385,-0.28503,-0.74453,-0.38058,-0.64821,-0.46221,-0.99256,-0.71291,-0.29879,-0.61467,0.078011,-0.14813,-0.57914,-0.4716,0.33175,-0.2804,0.028746,0.052175,-0.84749,-0.22833,-0.34111,0.2887,-0.85139,0.25085,0.043131,-0.3961,0.21149,-0.10699,0.15655,-1.1757,0.95337,0.47831,-0.95283,0.98697,1.0821,0.89401,-0.10928,-1.1255,-0.60684,-0.47383,0.47967,0.36988,-0.33629,1.5906,-0.067556,-0.73209,-0.17712,0.48834,0.37995,-0.79147,-0.75831,-0.64743,-1.1052,-0.8881,-2.1261,-0.32719,0.76376,0.68846,1.1276,-1.5061,1.363,1.1141,1.9696,0.85844,0.050423,0.90547,0.9994,0.29983,-0.020588,-0.22761,-0.52189,-0.47296,0.044753,-0.26847,-1.9248,-0.32289,0.18609,0.051079,1.0026,0.9029,0.252,0.72818,0.0032246,-0.23595,-0.27956,0.063428,-0.087491,-0.14002,-0.17787,-0.4553,-0.39622,0.58548,0.012075,0.62245,0.006541,1.2146,0.51696,0.046532,0.38677,-0.60767,-0.18817,0.51219,1.0669,1.0329,0.40352,0.69071,0.10563,-0.40685,-0.09306,1.0539,-0.0011452,0.46095,-0.34758,-0.20829,-0.7901,-0.72381,-0.62585,0.19199,-0.070733,-1.1034,-1.0632,-0.38017,0.10229,-0.46999,-0.36359,1.067,0.37284,0.78615,0.31587,0.56334,1.3377,-0.097779,-0.024069,0.32287,-0.84549,-0.15046,-0.53731,-1.2288,0.031529,-0.32102,0.097308,0.68068,0.54125,-0.23785,0.4218,-0.013479,0.21186,0.52059,0.13051,-0.19408,0.74964,0.078095,0.55681,0.2023,0.49176,0.40727,-0.34622,-0.027891,0.014374,-0.99999,-1.2824,-0.90251,-0.65655,0.39147,-1.022,-0.51067,-0.62312,-1.466,-0.5311,-0.98741,-1.0544,-0.23724,-0.38408,-0.014542,0.18948,-0.17482,0.32866,0.63386,-0.37012,0.27813,0.18119,0.7474,0.64399,0.77806,-0.82049,-0.35267,-0.27403,-0.84802,-0.2368,-0.95574,-1.8169,-1.2642,-1.2435,-1.0596,-0.36848,-0.47516,-0.12816,-0.47764,-0.33802,-0.25752,-0.11438,0.50906,-0.44558,0.25373,0.81298,0.89093,0.059037,0.76711,-0.37502,-0.038172,-1.4412,0.0080274,-0.47976,0.44738,0.31321,0.93742,-0.66065,-0.54126,0.040487,-1.1043,-0.053026,-1.0302,-0.027683,-0.1587,0.32154,-0.43482,-0.018247,-0.44878,-0.32538,-0.65683,0.25644,-1.9083,-0.30861,-0.69896,-0.48615,0.0024617,-0.64558,-0.85465,0.16188,0.46654,-0.7316,-0.59831,-0.34185,0.42663,-0.2209,1.4124,1.5784,0.45166,1.5847,0.68185,0.49408,0.56168,-0.38038,0.6789,0.80663,1.4123,1.6207,1.5709,1.6453,0.94907,1.3508,-0.003449,-0.71244,-0.65358,-0.91451,0.83059,0.26503,0.15073,1.3527,-0.30115,0.55835,-0.59827,-1.4755,0.4708,-0.58927,-0.78189,0.23118,0.047315,-1.3722,-0.89347,-0.51031,-0.83558,-1.3234,-0.011846,0.2018,0.33837,0.081408,1.7125,0.57752,-0.22751,0.34698,0.40475,-0.042684,-0.027717,-0.71712,0.80454,0.47811,0.61094,0.45284,-0.033742,-0.10862,0.28166
0.36291,-0.18035,-0.48329,0.15843,-0.10538,-0.74455,0.56349,0.73144,-0.32681,-0.7754,-0.11804,-1.5572,-1.255,-1.3786,-1.0909,-0.63783,-0.098022,-0.1172,0.081586,0.58809,0.29529,0.28447,0.53468,0.74836,0.70632,1.1182,0.71196,1.4227,0.56127,0.86147,0.76457,1.0495,1.0492,0.84275,1.2831,1.1118,1.6089,0.65389,1.2265,0.63881,0.97073,-0.59205,-0.11505,-0.8091,0.18371,-0.31965,-0.63529,-0.39606,-0.24591,-0.83984,-0.42932,0.38078,0.3995,0.59609,0.46775,1.4763,1.9601,1.5514,0.93368,0.5452,0.15545,0.96294,1.1534,2.1001,2.6185,2.4129,2.6365,2.9325,2.3497,2.3449,1.8784,2.286,2.4766,1.4926,1.6004,1.8161,1.7903,0.94538,0.73178,0.43791,-0.38149,-0.34902,0.088173,1.4128,0.92494,0.97436,0.81772,0.36384,-0.20173,0.38218,-0.98111,-0.071947,-1.2214,-1.2499,0.11584,0.059777,1.3275,1.1441,1.2285,1.6979,1.4443,1.3949,0.67181,2.8669,2.738,2.7272,1.8268,0.45642,0.77685,-1.3368,-1.3347,-1.7556,-2.5083,-2.0224,-1.8396,-1.5674,-1.2896,-1.3703,-0.87233,-1.2351,-1.236,-1.6007,-2.2213,-2.1411,-1.6771,-1.2803,-1.8285,-1.4053,-1.6441,-1.2765,-1.4933,-1.8195,-1.8908,-1.5905,-0.56646,-1.3505,0.053757,0.53975,1.3577,0.96685,1.3179,0.75301,1.2455,1.5758,-0.38935,-0.11518,-0.051042,0.081237,-0.01166,-0.033623,0.74419,0.3736,1.8871,1.2926,1.3419,1.5192,1.2213,1.9075,0.94812,1.223,0.71206,1.4642,1.3187,1.0515,0.66769,0.67196,0.73574,1.4039,0.87828,1.5867,1.0804,-0.14259,-0.41189,-0.59441,-0.47169,-0.99832,-0.82514,-1.2007,-1.728,-2.1029,-1.7766,-1.8196,-2.2349,-1.5201,-0.72719,-1.5751,-0.78878,-0.18174,-1.8638,-1.5635,-1.9979,-1.8531,-2.1187,-1.868,-1.7402,-1.391,-1.2155,-1.2338,-1.4551,-0.12315,-0.4616,-0.78916,-0.0087499,0.80309,0.60283,0.37509,0.62349,2.2386,2.2464,2.0277,1.6795,1.3466,1.3681,1.3163,1.5515,0.87364,0.66988,-0.61803,-0.27753,-0.48298,-0.50417,-1.3502,-1.4436,-2.0629,-2.3793,-1.7765,-1.2481,-1.5738,-2.0707,-1.4389,-1.0763,-1.3559,-2.331,-2.1662,-1.8997,-1.9828,-2.2266,-2.0079,-2.0647,-2.5178,-2.9944,-1.0565,-2.259,-1.1225,0.17469,0.74884,0.9573,0.4572,-1.0813,-1.1698,-1.234,-1.8421,-1.8924,-2.1698,-1.8756,-1.3524,-0.92603,0.74574,0.76209,-0.32449,2.3018,1.7117,2.0529,1.9954,2.6914,1.301,-0.57917,-0.44769,-1.2726,-0.47515,-1.6182,-0.48938,0.34342,-0.42559,-0.46154,-0.47268,-0.56736,-0.34453,0.33371,1.0055,1.6536,1.3826,0.31256,0.11548,-0.39998,-1.1706,-1.3754,-0.38478,-0.094477,0.020233,-0.41101,0.75284,0.88503,0.25243,0.69301,0.64797,1.2478,2.3792,1.9932,1.5987,2.2314,2.7191,1.795,1.3978,0.4989,0.90249,1.0163,2.1679,1.3932,1.2942,1.5515,1.907,0.69533,0.86048,0.69602,1.0261,0.81283,0.94092,0.28721,0.58698,0.64101,1.4829,1.4166,1.6423,1.6429,1.4926,0.46401,0.66209,0.93811,0.94307,0.31078,-0.31473,-0.32132,-1.3725,-1.7519,-3.0837,-2.0449,-1.3644,-1.3367,-0.92934,-0.75686,-0.0040146,0.40324,0.89357,0.43547,-0.60971,-1.5521,-0.87456,-1.4818,0.30494,0.78015,1.2458,0.88243,0.35368,0.25232,-0.29085,-1.49,-2.1546,-1.6707,-0.61267,-0.56066,-0.79852,-0.023134,0.55378,0.89281,0.80385,0.70951,0.51395,0.57878,0.53117,-0.33459,-0.67582,-1.4346,-1.8611,-1.0707,-0.7875,-0.95233,0.72383,0.21919,0.8561,0.95662,0.34296,0.56307,-0.29257,0.42484,-0.24366,0.44075,-0.39823,-0.20447,-0.50867,-0.051083,-0.52342,-0.85952,-1.0009,0.51264,0.54823,1.0025,1.3092,1.0283,0.89031,0.48576,-0.16519,-0.57761,0.012632,-0.31654,0.095354,0.14099,0.51507,-0.71786,-1.6167,-2.2126,-2.4592,-2.4057,-2.2851,-1.5888,-1.2895,-0.67009,0.75414,0.34108,0.26717,-0.3175,0.4359,0.32921,0.13165,0.13989,-0.70797,0.27467,1.0658,1.1833,0.58924,0.75468,0.36159,1.5222,0.52243,-0.72851,0.1728,0.9551,1.569,1.6965,2.2932,2.5812,2.5516,2.7137,2.9889,2.3154,1.9142,1.2485,2.2067,2.3443,1.2152,0.39324,1.5492,1.3383,1.1476,1.0823,1.3272,0.54315,0.9761,1.0758,1.4818,0.2711,0.87604,1.941,1.5428,1.3791,0.3913,1.3577,1.5873,0.99365,-0.68884,0.95458,0.87708,0.98027,1.7111,2.1696,0.94919,0.58837,-0.37671,-0.40743,-0.53804,-1.7176,-1.843,-1.9755,-1.0661,-1.659,-2.1595,-2.539,-2.0022,-2.3915,-2.1116,-2.4499,-2.2516,-2.006,-2.3391,-0.65098,-0.62637,-1.4328,-1.461,-1.6664,-1.6203,-2.0087,-1.1939,-1.1052,-1.4459,-0.60141,-0.3621,0.28751,0.21584,0.85191,0.46835,0.012334,-0.35595,-1.763,-1.7978,-1.3467,-1.2651,-2.2255,-1.6861,-1.3267,-1.5324,-0.31615,-0.90361,-0.94504,-1.3489,-0.96168,-1.0652,-1.9454,-1.2281,-0.64073,-0.91746,-0.25476,0.48389,-0.44897,0.83037,0.21115,0.31022,-0.21292,-0.1341,-1.5651,0.40679,0.96582,1.3897,0.23671,0.61268,1.0403,0.99094,0.97897,0.13039,-0.34653,0.67367,0.11216,0.77698,0.21136,-0.22163,-0.31614,0.15877,0.12074,0.85149,1.6568,1.2542,1.7875,1.6404,1.8245,2.0597,1.5543,2.0635,2.0631,2.399,2.5384,2.7282,2.3397,2.6638,1.9342,0.53599,-0.79977,-1.9514,-1.4736,-2.1061,-1.6417,-2.1285,-1.8484,-0.96852,-0.84716,0.04898,-0.70545,-0.3725,-0.98336,-0.70035,-1.1349,-1.1797,-1.024,-1.144,-0.14476,-0.45942,0.014472,-1.2892,-0.57465,-0.66258,-0.64592,-1.3805,-1.1555,-1.3328,-2.4577,-1.1582,-1.3656,-1.2841,-1.1581,-0.69294,-0.40761,0.48669,0.24393,1.6574,0.23885,-0.08713,0.16304,-0.16434,-0.2365,-1.5574,-0.64289,-0.27669,0.20744,0.013396,0.12006,0.6505,1.7308,1.146,1.5847,1.3883,1.4747,0.92535,0.25069,-0.7516,-0.74435,-0.94311,-0.87389,-0.25107,0.0046244,1.1453,1.7192,1.3405,1.2543,1.9236,1.3951,0.92679,1.829,1.4579,0.65021,1.0022,0.59467,0.87277,-0.90397,-1.4324,-1.0035,-1.6098,-1.7666,-1.2555,-0.56591,-1.3255,-0.83082,-0.4041,0.5787,0.47635,0.35064,-0.39967,-0.48759,0.83202,0.83737,0.58821,0.86257,0.34359,-0.16713,-0.88709,-0.34698,-0.034549,-0.74068,0.5599,1.4215,1.2502,1.1929,0.51707,0.19512,0.85361,-0.45175,-0.88923,-0.75564,-1.0053,-1.4206,-0.88942,-0.86045,-1.1325,0.50064,0.25195,-0.18726,-0.33373,0.30443,0.29848,-0.21411,0.41993,0.68199,0.71447,0.0045714,-0.1216,-0.92217,-0.59098,-1.3309,-1.3646,-1.7652,-1.105,-0.62554,-0.99529,-1.1248,-0.67022,-0.80291,-0.55382,-0.049307,-0.023854,-0.63576,0.17118,0.25313,0.64844,-0.21699,-0.16517,-1.301,-0.94751,-1.5611,-1.2675,-0.32478,0.76932,0.25081,-0.21994,0.60291,0.13221,0.67154,0.24666,-0.49215,-0.74854,-0.83116,-1.5526,-1.5021,-2.1479,-1.8599,-2.4104,-1.9448,-1.9229,-0.35871,-0.41566,-0.50962,-0.60891,-0.65417,-1.1914,-1.8231,-2.1038,-1.6857,-1.6929,-2.2076,-1.8575,-1.8197,-0.87522,-0.076643,-0.79495,-0.34534,-0.26698,-0.63436,-0.59377,-0.46679,0.12279,0.97491,0.67724,-0.00029155,-0.10331,0.3679,-0.074523,-1.9274,-2.1224,-1.8229,-1.8624,-1.9022,-1.3413,-1.2368,-1.0719,-0.89426,-0.6301,-0.15561,-0.038556,0.24169,0.71748,0.85316,0.10304,-0.98268,0.031354,-0.26168,0.17422,-1.3372,-1.0488,-1.2242,-0.039096,-0.1504,-0.49667,-0.27137,-0.50765,-0.22663,-0.048613,-0.37706,-1.2723,-1.1238,-1.5505,-0.078726,-0.88196,-0.65328,-0.99558,-0.45983,-0.1577,-0.75,0.62582,0.45478,1.1103,0.87919,1.1277,1.0602,-0.023513,-0.0020736,-0.14004,-1.3957,-1.8222,-1.8903,-2.2832,-1.616,-1.2569,-1.2716,-1.1901,-0.69745,-0.62907,-0.65081,-0.67664,-0.72899,-0.82971,-1.6089,-1.034,-1.4298,-1.4354,-1.7286,-1.999,-1.6812,-1.2963,-1.2688,-0.72651,-0.97481,-0.61452,-1.8269,-1.9089,-0.39174,0.49082,0.22486,0.48517,-0.06555,-0.13236,-0.36408,-0.92474,-1.4167,-0.24123,0.1576,-0.046064,0.1002,0.70247,0.9046,1.8792,1.3832,1.437,0.31474,0.13372,-0.27146,0.072733,0.98356,0.6019,1.6338,1.6397,1.4951,1.8219,1.8578,1.4262,1.2311,0.88622,1.4272,0.54347,0.29805,0.015163,-0.055852,-0.33244,-1.0062,-0.9178,0.28416,-0.33782,0.17984,0.75742,0.92944,0.03375,0.56705,-0.084354,0.56866,0.67978,0.99331,1.7696,1.9012,2.041,1.7778,1.7696,1.5814,1.5004,2.1631,0.68211,1.8019,2.0721,1.8594,1.7501,0.72514,0.46611,-0.014116,-0.055006,-0.68673,0.37189,0.58724,0.54533,1.8235,2.1179,1.531,1.5408,1.4749,0.20224,0.010301,-0.029417,0.39069,-0.23427,-1.1298,-1.208,-2.3245,-1.828,-2.2646,-1.7573,-2.2902,-0.88844,-1.4368,-2.2282,-2.696,-2.572,-2.4729,-1.303,-1.2318,-0.6882,-0.22499,0.32736,-0.43209,-0.020461,-0.20009,0.2917,0.60924,1.253,0.71631,1.4165,1.3903,2.0547,1.3774,1.9335,2.3422,1.6769,1.689,1.0639,0.70557,0.31782,-0.23532,-0.69364,-0.80017,-0.58346,-0.96398,-0.65916,-1.3678,-1.3864,-1.0069,-0.61089,-0.36501,0.16091,0.23266,0.31301,-1.2258,-0.54704,-0.43996,-0.098044,0.94657,0.82798,0.43555,0.58892,0.19861,0.81254,1.563,1.8886,2.3171,2.0314,2.0097,0.56507,0.9315,1.0802,0.87193,-0.26206,-0.14802,0.68007,-0.17314,-1.3505,-1.6225,-1.0598,-0.60819,-0.33855,1.2249,1.7268,1.3294,0.64944,0.93723,0.7124,-0.32673,-0.022494,1.0513,1.4412,0.58871,0.25442,0.88898,0.49826,-0.14441,1.59,0.89811,0.83027,1.6013,1.0686,0.26473,0.59715,0.27922,0.31567,1.4143,0.6108,0.20381,0.78387,-0.12641,-0.52597,-0.33806,0.20485,-0.44054,-0.57794,-1.2541,-0.7418,-0.57535,-0.88786,-0.69366,-0.27097,1.017,1.3641,1.645,-0.03994,0.42251,0.56777,1.3542,1.9272,1.1332,1.8173,2.5378,1.4927,1.1284,0.62117,1.0078,1.162,0.89079,1.2252,1.1176,0.70186,-0.17258,-0.47148,-0.27222,1.386,1.3734,1.3458,1.9028,0.7053,1.3001,1.516,0.79769,0.38556,-0.099415,-0.82872,-0.63716,0.49114,0.13453,0.4325,1.2283,0.94227,0.31794,0.83226,0.14225,-0.23324,-0.24268,-1.6664,-1.2906,-1.3997,-1.4423,-0.90174,-0.84122,-0.0041443,0.762,0.95034,-0.067826,-0.28008,-0.11875,-0.76206,-0.17065,-0.80095,-0.32562,-1.2717,-0.75201,-0.20091,-0.50226,-0.85456,-0.63445,-0.89045,-0.71743,-0.19892,0.73987,-0.18398,-0.019724,0.29962,-1.0915,-1.1117,-1.2318,-0.37102,-0.74444,-0.8146,0.022379,-0.21261,-0.67909,-0.76522,-1.7264,-1.088,-1.5263,-1.3411,-1.4959,0.57296,0.53909,1.1445,0.94509,1.3692,0.034187,-0.87273,-0.88265,-0.39324,0.044622,0.59132,0.59978,0.55579,0.54823,0.9441,1.1129,0.8417,0.26338,0.063088,0.41298,0.62727,0.62231,1.7081,1.4091,0.82085,0.32394,-0.85169,-1.1509,-1.0274,-1.6341,-1.8212,-1.5117,-1.4274,-0.83833,0.38498,0.58381,0.42711,0.96312,0.50279,0.98173,1.0523,1.9614,1.9891,2.0356,1.25,0.35323,-0.66787,-1.0267,-1.713,-1.8821,-1.5961,-1.8196,-1.4307,-1.8626,-1.0556,0.74974
0.2086,0.88551,0.59264,0.048774,-0.081528,0.55722,0.46047,-0.28682,-0.25926,-0.51218,0.23125,0.03637,0.64049,-0.35485,0.42085,0.36936,0.85233,0.37132,0.45328,0.27359,0.21666,0.89115,0.96429,1.1025,1.3294,0.39155,0.86886,1.3732,0.93473,0.11156,0.11737,0.60866,0.4769,0.56842,1.0327,0.53299,0.69829,0.48959,0.1505,0.59749,-0.043247,-1.034,0.6444,1.4699,0.60879,0.20256,-0.68308,0.80672,0.87338,0.45753,-0.13464,0.68849,0.57792,1.1909,0.80743,-0.060589,1.4982,1.1324,0.63971,1.337,-0.13184,0.021398,0.49364,0.27682,0.83168,0.5461,-0.4097,-0.62203,-0.05564,0.50755,-0.18675,-0.19273,0.6006,-0.76937,-0.65313,-0.70267,-0.58252,0.20744,-0.75795,0.51773,0.20625,-0.20751,-0.58987,-1.6181,-0.74345,0.39146,0.33411,0.17477,0.019661,1.4166,1.3162,0.33472,1.1689,0.55565,0.027532,0.092611,-0.35506,-0.31963,-0.46521,-0.085709,-0.44555,0.6771,0.38722,0.30367,-0.19676,-1.1645,-0.10224,1.4068,-0.13021,0.74586,0.53755,0.52364,0.15388,-0.058751,-1.0236,-0.29145,0.24473,-0.316,-1.3739,-0.62344,0.33405,0.86204,-0.5132,-0.61038,-0.76286,1.0404,0.11269,0.38513,-0.90013,-0.70563,-0.32669,-0.41542,-0.50774,-0.48825,-0.38716,-0.39332,0.18965,0.033947,0.24956,0.97216,1.3562,0.52738,0.12167,1.2017,0.2777,-0.64386,-0.51706,-0.3199,-1.3646,0.51217,-0.69941,-0.61655,-0.46725,-0.69577,-0.41306,-0.31301,-0.85143,-1.5355,-0.47152,0.063587,0.84174,-0.17598,-1.0296,-1.0953,-0.17207,-0.47435,-0.32979,-0.98866,-0.6923,-0.52003,-0.2866,1.0627,-0.44315,0.4968,-0.55079,0.58797,-0.28443,-0.81135,-0.11299,0.081683,0.22504,0.61473,0.50389,0.30686,-0.069214,0.69225,0.31154,0.82724,-0.075255,0.76313,0.87268,0.61809,0.81929,0.51045,0.094749,1.042,0.11238,-0.58598,-0.32195,-0.25492,-0.46825,-1.2873,-1.8066,-0.79025,-1.4302,-0.78286,-0.35951,-0.84154,-1.5244,-1.4512,-0.56796,-0.97951,0.046395,-0.38961,-1.5987,-1.5955,-1.0602,0.63776,-1.3251,0.14096,-0.61782,0.039446,0.68583,0.20638,-0.054761,0.28295,-0.59443,1.2006,-0.071696,0.12097,0.10986,-0.2451,0.62572,1.7985,0.20856,0.40568,-0.32426,1.1255,0.61068,-0.75026,-0.55097,-1.4534,-0.093539,-0.93057,-1.4724,-0.90747,-1.0927,-1.6482,0.91759,0.36644,0.14209,-0.058457,-0.39997,-0.16511,1.1924,-0.92312,-0.587,-0.82166,-2.2769,0.35585,-1.6078,-1.3104,-1.3721,-1.4908,-1.5086,1.1853,0.20649,-0.25535,-0.79674,-2.15,-1.2201,-0.75386,-2.5879,-1.5355,-0.9435,-0.44108,-0.059039,-1.3803,-1.2947,-1.2868,-1.8416,-0.92868,0.26015,-0.43068,-0.7159,0.39067,0.3076,-0.78109,0.3223,0.80608,-0.032218,0.65611,0.70241,0.38184,0.15447,-0.0042957,0.015424,-0.0032666,-0.066327,0.5691,0.84376,-0.64475,-0.49191,0.21665,0.4841,0.080195,0.36601,-0.8368,-0.26572,0.2672,-0.81435,-1.5139,-1.0471,-0.31991,1.199,-0.83105,-0.95449,-1.385,-0.85928,-0.85004,-0.53963,-0.50565,-0.65263,-1.0518,-0.24695,-0.50277,-0.84011,-1.0105,-1.8182,-0.67428,-0.40692,-0.56153,0.38989,1.0368,0.008763,1.8669,0.66126,-0.40481,0.098252,-0.21974,0.18086,-0.38592,-1.1162,-0.17815,-0.54298,0.95526,0.075701,-1.1721,-1.1884,-1.5051,-1.7277,0.2185,0.17989,0.075123,-0.47389,-0.15309,0.27841,0.65391,-0.84484,-0.00097077,-0.43222,-0.38999,-1.0928,0.22515,-0.47231,-0.76764,-1.4986,-0.2506,-0.28923,-1.0616,-0.38436,-0.11771,0.19113,0.46483,0.036434,-0.73464,-2.0504,-1.9433,-1.06,-0.89805,-1.2085,-0.97839,-0.44139,0.14356,-0.64857,-0.07215,-0.28442,-0.6499,0.55475,-0.09271,-0.7121,-1.2002,0.28168,-0.89505,-1.5688,-0.58563,-0.052444,-0.28958,-1.4565,-1.8098,-1.3717,-0.79614,-0.15648,-0.26649,0.58066,0.10472,-1.6362,-0.076196,-1.2425,0.58016,0.50147,-0.35249,-0.38724,0.25609,0.0969,-0.52693,-0.95383,-0.80517,-1.4869,-0.19903,-0.62595,-0.49785,-0.29775,-1.6712,-1.5796,1.1984,1.41,0.12002,0.19249,1.3274,0.12428,-0.7524,-0.079288,-0.21282,0.65567,0.37287,0.41526,0.086751,0.15084,1.1852,0.5733,-1.3296,-0.89258,0.90018,0.30789,1.1018,0.42555,-0.086881,0.25783,0.58974,0.79108,0.64249,-0.76378,-0.85774,-0.021209,-0.3265,-0.064869,-0.43448,-0.10429,-0.74224,2.0376,0.75327,0.39506,0.41723,0.66037,1.3192,-0.84311,-0.72153,-0.097,-0.5846,0.20856,0.30762,-0.74365,0.40808,0.064929,0.16649,0.34897,-0.035092,-0.49446,0.010171,0.73909,0.12912,1.558,0.65702,-0.19584,1.2948,1.0911,1.128,0.35083,0.45856,1.5078,0.80781,0.21574,-0.044349,-0.44077,0.77931,0.39615,1.1031,1.0358,0.73909,0.83517,-0.21742,-1.1182,0.22694,-0.81941,-0.39223,-0.48148,-0.97158,-1.2599,-0.17992,-0.16284,-0.37947,-0.37218,-0.10969,0.60127,-0.56816,1.6377,0.5494,0.12068,-0.71433,1.123,1.6662,1.06,0.10519,0.30241,0.063487,0.80563,-0.64048,-0.16296,-1.2773,-0.57071,-0.7518,-0.3201,-0.88262,-1.1508,-0.5417,0.30569,1.3482,0.62604,0.29596,-0.39881,0.34159,2.2021,0.96964,0.13382,0.29666,0.68579,0.89668,1.2139,0.21399,0.3585,1.5436,0.63198,2.0054,1.479,2.0089,1.3085,1.4004,1.4984,0.49173,0.57195,0.49352,0.70519,-0.63742,0.34322,0.26026,0.43391,0.10288,0.49689,1.0614,1.7455,0.50099,1.1448,0.40524,0.41306,1.1629,0.53003,0.85142,0.43429,1.3599,0.94416,-0.4795,-0.065097,-0.98675,1.0101,0.50229,-0.5939,-0.37036,-0.25923,-0.58922,-0.4723,-0.84462,-1.8071,-1.152,-0.99173,-1.166,-1.5198,-0.79095,-1.1282,-0.88538,0.30686,-0.44917,-1.1228,-0.99443,-0.54738,0.46237,0.080491,-0.58294,-1.5894,-0.73967,-1.0014,0.10958,-0.27818,-0.50328,-0.48713,0.66694,0.046012,1.7208,0.081087,0.18045,-0.016285,0.19006,1.81,0.71916,-0.12405,0.10735,-0.30255,0.38579,0.8576,-0.081966,0.18683,0.58344,0.58498,1.1443,1.6413,0.94144,1.2413,0.41085,1.1166,1.1513,1.0925,0.094549,0.46186,2.1465,0.66978,-0.43564,-0.25944,-0.36493,0.74805,0.62315,0.63453,0.12472,0.60415,1.044,1.405,1.171,0.38535,0.85931,1.595,0.30307,-1.0758,-1.404,-0.42001,0.31065,-0.21486,-0.3483,-1.0097,-0.084673,-0.79447,0.17847,-0.90601,-1.052,-0.020638,0.28292,1.2234,-0.41675,-0.61672,-0.36987,0.50526,0.46008,1.2684,-0.38051,-0.47214,0.85757,1.1832,1.5997,-0.77931,-0.16591,-0.43276,0.58335,0.72317,-0.44038,-0.53285,0.50549,-0.62111,1.499,-0.28787,0.087639,-0.64304,-0.60972,-0.96604,1.31,0.48614,-0.57109,0.43283,1.421,1.2817,0.60189,1.1405,0.83613,2.4867,1.3233,0.11743,1.4111,1.0392,1.4065,0.34998,-0.45222,-0.94217,0.095473,0.42256,0.43486,-0.25459,-0.60193,-0.38441,1.5498,0.15099,-0.94648,0.89915,0.42042,0.794,0.56493,-0.026242,0.45554,0.49435,0.76121,0.56179,0.66336,1.0208,1.2413,0.95056,0.91854,-0.037439,-0.89103,1.1606,0.56285,0.36699,-0.010892,0.2507,1.0982,1.0129,0.54286,0.94116,0.58124,0.3274,1.5577,-0.13994,-0.85269,-0.8694,0.17922,0.25766,0.10983,-0.24575,-1.3129,-1.9747,-0.42424,-0.22336,0.68301,0.24124,-0.096292,-0.69134,-0.33407,1.0505,0.83614,1.9898e-05,0.62543,0.83991,0.47599,0.54995,0.24444,0.089306,-0.57386,0.52609,0.44585,-0.57785,-0.18252,0.32904,0.87259,0.49873,-0.17882,-0.22968,0.32887,-0.29573,0.49105,-0.62602,-0.28311,0.40016,0.37316,0.86955,0.065776,-0.74924,-0.038659,1.3725,1.762,-0.20383,0.41882,0.75641,0.53951,0.28048,1.029,0.80821,-0.11089,0.34349,-0.23511,-0.24014,-0.89943,-0.72091,0.12184,0.49311,0.24251,0.26286,0.60074,0.45625,1.2534,0.63531,1.1774,0.61409,0.55222,1.6399,0.494,1.2519,-0.65542,0.5142,1.144,0.59296,0.24535,-0.42544,0.90934,1.0564,0.47151,0.30259,0.28181,0.63972,0.87266,0.38657,-0.1084,0.036687,0.64389,-0.24422,-0.89246,-0.01337,-0.14162,-0.58697,0.32244,-0.42179,-0.49981,0.73921,-0.45826,0.4486,-0.86208,-1.2538,-1.0075,-0.94738,-0.21792,-0.98413,-0.5435,-1.4365,-1.1265,-0.15211,0.20505,0.92665,1.2222,1.2188,0.97531,0.7989,-0.10471,0.70117,-0.56622,-0.014472,0.16418,-0.025133,0.022905,0.65468,0.074273,-0.13403,-0.16678,1.3589,1.3754,0.20411,0.88928,0.93666,0.83105,1.4249,0.64643,0.34057,1.1877,0.9313,0.86195,0.88333,0.64386,-0.058165,0.54648,0.058219,0.6761,-0.36248,0.12927,0.15741,0.23267,0.54094,0.76862,0.45659,-0.56355,-0.83884,-0.24177,-0.28715,0.83393,0.84427,0.14998,-0.93385,-0.86111,0.38036,0.63763,-0.95159,-0.41173,-0.98812,-0.90567,1.5294,-0.47853,-0.29434,0.35156,0.13007,0.64992,0.1389,-1.6426,0.02985,-0.14836,0.83583,-2.6249,-0.74789,-0.35287,-0.19308,0.73215,-0.15145,0.32862,-0.45324,0.074058,0.043316,-0.0011315,-0.95501,-2.3703,-1.0929,-1.7825,-0.64019,-1.5149,-0.96847,-0.27898,-1.6659,-1.4175,-0.55606,-0.41548,-0.47968,-1.064,-0.47189,-0.23318,0.36921,-0.30645,-0.40401,-0.69944,-0.57988,-0.043181,-0.3684,-0.16058,1.23,1.212,0.89389,1.1036,-0.52348,-0.098953,-0.56752,0.18121,-0.56561,-0.4405,0.95521,-0.10222,1.317,0.59213,0.6769,-0.15763,0.24415,-0.25848,0.20875,-0.79326,-1.8482,-0.4149,-0.73159,0.32594,-1.1743,-0.30243,-0.97238,-0.12763,0.3966,0.020836,-0.13833,-1.371,-0.83722,0.38544,-0.46786,-0.44394,-2.0801,-1.8231,-0.33948,-0.031266,-0.25829,-0.99063,-0.79785,-0.80058,0.55044,-0.42213,-1.0667,-0.66733,-0.29907,0.67198,0.29818,0.58225,-0.060433,0.068992,0.33887,0.3612,-0.1148,0.1865,-0.36859,-0.61746,0.94833,0.99175,-0.47869,-1.6602,-0.59545,0.62505,1.5149,0.17342,-0.28344,0.24223,0.049196,0.49686,-0.02427,-0.49112,-0.44011,0.0090599,-0.8422,-0.37414,-0.26424,-0.81789,-0.61122,0.051064,-1.3867,-1.0739,-0.89072,-1.1684,-0.53265,-0.088812,-0.046242,-1.1408,-0.38061,0.43294,-0.16743,-0.88371,-0.86108,0.28641,-0.35963,1.0268,-1.0352,-0.47374,0.72925,-0.91472,1.2571,-0.95544,-1.3072,-1.0425,-1.2579,0.056143,0.40166,-0.77587,-1.2119,-0.044483,0.89171,0.82963,0.33771,0.0762,0.015419,0.30461,0.065556,0.10495,-0.014402,-0.11196,0.47139,0.80205,0.50013,0.5297,1.0318,0.45137,0.37795,-0.10006,-0.039001,0.18756,1.0581,-0.57412,-0.99602,-0.96702,-0.93289,-0.014276,-0.448,-0.82771,-0.026503,0.29296,0.055672,-0.23129,-1.6994,-1.9094,-1.5442,-0.89743,-0.08958,-0.14025,0.045103,-0.47886,0.1959,0.81082,0.32594,0.032718,-0.49304,-1.4055,-0.19509,-0.23528,0.41539,-1.1591,-0.42912,-0.24973,0.22677,0.79242,0.37693,-0.99397,-0.29657,0.95025,1.576,0.39628,0.93845,0.28909,1.4044,0.54465,-1.9564,-0.57791,-0.65778,-0.65987,0.46507,-0.097506,-0.80348,-0.060164,-1.9365,-0.788,-2.2074,-1.4695,-1.926,-0.21446,-0.43724,-0.20699,-2.1957,-0.73499,-0.1725,-0.97564,-1.5888,-0.45954,-0.13563,1.1106,0.71539,0.027848,0.47899,-0.26621,-0.080623,0.66936,-0.31771,-0.47442,0.97865,0.83549,0.29962,0.27753,1.1324,0.45221,0.50176,0.43528,0.0045636,-0.058301,0.43558,0.11851,-0.12101,-0.064004,0.18321
-2.2849,-1.2948,-0.51343,0.11263,-0.2981,-0.73902,-1.5367,-0.40437,-0.80181,-1.3111,-1.2338,-0.96207,1.9007,2.3153,1.8276,0.94694,1.0089,1.6105,1.9412,1.3182,1.6252,0.26821,0.97067,2.032,1.3626,0.98193,0.52083,1.0698,1.2595,1.4704,1.283,0.77388,0.65942,1.4833,1.0886,0.86319,0.44027,-0.024087,1.4744,2.0639,1.6072,1.1873,0.60993,1.9428,2.3523,1.5874,0.75494,1.0237,1.4584,1.7288,1.4135,1.3833,0.078904,1.2597,2.0394,1.4662,1.9564,0.92361,0.090957,-0.10025,1.2983,0.22201,0.15965,-0.72436,0.61528,1.6034,0.11248,0.2644,-0.68531,-0.46919,0.50244,-0.46444,-0.17712,-1.9848,-1.8631,-1.1528,-0.53427,-0.66986,-0.95322,0.35128,-0.305,0.59656,-0.6657,-1.5623,-2.0003,-0.87002,0.65295,0.38905,2.0407,1.6707,3.3777,2.5033,0.84782,0.92415,0.54873,-0.065357,-1.3579,-0.74472,-2.3636,-2.3956,-2.3333,-1.5713,0.31661,-1.0727,-1.4943,-1.3894,0.18459,1.9138,1.478,1.9555,0.54243,1.3373,1.8235,0.6551,-0.45358,-0.81053,-0.086305,1.0333,1.4913,0.45835,0.54317,1.7698,3.4534,2.6591,2.8282,2.0815,1.9352,2.8331,1.271,0.46274,0.18916,0.77853,1.0447,0.42358,-0.5769,-0.95808,-1.4248,-1.9175,-1.7532,-2.0264,-2.2707,-3.5296,-3.5569,-3.3943,-0.42001,-0.49063,-1.0334,-0.97116,-0.9929,1.2629,0.92843,-0.28082,-1.054,-1.481,-2.4824,-2.0139,-3.6789,-3.7962,-4.0332,-3.3026,-1.9948,-1.8466,-2.136,-2.114,-2.3418,-1.3401,-0.58977,-1.1034,-1.4795,-0.7862,-0.36777,1.2295,1.5124,0.49526,-0.68262,-0.26622,0.1107,-0.021761,-0.47173,0.19755,0.95115,1.8201,2.1582,1.8044,1.7086,2.8262,2.2067,2.5188,2.124,1.8114,1.6209,2.6965,2.0059,1.3182,1.2383,2.4808,1.626,0.84603,-0.66071,-1.8576,-0.88128,-0.89943,-1.1517,-0.72438,-0.55384,-0.92538,0.42202,0.50589,-0.2258,-0.29839,-0.1596,-0.73424,-0.16633,-0.39168,-1.5968,-1.7783,-2.1257,-0.59792,-0.55554,0.41705,-0.68118,-0.26899,2.0511,2.45,1.8403,2.2775,1.3875,3.1587,3.2453,4.0423,2.5043,2.127,3.7953,3.5893,2.8508,1.7968,1.8836,3.1608,2.7345,2.2834,1.5836,0.0096452,-0.044385,-0.31497,-1.1643,-2.064,-2.0544,-1.4946,0.039128,0.49413,0.8987,0.26214,-0.16857,0.47175,0.00422,-1.2408,-2.1201,-1.6035,-1.3979,1.2558,0.085082,-1.2653,-1.5671,-2.0035,-1.1896,0.23538,-0.10364,0.88225,0.70732,-0.32051,-0.59309,-0.65222,-0.89406,-0.95895,-0.75408,1.1978,2.176,1.5596,1.237,1.4611,0.4406,-0.07243,0.61428,1.0036,-0.089786,-1.2767,-0.50779,-1.794,-1.0874,0.0010649,-0.53027,-0.54855,-1.7201,-1.6714,-1.0418,-1.2272,-2.2022,-2.5358,-2.518,-1.1653,-0.99162,-1.9701,-2.3003,-1.843,-0.097287,-0.11838,-0.58303,-1.4487,-1.405,0.21386,-0.6368,-1.2102,-1.6866,-1.9662,-0.94686,-1.8291,-2.0675,-3.0127,-3.4069,-3.0601,-2.987,-3.0269,-2.9011,-3.0503,-2.0978,-1.7751,-1.3923,-1.1665,-2.8016,-2.3554,-1.439,-0.76788,-0.69173,-2.0864,0.032728,2.5003,2.8472,2.5299,1.7198,1.664,2.3954,0.87636,0.59879,-0.43909,-0.20825,1.4516,0.8663,0.64606,0.68917,0.60988,-0.72328,0.23367,0.57569,-0.096593,-0.4605,-0.33926,0.052427,2.6086,1.9467,1.1341,1.1108,1.3497,1.7911,1.5582,0.85699,-0.6881,-1.4717,-0.85567,0.90868,1.2234,1.1627,0.7137,1.4988,2.7739,2.214,1.5123,-0.067744,-1.3045,-1.2528,-2.4394,-2.6393,-3.4272,-3.0817,-1.2783,-1.1418,-1.1781,-2.1826,-1.9181,-0.23638,-1.4034,-1.2212,-2.0681,-0.90205,-0.72947,-1.4164,-2.1524,-2.7276,-2.4705,-1.8901,-1.6972,-1.7484,-1.7905,-1.5608,-0.68278,-1.0142,-1.1042,-1.9074,-1.447,-0.63044,1.9305,1.9822,2.0221,2.6126,3.7426,3.5197,2.5977,2.1642,0.91308,1.1942,2.1375,0.76801,-0.39534,-2.1708,-2.6496,-0.98292,-1.2251,-1.051,-2.3698,-2.2477,-2.2559,-2.0154,-1.5149,-2.0008,-1.5293,0.45046,0.27879,-0.37491,-1.3778,-1.5588,-0.78483,-0.1475,-1.1797,-1.2713,-1.812,-1.0627,0.18529,-0.23882,0.12644,0.25813,-0.44417,-0.16347,-0.30608,-1.9554,-2.4786,-3.0772,-2.6068,-2.1089,-1.8958,-2.3903,-1.7508,-0.0076288,0.38163,1.0152,0.0085005,1.0177,2.0858,-0.09053,-0.5573,-0.94057,-0.9292,0.50526,-0.44708,-0.087593,-0.69524,-0.42562,0.77325,1.2426,0.699,-0.23961,-0.77169,0.51231,0.87212,0.76401,0.67653,0.69987,2.262,2.338,2.5246,2.0204,0.91627,3.1188,3.2245,2.9905,2.8238,3.5432,4.185,3.9957,4.0305,3.8535,4.0008,4.0567,3.126,1.697,0.35619,-1.0243,-1.2396,-0.28702,-1.3654,-2.5315,-2.5964,-0.68602,1.0301,0.53798,1.2242,0.9428,1.6495,3.0672,3.2157,2.6261,2.4975,2.1403,2.8872,2.5941,2.6169,2.3923,1.6254,2.6322,2.9097,1.63,0.43532,-0.36004,0.44341,0.093508,-0.37026,-1.1165,-1.927,-1.4297,0.21595,-0.39262,-1.3294,-2.3763,-2.4469,-1.5237,-1.8039,-2.5513,-3.2448,-2.8058,-0.4021,-0.81872,-0.39962,0.58823,-1.1975,-0.069876,-0.20169,-0.59997,-1.2799,-1.4334,-2.204,-2.1585,-1.1878,-1.1703,-1.1902,-2.3653,-2.426,-0.38948,-0.30975,-0.55538,-0.52929,-0.65299,0.4998,0.51253,-1.0235,-1.1074,-1.202,0.8294,1.1481,1.3479,0.96314,0.11812,0.64816,0.29533,-0.66017,-1.6383,-2.137,-1.483,-0.85286,-0.55703,-0.93779,-0.68425,0.1066,0.95962,0.8588,1.3442,0.089663,0.025596,1.359,0.32086,1.1549,0.29685,1.2609,1.2909,1.7062,1.3377,1.6954,1.039,0.78781,0.87804,0.72006,-0.043054,-0.26802,-0.40985,-0.11687,0.0052329,-0.3638,-0.98653,-0.80017,0.11093,0.093342,0.07539,-0.64346,-1.5787,-1.0725,0.44049,-0.23752,-0.57738,-1.288,-1.6191,-1.8629,-1.6692,-1.6098,-0.83752,-1.3376,-0.22209,1.3833,1.5441,0.35895,-0.1953,-1.1388,-0.33431,-1.1547,-2.0604,-2.8222,-3.2248,-3.505,-2.5859,-2.8428,-2.8778,-2.4613,-1.5784,-1.0389,-0.22051,-0.89996,-0.30206,0.21852,1.4921,1.4638,0.96275,0.21975,1.8899,0.67582,0.13473,-0.072697,-0.76646,0.44218,-0.93721,-1.3711,-1.4144,-1.59,-1.45,-0.57058,-0.64238,0.4535,-0.99397,-0.040136,1.6332,0.83176,-0.65453,-1.3185,-2.7519,-1.788,-1.4797,-1.0599,-1.269,-0.97293,0.071013,0.90608,-0.86237,-1.0516,-2.0056,-1.7042,-0.70187,-1.9526,-1.8758,-2.7231,-2.9474,-1.1475,-1.1613,-1.0821,-2.1598,-1.6412,-1.4093,-0.83499,-0.38294,-0.47743,-0.38301,0.2348,1.1385,1.435,0.8236,0.62224,2.3237,1.8418,1.1968,-0.19707,0.28753,0.78117,-0.03605,-0.49884,-0.87355,-0.15807,0.30474,0.42121,0.039028,-0.47155,-0.12865,0.17489,-0.15591,-0.75009,-0.48168,-0.72867,-0.0048122,0.84554,-0.40053,-0.93067,-0.62145,1.3816,1.0075,0.47352,1.0314,1.294,1.8258,2.0432,0.96836,0.19231,-0.66692,-0.21001,-0.35608,-0.81082,-1.1271,-0.68454,-0.25293,-0.18705,0.57654,0.43878,0.12614,0.97182,0.72831,-0.96305,-2.03,-2.3576,-2.923,-1.2331,-1.2694,-0.92366,-0.54619,-1.6041,-0.94653,0.48673,0.32878,0.3571,-0.39068,-0.64625,0.61324,1.3162,1.2676,0.74622,1.066,2.3434,1.4075,0.64148,0.039527,-0.52068,0.018502,1.3212,1.1154,-0.49309,0.48739,2.1008,2.5012,1.5919,2.068,0.73085,1.4533,2.068,1.0287,-1.5334,-2.4427,-1.7158,-0.15212,-0.0015146,-1.2128,-1.211,-1.3643,-0.57209,-0.48582,-1.2737,-0.92984,-1.0134,-1.3157,-0.5731,-1.0414,-2.2955,-1.4473,-0.85577,-0.96625,-0.8977,-1.7262,-1.4319,-0.42098,-0.79454,-0.77384,-1.2071,0.048922,1.7442,1.8297,1.6824,1.0343,1.4884,1.6009,1.4567,1.4569,0.81185,1.7323,1.3965,1.3993,1.2508,0.30184,1.3918,2.7649,2.6957,2.0931,1.8154,1.8132,2.73,2.3201,1.0728,0.56542,1.432,1.1079,-0.079174,-1.3518,-1.8369,-1.0013,-0.82649,-0.85203,-1.2876,-1.3852,-0.95203,0.22075,-0.14491,-0.087265,-1.2451,-0.51901,-0.11541,0.2504,0.38181,-0.04569,-0.059937,0.61252,0.50627,-0.17928,-0.34779,-0.65042,-0.2231,-1.5741,-1.7763,-1.4933,-0.63988,-0.76373,-1.0751,-1.6905,-1.4265,-0.20257,-0.62821,-0.086564,-0.49888,0.55572,1.7639,2.0648,1.8043,0.77875,0.50328,1.5492,0.93031,0.54183,0.97587,0.59408,1.6734,1.9166,0.57364,0.66256,1.4791,1.1615,0.61063,0.2006,0.24587,0.78147,1.5168,1.3581,1.1557,1.5622,2.3736,1.8849,1.3358,1.4162,1.9785,2.4568,1.7474,1.3949,-0.19052,-0.34766,-1.2252,-1.442,-2.9401,-2.9426,-2.5011,-1.0545,-0.26233,-1.3478,-1.2491,-0.22484,0.32399,1.2915,0.35798,-0.20882,-0.82567,-0.4359,0.29749,-0.83906,-1.075,-1.8037,-0.3271,-0.070689,0.29199,0.18919,0.73392,1.8057,1.0364,1.2338,-0.5479,0.45104,-0.81992,0.9038,0.76793,0.048639,-0.58307,-0.72624,-0.83639,-0.53649,-0.11089,-0.3928,-1.2796,-1.3235,-1.0812,-0.042826,-0.45257,-0.094022,-0.25457,1.0639,1.4283,1.8583,0.51618,2.0027,2.0127,2.492,2.4731,2.2838,1.664,3.541,3.5252,2.8573,2.305,2.0097,1.8867,2.0788,1.4783,0.45268,-0.80403,-1.0652,-0.9555,-1.3967,-2.435,-2.1399,-2.5178,-1.855,-0.72073,-0.70621,-0.42983,-0.27723,0.13085,0.80066,0.57623,1.0047,0.30675,0.16117,2.2123,1.8298,1.0376,0.49199,0.13605,-1.9228,-1.0486,0.28562,-0.50932,-0.9639,-1.3853,-0.19425,0.51465,-0.66999,-0.43456,-1.3422,-0.079478,-0.10221,-1.2315,-0.75722,-1.4482,-2.1815,-1.1924,-1.2152,-2.4076,-2.3342,-2.9469,-0.48829,0.013069,0.2532,-0.17031,-0.48277,-0.1458,0.82189,0.80655,1.3127,0.13252,-0.7277,1.0281,0.43184,0.62604,-0.14061,0.13157,0.89528,0.92747,1.6331,1.3351,2.2516,2.4068,2.0405,1.3444,0.88426,0.49578,0.49215,1.0429,-0.12403,-1.2722,-1.6422,-1.5689,-0.91341,-1.177,-2.1369,-2.0778,-1.7897,-1.1946,-0.70563,-0.52067,-0.12844,-1.1291,-0.76112,-1.2361,-3.2268,-2.548,-2.7661,-1.2948,-0.3829,-1.6223,-0.72377,-1.3872,-0.072286,0.548,-0.11037,-0.09654,-0.65891,-0.47813,0.19014,-0.71422,-1.0361,-1.2713,-0.70492,-0.91301,-0.98636,-1.6506,-2.0705,-0.86237,-1.0645,-2.2493,-1.9599,-1.7113,-1.2597,-0.58275,-1.0313,-0.27891,-0.6688,0.012861,1.8119,1.3282,1.9889,1.3176,2.2029,1.7604,0.5767,1.1764,-0.082007,-0.28373,-0.27853,0.73339,0.5001,1.0755,1.3776,1.7405,2.7362,2.4491,3.1542,0.9869,0.70946,1.5583,1.5232,1.9738,1.2527,0.61976,0.71853,1.3428,0.57039,-0.92669,-1.0334,-0.25619,0.81984,0.90299,1.4375,1.2328,1.8126,0.94544,0.094997,-1.0022,-1.4095,-1.4758,-1.0571,-1.1279,-0.78989,-0.12265,-0.59448,-0.57065,-0.76038,-0.80554,-1.1663,-0.11455,0.81758,-0.25407,-0.566,-1.3274,-1.1073,0.67117,0.3524,0.018193,0.50192,1.4104,1.9377,1.5233,0.84271,0.45599,0.7339,1.1727,0.53329,0.56366,-0.084374,0.10759,1.2066,1.8175,2.5148,2.6194,2.2624,3.1216,2.8669,2.3613,0.45661,0.38766,-0.57293,-1.0321,-1.8991
-0.96973,-1.4073,-1.2175,-0.38467,-0.16859,0.16423,0.445,-0.14905,0.30192,1.1605,0.65476,0.78732,0.82985,0.61741,0.56843,0.034981,0.84528,-0.70813,-1.0182,-1.945,-0.86331,-0.10207,0.11919,-0.16356,-0.71996,-0.14946,-0.23481,0.42747,-0.14316,-0.47621,0.27308,0.13808,0.34761,0.17382,-0.19782,0.57475,0.40146,1.5017,0.91958,1.0569,0.72645,1.0842,1.6623,1.1006,0.57487,1.1226,1.2916,1.7374,1.7098,1.2528,0.68476,1.185,0.35339,-0.063875,-0.44584,-0.17781,-0.056943,0.63456,1.1392,0.95105,-0.52504,-0.39928,-0.44988,-1.002,-0.65931,-0.69156,-0.70885,-0.42825,0.058593,0.54947,0.48557,-0.15608,-0.17951,0.22355,1.0312,0.42935,0.3064,-0.34788,0.26929,0.42413,-0.8472,-0.90091,-1.468,-0.94138,-0.71516,-1.1742,-0.56664,-0.82239,-0.4181,-0.19389,0.21268,0.17228,-0.16775,0.62484,0.85692,1.3707,0.98418,1.3705,1.1363,1.0191,1.7125,2.0042,0.7674,-0.085623,-0.53074,-0.064528,-0.28449,0.55985,0.45278,1.0503,1.6182,1.9035,0.60452,0.56769,1.7049,1.1324,0.8058,0.72448,0.93986,1.2881,1.6271,1.7398,0.74927,0.36219,-0.40541,0.055281,0.12795,-0.98024,-0.93486,-0.60071,-0.55806,-0.84328,-0.47341,-1.2767,-1.1484,-1.5635,-1.6383,-2.3507,-1.203,-1.6625,-1.7492,-0.69332,0.56711,-0.55205,-0.058652,-0.50234,-0.50211,-0.1842,-0.11887,0.15423,-0.52069,-1.5472,-0.92835,-0.9331,-1.7041,-1.1794,-1.3486,-1.165,-0.60946,-0.43914,-0.16259,-0.60865,-0.27829,-1.1545,-0.34642,-0.82266,-0.78032,-2.1159,-2.1753,-1.1326,-0.80851,-0.0098037,1.293,1.332,2.4569,2.2027,1.4826,1.6559,1.914,1.1405,0.58205,0.50037,0.26355,0.30627,0.25613,0.6167,0.24734,-0.017949,0.98239,0.22139,-0.23615,-0.17249,-0.86027,-0.84076,-0.98984,-0.037048,-0.88552,-1.3078,-1.1586,-1.3171,-2.0724,-1.7634,-2.1533,-2.6629,-2.6132,-2.6653,-2.6629,-2.7909,-2.7052,-1.5208,-1.5922,-1.2791,-1.1915,-0.66626,-0.46515,-0.95695,0.39324,0.45715,-0.6011,-0.60294,0.14992,0.13528,0.49027,0.57755,0.57676,0.91272,0.8872,0.67179,1.2336,0.49498,0.17738,0.57442,0.90201,0.94773,0.36286,0.19766,0.32695,0.43094,0.16558,0.47582,-0.17214,-0.76771,0.2279,-0.76581,-0.62512,-1.8355,-1.2998,-0.96242,-0.08545,0.058985,0.22523,1.2412,1.6304,2.1427,0.84494,0.50805,0.46773,-0.61875,-0.47124,-0.042057,-2.0155,-1.3892,-1.5318,-0.41188,-0.80441,-0.8167,-0.5442,-0.4448,0.44002,-0.67474,-0.95627,0.20791,-1.1203,-0.80192,-1.2158,-0.59747,-1.436,-1.3201,-1.5642,-2.0258,-1.4906,-1.792,-2.1818,-1.6019,-1.0323,-0.82118,0.36326,1.6193,0.79465,1.289,1.8339,2.29,2.2725,3.2998,2.7663,1.5736,0.73587,0.11517,-0.15505,0.44671,-0.38575,-0.052065,0.20343,0.20013,-0.094524,0.66062,-0.1183,0.7363,0.82438,-0.21257,-0.0053956,0.66367,0.20974,0.21591,-0.20594,-0.1541,-0.54896,-0.84652,-0.70583,-0.48747,-0.11122,-1.0565,-0.4824,-0.80299,-1.2147,-1.0747,-0.96388,-0.5176,-0.14159,-0.73254,-1.6284,-1.2266,-0.32812,-0.4005,1.1146,1.5843,0.37366,0.50353,0.68187,0.30405,-0.49456,-0.96638,-0.92346,-1.4992,-1.4742,-2.1496,-0.41833,-0.31456,-0.5128,-1.0683,-0.88149,-1.614,-2.1802,-1.2522,-0.42403,0.50212,1.6663,1.7364,2.4027,1.7496,1.9316,2.3133,1.0524,1.004,1.1795,0.82938,0.37084,0.43283,-0.24234,-0.3292,-0.078392,0.78073,1.8293,2.4533,2.5083,2.6132,3.2592,1.627,0.37565,-0.27145,-1.0857,-1.5524,-1.2501,-0.30558,-0.28235,-0.24994,-0.50747,0.31063,-0.14072,-0.66835,-0.73844,-0.24721,-1.3547,-0.969,-0.75924,-0.78578,-1.3249,-0.88317,-0.91388,-1.7821,-1.7176,-0.45921,-0.40084,-0.2837,-1.1775,-0.81812,-1.5296,-1.5822,-0.50281,-0.69699,-0.86231,-0.69039,-0.41335,-0.14243,-1.2354,-1.1353,-2.0152,-1.3383,-1.498,-0.60309,-0.42049,-0.0083496,-0.93441,-0.41873,-0.2841,-1.0955,-0.15995,0.19797,0.57657,0.89937,1.0759,1.3807,1.1854,1.3731,1.5755,1.5097,-0.23129,-0.57603,-0.18877,-0.18713,-1.2573,-1.3117,-0.88226,-0.89028,-0.3769,-0.33191,0.012807,-0.1054,-0.27082,-0.099604,0.38771,-0.86445,-0.86998,-0.2047,-0.24505,-0.88518,-0.50929,-1.1064,-0.57155,-0.80261,-1.2792,0.83814,0.19941,0.17526,0.027031,0.80013,0.088867,0.17472,0.14957,-0.29473,-0.62933,-1.4118,-0.04616,-0.91477,-0.45562,-0.28836,-0.091329,1.0095,1.261,1.7404,1.8589,2.0521,2.4881,1.872,1.9686,1.1001,0.77407,0.75607,0.098171,0.84242,0.48407,0.080067,-0.53496,-0.68797,0.19997,-0.078462,-0.21234,-0.20468,0.2506,0.41903,1.2716,0.91835,-0.091542,-0.59803,-0.21954,-0.3765,-0.78751,-0.5337,-0.045812,-0.32616,0.92874,0.54129,0.70526,-0.015741,0.72736,0.5352,0.69064,0.197,0.37087,0.73183,0.90308,0.51301,0.54943,0.016471,-0.45795,0.18553,-0.062122,-0.38235,-0.79876,-0.82339,0.18897,-0.74194,-1.4067,-1.0754,-1.1456,-0.93686,-0.5616,1.058,1.5544,0.91329,1.1065,1.8881,1.2472,0.66177,-0.052177,1.2777,0.42538,0.86226,-0.38455,0.29301,-0.27011,1.4488,1.9151,0.48021,1.6552,0.24932,0.62335,1.2,1.7088,1.2317,0.31998,0.86208,1.1379,1.448,0.98121,0.76813,0.63215,0.23964,0.029712,-0.63515,-0.56941,0.12905,0.017789,0.4921,0.97273,1.4843,1.0166,0.70846,2.1205,1.2167,1.0996,0.95913,1.5194,1.5781,1.8432,1.3947,1.4654,1.4175,2.4029,2.4232,1.551,1.8657,0.58677,0.8845,0.57151,0.33375,-0.47846,-0.18154,0.80692,0.68125,0.63026,0.3942,-0.29747,0.056608,0.18207,0.13854,0.022542,-1.3133,-2.3379,-1.0122,0.028025,-0.58389,0.46479,1.1027,1.5253,2.4111,2.105,1.5213,1.5197,1.5406,0.76153,0.22228,0.53159,-0.36262,-0.53224,-0.13355,0.28894,0.29738,-0.060012,-0.034986,0.77516,1.3747,2.8039,1.4096,0.97473,0.84083,0.31263,0.3188,-0.022551,-0.40595,-0.14731,0.35209,0.71802,0.99177,1.2252,0.59275,0.046336,0.062275,0.39944,-0.45772,0.32794,0.84644,0.46865,0.39547,-0.86187,-0.52688,-0.17627,-1.1702,-0.30513,-2.9104,-2.0034,-1.1321,-0.89871,-1.5204,-1.7661,-1.5015,-0.68799,-0.65193,-0.19082,-0.93032,-1.027,-0.95517,-0.52199,0.35702,-0.036569,0.043965,-0.08653,-0.48877,0.033448,0.42989,-0.31013,-1.249,-0.16351,-1.1633,-1.3805,-2.1712,-0.96216,-1.2179,-0.96346,-0.74169,-1.2465,-1.738,-1.4349,-1.492,-1.8865,-2.4587,-1.7936,-1.9133,-2.015,-1.3517,-1.7195,-0.086581,-0.096468,1.2746,1.7726,1.8328,1.0567,0.6854,-0.19029,-0.31027,-0.63191,-0.38106,-1.5323,-0.35748,-0.82513,-1.9979,-1.3399,-1.2329,-1.7496,-1.1757,-1.683,-0.707,-1.1138,-0.46506,0.48738,0.022026,-0.01806,-1.1202,-1.1853,-1.1045,-2.6326,-1.9955,-2.0273,-1.1378,-0.54442,-0.25906,-0.24034,-0.14969,1.1361,1.8681,1.2712,1.1115,1.0352,0.98889,0.24079,-0.64231,-0.27175,-0.58309,-0.80851,-0.95973,-1.4995,-1.7693,-2.8036,-2.8648,-2.5122,-1.8481,-2.7175,-2.9815,-1.8358,-2.3181,-1.8581,-2.5621,-1.2719,-0.60565,-0.80254,-0.93812,-1.4015,-1.1265,-0.62099,0.14229,0.87829,2.4304,3.118,2.5578,2.2642,2.035,1.268,0.9141,-0.88507,-1.234,-1.545,-2.165,-1.691,-2.0579,-2.1966,-1.3828,-0.7647,0.32248,1.365,0.99092,0.27144,1.6362,2.013,0.95994,1.5198,1.1296,1.3392,1.1849,0.26147,0.020549,0.61741,1.6124,0.8857,0.8998,0.77667,0.19785,0.41061,-0.5623,-1.0775,-2.0542,-2.8392,-2.2294,-2.5776,-2.7997,-3.1157,-2.8357,-2.2913,-2.2729,-0.54583,0.48745,1.2969,2.5575,2.5807,2.4514,1.6053,0.059673,-0.36318,-0.24107,-0.20175,-1.0702,-1.4941,-1.792,-0.9181,-1.5316,-2.5698,-1.1242,-0.78731,0.23398,0.072605,0.3865,1.5248,0.99879,1.4648,0.68302,0.521,1.0812,1.2848,0.016597,0.17368,0.60821,0.0016967,0.056104,-0.031496,0.28255,0.40352,0.31421,1.2907,1.6546,1.1889,0.099739,-0.51533,-0.43114,-0.69308,-0.80112,-0.60934,-0.016191,-0.029644,0.28257,0.31098,0.34911,0.6013,1.2409,1.3045,0.13668,1.1585,0.88965,0.793,0.64919,0.72496,1.2812,1.7257,1.3118,0.76309,0.41438,0.82694,0.79276,1.3489,1.1051,1.4262,1.3063,1.069,0.96723,0.73852,0.48567,1.1703,1.1561,1.1101,0.73353,1.0849,1.4758,0.82056,1.3406,1.3734,1.4812,1.1668,1.6122,1.3385,1.2214,1.443,1.0665,1.0525,0.94669,0.88008,0.7627,1.6217,1.9803,1.457,1.3666,2.2066,2.7545,2.1548,1.0976,0.31246,-0.019833,0.37899,1.1331,-0.44562,-0.21658,-0.99366,0.27432,1.5176,1.0759,1.4568,0.75791,1.5236,2.1913,1.3209,1.0171,0.57939,0.031704,0.17722,-0.028269,-0.49908,-1.3257,-1.2001,-0.13515,-0.10374,-0.51567,-1.0364,-0.0093179,-0.66018,0.3672,-1.974,-0.93655,-0.43205,-1.7499,-1.3679,-0.6998,-0.54348,-1.2411,-1.4214,-1.1338,-0.6943,-0.44442,0.35972,1.0643,1.7353,2.4652,2.7725,1.9201,1.678,1.5071,1.5934,1.5944,0.77294,0.63452,0.7878,1.5353,0.65086,0.58349,0.50743,0.084734,0.34769,0.95552,0.35426,-0.15094,-1.1165,-0.5792,-1.2026,-0.71346,-1.8737,-2.3007,-2.739,-1.8965,-1.715,-1.743,-0.9486,-0.81209,-0.14432,-0.24389,1.3362,1.6685,0.67741,0.25358,0.29671,0.70694,-0.19182,-0.07003,-0.71902,-1.0968,-1.5306,-2.379,-2.0841,-1.2167,-1.0473,-0.25411,2.0671,1.5691,0.96686,1.0311,-0.0065028,-0.18073,0.092253,-1.494,-0.054872,0.011073,0.22842,-0.022471,0.41698,0.81171,1.8467,2.5944,1.4719,0.63631,-0.31398,-1.4362,-1.006,-0.7972,-0.25768,-0.90468,-0.95912,-2.0174,-0.57389,-0.95979,-0.82767,-1.0083,-2.3294,-1.1241,-1.7857,-2.0134,-2.1184,-2.3253,-1.1189,-0.72388,-1.1178,-0.84799,0.097371,0.24186,0.26734,-0.297,0.043956,0.49839,1.4417,1.9111,1.8019,1.2059,1.9919,0.97687,1.3964,0.50945,0.43127,0.12905,-0.65817,-0.19146,-0.24462,-1.3913,-1.6605,-1.7663,-1.2782,-1.5673,-1.3885,-1.9409,-1.5102,0.37822,1.0573,1.7689,1.6973,1.8037,1.2588,1.3393,0.2919,0.69858,0.36521,0.67406,-0.20829,-0.39345,-0.69165,-1.0951,-1.3369,-0.82025,-1.5054,-2.5143,-2.1039,-2.6296,-2.2909,-2.7488,-1.0372,0.10419,-0.26781,0.17648,0.059655,-0.68889,0.67703,1.0387,1.3104,0.69385,1.1642,1.4638,0.19457,-0.16831,-0.11632,-0.0091789,-0.67778,-1.0152,0.69881,0.8853,-0.10657,-0.62519,-0.96801,-0.98372,-0.86315,0.58558,-0.22232,1.2825,2.2362,2.4694,2.692,1.8966,1.0593,-0.42366,-0.63713,-1.1976,-1.1158,-0.49677,-0.5634,-0.025037,-0.44056,-1.0462,-1.3634,-2.3555,-1.1973,-1.9674,-2.4181,-3.0189,-3.7116,-3.5067,-2.4165,-2.1829,-2.7398,-1.3036,-0.8136,0.37113,-0.33239,-0.77483,0.14281,0.015926,1.2615,0.99448,1.3878,1.8131,2.7241,2.3099,2.0302,1.4834,0.91825,1.4736,1.2786,0.6843,-0.59655,-1.6293,-0.24077,-1.1043,-1.2578,-1.8932,-1.1196,-0.51149,0.039535,0.57723,-0.11565,0.0192,-0.23657,-0.73079,-0.95082,-0.821,-2.082
-0.79791,-0.5922,-1.8451,-0.74407,-0.12197,0.54845,0.74221,-1.3857,0.17543,0.85891,1.0988,1.4372,-0.078264,0.72444,0.99996,0.35944,0.95405,0.2994,0.3193,-0.35935,0.75788,0.5429,0.28357,0.76533,0.45286,0.80676,0.91815,0.41882,-0.067756,0.30752,1.0584,0.97741,1.4909,1.22,1.8377,2.3009,2.3051,2.0263,0.78131,0.12618,-0.31966,0.30237,-1.0037,-1.988,-1.1586,-1.051,-0.56071,2.7346e-06,-0.18629,-0.30268,-0.09457,0.68668,0.053744,-0.55898,-1.2686,-1.2071,-1.1452,-0.94191,-0.27621,-1.1224,-1.0233,0.24666,0.30973,1.5297,2.4931,1.3538,1.4474,1.8483,1.919,2.232,1.5867,1.0577,0.26429,-1.0868,-0.84912,-1.6767,-0.92389,-0.67202,0.70487,0.6504,-0.79793,-1.0766,-0.7697,0.025666,-1.0664,-1.678,-0.90984,-0.59484,-0.48733,0.61528,-0.041453,1.6543,1.872,0.69026,0.98148,0.11416,-0.3606,-0.63864,-0.65987,-0.49008,-0.43029,-0.80613,-0.93352,0.33788,1.6544,2.0836,1.8497,0.52152,2.1887,1.9192,2.3954,2.1013,1.5601,2.4564,2.4112,2.753,1.7157,0.97973,1.3192,1.6248,2.2878,2.3402,0.78385,1.3778,0.95454,1.2024,0.40015,-1.0397,-0.78527,-1.5349,-1.1893,-1.8825,-2.1964,-1.9215,-1.6774,-1.299,-0.83939,-0.85071,-2.2087,-2.3918,-1.5929,-1.8333,-1.8604,-2.2599,-3.4838,-2.6237,-2.6135,-2.3444,-2.0001,-1.7046,-1.7129,-0.60642,-0.95988,-0.91338,-1.8858,-2.0844,-1.8921,-0.34573,-0.67083,0.50612,0.51371,0.47229,0.61444,-0.25135,0.2966,-0.53836,-1.873,-1.831,-1.416,-0.68543,-0.67968,-0.78459,-0.51371,-0.072909,-0.30707,-0.91675,-1.2296,-1.9525,-1.8137,-1.6409,-2.4215,-2.3876,-1.9149,-0.87297,-0.60531,-1.0824,-0.13834,0.34767,0.45298,0.80285,0.17527,-0.97474,-1.491,-1.4027,-1.1249,-1.3072,-1.3214,-0.74211,-1.0571,-1.6317,-2.514,-1.9588,-2.3044,-1.0652,-0.0072778,0.096221,-0.1471,-0.2191,0.41669,0.19848,0.32232,0.079614,-0.85798,-0.64081,-0.29671,-0.32413,-0.24485,-1.1573,-0.92813,-0.48484,0.33117,0.86643,0.89237,0.22606,0.5642,0.73108,0.44276,-0.33773,-0.15851,0.49777,0.91225,0.74266,-0.030827,-0.29107,-0.18322,0.66174,1.5405,0.23924,0.06895,0.46402,-0.44667,0.22231,-0.53133,-0.85202,-0.39849,-0.52655,0.7188,0.53327,0.082939,1.5243,1.7844,1.2166,1.6839,1.0996,-0.26855,-0.1394,0.6814,1.5441,2.4909,0.52461,1.4372,0.39815,1.7123,0.68799,0.42906,0.39632,1.151,0.23446,0.86335,1.0576,-0.54199,0.46721,0.65187,1.1313,1.2531,0.086453,-0.39456,-0.19504,-0.79988,-0.29859,-0.444,-0.84158,-1.8418,-1.6829,-0.98592,0.71885,-0.40954,-0.671,-1.2378,-2.6913,-1.6431,-1.3075,-0.72617,0.027042,-0.49416,-0.64892,-0.15335,0.28419,1.4205,0.26132,1.1027,2.013,1.5171,0.69937,-0.20089,0.02296,0.97432,2.2089,0.8473,1.5014,1.185,1.7164,1.2333,1.6572,0.1627,0.90034,0.5249,-0.42884,-0.60771,-0.92059,-0.69426,-0.4696,0.28666,0.46162,0.30606,-0.48204,0.089188,-0.058447,0.55176,-0.070582,-0.99505,0.047999,0.21604,1.0987,1.2624,0.0064421,0.73614,1.0457,1.4362,3.1676,1.5074,1.1017,1.2387,1.7367,0.95204,0.54209,1.8399,2.7352,2.3112,2.2104,0.6438,-0.28616,-0.84361,-1.0648,-0.97742,0.061454,-0.17354,-0.56244,0.18271,0.28547,0.91212,0.5633,0.65579,0.57092,0.84468,0.87558,0.013014,0.8111,0.031392,1.1218,1.6628,1.5544,1.4536,0.41367,0.80843,0.45069,0.68695,0.47684,-1.1285,-1.1712,-0.64714,0.47818,0.40341,-0.77789,-0.2004,-0.73097,-0.12755,-1.3234,-2.3795,-2.4565,-1.865,-0.49613,-0.67546,-1.922,-1.1971,-0.41668,-0.47928,-0.16278,-0.75978,-0.47804,-0.87736,-0.32923,0.033947,-0.40461,-1.5146,-0.94294,-1.0742,0.19056,0.050845,-0.12692,-0.51424,-0.52683,0.011976,-0.66216,-0.352,-0.31205,-0.67671,0.47668,0.15897,-0.22205,0.80907,0.92273,0.4161,0.61152,0.70609,1.2071,0.052203,-0.034299,-0.45603,-1.4646,-1.6092,-0.96144,-0.62315,-1.1346,-1.443,-1.2318,-1.2284,-0.42253,0.4641,-0.0059282,-1.3572,-0.21607,-0.51495,0.15558,0.39855,-0.52393,0.17418,1.8136,1.8307,2.8024,1.3556,0.70224,0.4827,-0.40914,0.14468,0.057399,0.22132,0.5905,1.634,1.4602,0.5445,1.0826,1.5113,2.1522,2.4535,1.7119,2.6501,2.2935,3.0897,1.7268,1.5101,0.37739,0.93506,1.3136,0.49554,-0.61517,-0.28517,-0.37786,-0.53766,-0.7758,-0.73188,-0.29234,-0.027756,0.52882,1.2768,0.16415,-0.26404,-0.34898,-1.1119,-1.5521,-1.5478,-2.0552,-0.99493,-0.40679,-0.67571,-0.39826,-0.46473,-0.48688,-0.81272,-1.8122,-2.2005,-1.951,-2.2873,-1.6096,-1.3124,-1.2989,-1.2676,-1.4649,-0.70733,0.13346,-0.27263,0.14666,0.26989,-0.092756,0.34734,-0.015463,-1.1035,-1.2157,-0.96784,0.07655,-0.082879,-0.53406,-0.22747,0.32764,0.64652,-0.0073539,-0.26343,-0.56023,-0.67019,-1.3913,-1.2175,-1.6443,-2.2037,-1.7967,-1.927,-0.83581,-1.1591,-1.4712,-0.64939,0.26757,1.0855,1.3693,0.28059,0.39471,0.90456,0.98227,1.3991,-0.25123,-0.18233,1.1109,0.95245,1.1965,0.43455,0.97694,0.88464,0.69656,0.21845,0.46236,0.60143,0.62475,0.38494,0.48942,1.0584,0.66655,0.43678,0.0053883,0.37787,0.96886,0.73735,0.12251,-0.44193,0.10749,0.26765,0.98119,-0.91106,-1.3238,-1.2072,-1.2924,-1.5279,-2.4792,-2.2062,-1.6724,-0.69124,-0.48371,-0.76736,-0.96954,-0.1778,0.068197,1.0018,0.66794,0.33564,0.83456,0.44008,1.0965,0.30229,0.5293,0.096501,0.45677,0.66946,1.0767,0.81896,0.63214,-0.015711,0.70933,0.3159,0.8006,-0.0042911,0.71889,-0.48563,0.49272,0.68562,0.41345,-0.37143,-0.1876,0.34972,0.72319,-0.79527,-0.3129,1.07,1.1219,1.4634,1.2262,0.086868,0.65245,0.66642,0.94435,0.15391,-0.2918,-1.2453,-0.93025,-0.45186,-0.19459,-0.64962,-1.5444,-1.2398,-0.73782,-0.11405,-0.36251,-0.20123,-1.0219,-1.287,-0.7703,0.17172,-1.1256,-1.4346,-1.3758,-0.44057,-0.81244,-1.0013,-0.89583,-0.15686,0.033691,0.61146,-0.66751,-0.89401,-0.93882,-0.43346,0.028437,-1.8966,-1.5409,-0.93566,-0.2688,-0.68503,-1.1508,-0.17973,-0.3264,-0.1828,0.65923,0.1062,-0.3583,-0.54228,0.10774,0.67969,1.3395,-0.7803,-0.76015,-0.58758,-1.1243,-0.36299,-0.86665,-1.6759,-1.4748,-0.49977,-0.27372,-0.60348,-0.19166,-0.4211,0.21822,0.26855,-0.11148,-0.24683,-0.40381,-0.81118,-1.5032,-0.0047129,-1.2343,-1.4896,-0.84325,-0.056336,-0.33909,-0.12158,0.13721,0.88964,1.625,1.9692,1.3964,0.82156,0.78035,0.87569,0.42272,-0.51453,0.82776,0.91243,2.0659,0.7534,1.101,0.87719,1.106,1.1294,2.2511,0.35338,-0.031234,-0.16546,0.3449,0.044918,-0.74012,-0.4121,0.9261,1.2812,0.7814,0.37025,1.246,0.92229,1.15,0.88548,0.88876,0.92554,1.3863,1.5733,0.51235,-0.72693,-1.1476,-1.1211,-0.79485,-0.52368,-1.3844,-1.8269,-1.8979,-1.4603,-1.1502,-1.5927,-1.041,-1.5272,-1.1109,-0.65091,-1.5708,-1.5514,-1.2019,-0.67544,-1.4619,-0.73636,-1.5301,-1.2648,-0.97021,-0.475,-0.99028,-0.31279,-0.19548,0.3795,0.61473,1.7737,1.8616,0.32263,0.16999,-0.52625,-0.9479,-0.83659,-1.3109,-1.1606,-0.019377,0.51514,0.94811,1.2221,0.46861,1.5797,1.709,2.6436,2.1551,1.4829,1.3579,1.9889,1.7618,0.86875,-0.2356,0.051635,-0.46843,-0.14436,-0.50031,-1.2811,0.46012,1.1489,2.1161,1.9984,1.4436,1.2498,-0.17861,-0.42308,-0.84222,-1.2644,-1.0116,-0.26601,0.061389,0.49468,-0.77532,0.92142,1.241,1.7233,1.0614,0.71941,1.5855,1.6005,2.3968,1.9131,0.51029,-0.013123,-0.47543,-0.31091,-0.57261,-1.3235,-1.1989,-0.67883,0.55032,-0.14013,-0.69222,-1.0907,0.098687,1.9982,0.62902,-0.2117,0.48569,0.74496,0.6507,0.70842,0.37644,0.70053,1.1471,1.8726,0.28898,0.42343,-0.2915,1.0338,0.94711,0.835,-0.17492,0.025011,0.45928,0.50573,0.95656,0.27961,0.97827,0.83834,1.3814,1.4462,1.2072,0.83462,1.1753,1.1699,1.1908,0.20354,0.50842,0.83162,0.45423,0.14281,-0.11007,0.05416,-0.38858,-0.34773,-0.51927,-0.12873,0.18181,0.7428,0.68266,0.37054,0.32798,0.92304,-0.037083,-0.86047,-0.96296,-0.61695,-0.28314,-0.3135,-0.66757,-1.2469,-0.60248,-1.0574,-0.59593,-0.66499,-1.2052,0.22025,0.54051,1.6888,0.88338,1.5208,1.5885,2.5668,1.9188,0.65959,1.6274,1.5349,0.81374,0.95712,0.94075,1.0499,1.7997,1.286,1.0992,-0.39071,0.65543,1.5522,1.6611,1.164,0.3171,1.9083,1.7169,1.7374,1.7737,0.68527,0.88702,0.62134,1.0993,-0.81847,-1.1913,-1.2438,-1.1156,-0.67333,0.033242,-1.3779,-0.29178,-0.054262,0.85335,0.48318,-0.88304,-1.0878,-1.4385,-0.57339,-0.091461,-0.70667,-1.5562,-0.24695,0.019947,0.77872,0.68753,-0.63126,-0.21678,-0.24914,-0.048892,-0.78073,0.025539,0.36568,0.076832,-0.29574,0.73404,1.2687,1.5032,1.2315,2.0532,2.1954,2.0697,0.96153,-0.062778,-0.14553,0.98359,1.3304,0.93097,0.58651,0.8421,0.96421,1.3948,1.7285,1.0435,1.1934,0.70869,0.028722,-0.57268,-1.5049,-0.81895,-0.032185,-0.33304,0.50314,-0.060051,-1.7188,-1.5856,-1.6766,-0.72834,-0.30499,-0.94365,-0.8002,-0.48997,0.72135,0.97149,0.92844,0.57232,1.4045,1.6161,1.6448,-0.059803,0.01407,0.12675,0.19054,-0.082854,-0.90564,0.074546,-0.071367,0.69735,1.9502,2.1107,1.8716,1.912,2.2605,2.6064,2.5698,2.5042,2.0862,1.6534,1.0434,0.62013,-0.15052,-1.0715,-1.1425,-1.185,-0.6164,-0.064663,0.055304,-0.15734,0.032023,-0.49935,-0.25412,-0.47115,-1.5171,-1.8702,-1.8819,-1.2115,-0.60164,-1.3522,-1.378,-1.3836,-0.84558,-0.45751,-1.5325,-0.89112,-0.80899,-0.32485,-0.22734,-0.80876,0.36852,-0.39512,0.52863,-0.075233,-0.60416,-0.73126,0.40586,2.2909,3.0738,3.2276,2.4489,2.6836,2.8247,2.8277,2.2372,1.9731,1.2956,0.98741,0.33768,-0.48887,-1.6328,-0.91866,-0.18771,-0.73144,-0.75145,-1.6396,-2.3339,-1.9999,-1.9464,-1.7255,-1.7171,-1.6828,-0.99983,0.097144,0.54318,-0.1142,-1.1267,-1.0919,-1.2576,-1.8421,-2.2571,-2.5866,-1.963,-1.4411,-0.82653,-1.921,-1.454,-1.3639,-0.84704,-1.5065,-2.781,-2.2095,-1.8778,-0.95722,-1.256,-0.95175,-1.0335,-0.60791,0.32575,1.1332,1.7602,0.72838,1.1554,1.2363,0.44714,-0.47732,-1.0589,-1.2528,-0.75905,-0.9502,-0.46079,-0.79761,-0.96353,-0.48917,-0.1354,0.49773,0.77366,0.72615,0.46029,1.4544,2.2742,2.8048,1.3761,-0.13869,-0.85233,0.010291,0.23109,0.42503,-0.43094,-0.297,-0.92767,-1.8511,-1.9611,-2.3029,-1.8532,-0.62065,-0.59493,-1.1071,-1.1064,-0.20777,-1.0173,-1.0805,-0.11324,0.049118,-0.70351,0.6448,0.73303,0.85014,-0.12693,-0.47667,0.57728,0.28487,-0.79085,-1.2758,-1.5972,-1.6154,-2.1697,-1.7679,-2.5161,-1.3719,-0.8457,0.10255,0.24208,-1.04,-0.25835,-0.53969,-0.34833,-0.29285,-0.35354,0.16961,0.61992,0.43973,1.4379,-0.92015,-0.40479,-0.34952,-0.41811,-1.1273,-1.96,-1.1227,0.33472
-0.31873,-0.32668,-0.22907,-0.10219,-0.011479,0.12551,0.19001,1.057,0.10394,-0.95096,-1.3289,-1.9427,-1.1939,-0.29164,-0.12213,-0.46424,-0.34939,0.048723,-0.4077,0.57747,0.83618,0.98205,0.88877,1.9621,1.8345,2.0901,1.4328,2.0934,2.0436,2.3553,1.8491,1.7817,2.2046,1.3808,1.5267,2.3206,1.7141,2.0092,1.4616,1.3735,1.179,1.5586,1.4434,0.617,0.99621,1.087,1.9425,1.5509,1.933,0.6231,1.8964,2.5616,1.0808,1.874,1.5923,2.3028,2.9289,2.2357,1.3302,1.9156,2.2094,1.1492,0.64307,0.77802,0.84673,1.5482,0.96743,2.0022,1.8882,2.0748,2.4723,2.2363,2.2239,1.3103,0.5929,1.1549,1.3102,0.81946,0.44944,0.018506,-0.25425,-0.51266,-0.38227,1.1637,0.6531,0.16491,-0.91595,-0.29949,-1.0883,-0.7192,-0.49496,-0.47871,0.15171,-0.027413,1.5014,2.1073,2.2249,2.621,2.8927,2.2026,1.148,0.31742,-0.33814,0.95071,0.1904,0.19752,-0.58123,-0.040939,-1.4193,-0.099683,-1.4873,-2.3403,-1.8379,-2.8573,-2.2092,-2.5352,-1.5394,-1.5801,-1.1541,-1.7188,-2.1831,-2.7151,-2.5836,-3.5265,-2.6574,-2.5081,-3.0444,-2.4845,-2.8635,-2.0304,-2.4696,-2.1145,-2.0957,-2.0986,-1.8822,-1.2387,-0.3702,0.33288,1.0255,1.5551,1.5804,0.12075,-0.22602,-0.62872,-0.70737,-1.0835,-0.23112,-1.4573,-1.0499,-1.1806,-1.0939,-0.83206,-0.23987,0.93165,-0.10113,0.014146,-0.017845,-0.13021,0.070354,-0.20804,-1.0852,-0.73897,-0.46903,-0.6621,-1.2099,-0.7433,0.23259,0.9623,-0.081633,0.3846,0.55529,-0.023755,0.47201,0.1058,-0.11857,-0.30848,0.26641,-0.48445,-0.48733,-0.44517,-0.24946,-0.61639,-1.2789,-1.0732,-0.5877,-1.4112,-1.5252,-0.67062,-1.0572,-0.92959,-1.4666,-1.4259,-1.2717,-1.4019,-1.2241,-1.5551,-1.3895,-1.0588,-1.3045,0.058782,-0.90214,-0.52066,-0.3826,-0.99027,-0.4639,-1.3401,-0.95813,-0.049437,-0.22654,-0.30611,0.08931,0.37205,-0.16645,-0.24079,-0.65427,-0.82176,-1.6148,-2.1028,-1.5834,-1.412,-1.324,-1.6678,-2.119,-1.7674,-1.243,-0.92629,-1.7881,-1.9608,-2.081,-1.5676,-1.0753,-1.7033,-1.7442,-1.1364,-1.8106,-1.9059,-2.3742,-2.8439,-1.8931,-2.2367,-2.2783,-1.9798,-2.4992,-1.4087,-0.84909,-0.87996,-0.79593,-0.74921,-1.3055,-1.4321,-1.1601,-1.899,-0.47488,-0.8083,-0.85402,-0.38573,0.37479,0.039151,-1.1546,-1.9138,-0.70656,-0.84472,-0.076481,0.76298,-0.68175,-0.59965,-1.9277,-2.3626,-2.028,-1.8409,-1.259,-0.76542,-1.4502,-1.6143,-2.3676,-2.041,-2.1387,-1.7466,-1.9003,-0.25406,0.58951,0.25168,0.61036,1.1228,0.9473,1.1502,1.0159,1.8215,1.7074,2.256,1.9604,2.4115,2.9019,2.2874,1.3196,0.96421,0.25654,0.11006,0.14934,-0.90734,-0.70179,-0.012516,1.4007,1.2008,1.3689,1.0646,0.70623,-0.37029,-1.2704,-1.8384,-1.4054,-1.0807,-0.63293,-0.13855,-0.77651,-0.86658,-1.4808,-0.56054,-0.6527,0.25069,0.7822,0.70481,1.4026,1.4919,1.8188,2.2795,1.1175,1.5018,1.3106,1.517,1.7823,1.4567,0.63782,1.6307,-0.29119,-0.63349,-0.90344,-0.50822,-0.68869,-1.5047,-0.20398,-0.49171,0.77716,0.86142,0.89323,0.18806,0.3384,-0.28045,-0.24056,0.34664,0.23964,0.76095,0.79979,0.62657,1.2403,0.60338,0.85773,0.41703,1.4236,0.95793,1.4634,0.56166,0.77403,0.83449,1.3737,0.5614,0.12988,0.49306,-0.63293,-0.25347,-0.30793,-0.65452,0.0058686,-0.57609,0.029761,0.091227,0.57015,0.61022,0.93796,1.2966,0.25323,0.79472,0.45116,0.70702,1.0472,1.5634,1.5549,1.0523,1.4035,0.89334,0.87212,0.52553,0.40526,-0.10087,-0.032188,-0.44489,-0.53969,0.032198,-0.50803,-0.92994,-0.73563,-0.77029,-1.4439,-0.48819,-1.0884,-0.24963,-1.4638,-2.6853,-3.0047,-3.4787,-2.6401,-2.8218,-2.6763,-2.3322,-2.1622,-1.9039,-1.3224,-0.72011,-0.29506,-0.44774,-0.818,-0.92227,-1.0034,-0.93208,-0.071038,-0.18658,0.55753,1.2535,0.63784,1.9653,2.3629,2.3257,2.0062,1.5666,1.2861,0.1434,-0.036397,0.3306,-0.42811,-0.60981,1.1231,0.72427,1.4153,1.5919,1.2793,0.92996,1.097,0.24251,0.070054,-0.28965,-1.3676,-1.2773,-1.03,-0.3431,0.094032,-0.60952,-0.71723,-0.76129,-0.52975,-0.56799,-1.4612,-2.1801,-1.6987,-1.1569,-1.9854,-1.8893,-2.6147,-1.7984,-1.3154,-1.3747,0.051284,0.10478,0.0519,0.89941,1.3125,0.72491,0.85877,0.86723,1.5601,1.6154,0.93479,1.3657,0.67687,2.1855,1.9214,0.80704,0.075015,-1.5874,-0.55185,-1.3273,-1.4705,-1.5462,-1.3677,-1.6036,-1.4916,-1.6224,-0.74525,-0.96717,-0.74117,-0.80285,-0.72231,-1.0194,-1.4745,-2.5346,-1.6291,-1.0406,-0.076274,-0.23677,-0.18366,-0.70457,-2.0767,-2.2767,-2.5302,-2.2157,-1.5878,-1.8861,-1.862,-1.5769,-1.7016,-0.74415,-1.5706,-2.0612,-1.9202,-2.0936,-1.8109,-2.0889,-2.5381,-2.1379,-2.434,-2.3061,-1.2509,-0.52896,-0.43803,-0.59719,0.66286,1.0508,0.99223,0.43324,0.49301,0.13072,0.95973,0.8382,0.38886,-0.030913,0.56349,0.5417,-0.13105,1.2522,-0.96845,-0.41017,0.18133,1.0141,1.7643,1.2894,2.0683,2.1246,2.6357,2.65,2.3529,3.1359,3.3895,3.1883,3.0016,2.5359,1.3251,0.39047,0.60521,1.2021,0.81158,0.78413,0.54547,1.1823,2.3207,1.6246,1.7997,-0.39267,-0.57892,-0.73056,-0.39092,0.13624,0.029478,-0.65387,0.66887,0.15948,-0.33377,-0.3222,-0.40275,-1.0067,-1.3394,-1.2958,-1.6592,-2.0503,-1.7712,-1.1375,-0.96491,-1.3819,-1.5389,-1.7338,-2.1888,-2.009,-2.3244,-2.7343,-2.0358,-2.3323,-2.1103,-1.8775,-2.0525,-1.1695,-1.2409,-0.017385,0.86762,0.61504,0.67475,0.93293,0.7169,1.2804,1.334,0.10693,0.20679,1.1483,2.0574,1.607,1.9005,1.4415,1.4865,1.6813,1.7317,1.7335,2.8978,3.1115,3.0477,2.6031,2.0681,1.9277,1.955,1.4218,2.3628,1.5658,1.9457,2.4311,2.6857,2.1212,1.5517,1.2336,1.2468,2.5241,1.9629,1.7237,1.6352,1.5483,0.84567,0.92558,0.75541,0.35494,1.1184,0.94973,1.2675,1.3281,0.74694,0.69694,-0.011457,-0.11132,0.29162,-0.21931,-0.076423,0.6942,1.1179,0.6103,0.48109,0.72786,-0.024376,0.65928,1.2596,1.6548,2.3976,3.2052,2.1699,2.5427,2.1374,2.2036,0.32952,0.83847,0.078663,1.1093,0.49166,0.78585,1.0661,0.45825,0.062108,1.5135,1.577,0.32269,0.38636,0.68567,0.45505,0.47215,0.016752,-0.082267,0.5055,0.60497,1.1483,1.0606,1.2789,0.53371,0.90476,0.18665,-0.5426,-0.011506,-0.29405,-0.15602,-0.44624,0.51955,1.8989,1.6739,2.1623,1.997,2.2193,2.0471,-0.092388,0.53465,0.71015,-0.23735,0.093413,0.75866,1.1943,0.65733,0.62158,0.63312,0.17987,0.15476,0.1884,0.87264,0.91385,1.0877,1.119,1.1985,1.5263,1.3702,1.5696,1.3615,0.48353,1.263,1.1987,0.78527,1.4118,0.9851,0.54315,0.78041,-0.54592,-0.22108,-0.03814,-0.66773,-0.5772,-1.1391,-0.50101,-1.7822,-1.6823,-0.42703,-0.21743,0.147,-0.97588,-0.2756,-1.4514,-1.4335,-1.6813,-0.67139,-0.40466,0.030574,0.72389,1.1865,0.94731,0.38209,0.15526,-0.74295,-1.46,-1.539,-1.5031,-1.9899,-1.7101,-1.4275,-1.2361,-0.75955,-0.031119,0.85706,1.1938,0.27799,0.11101,0.089763,-0.74506,-0.21906,-0.15922,-0.07694,-0.23227,0.14576,0.96686,-0.1187,0.7844,1.1881,0.91102,0.43662,1.2351,0.52777,-0.22466,0.95462,0.8937,0.84223,0.58624,0.070315,-1.2955,-0.36891,-0.71661,-0.29367,-0.73002,-0.16867,0.3711,0.96522,0.15146,0.63554,0.76399,0.069417,-0.066705,0.23303,-0.44653,-1.1324,-2.1762,-1.7474,-1.2947,-1.4706,-1.6157,-0.64713,-1.0579,-1.7307,-1.4754,0.0095175,0.59756,-0.10401,-0.61803,-0.28569,-0.89611,-1.3668,-1.8404,-1.9873,-1.5035,-1.5822,-1.3927,-1.06,-1.2516,-1.5498,-1.5216,-0.9992,0.2284,1.0531,1.4184,0.69327,0.31229,-0.67235,-0.55318,-2.0643,-1.5749,-1.4521,-0.4135,-0.52333,-0.50451,-0.42586,-0.16663,0.67108,0.73594,0.79918,1.1423,1.0695,1.2945,2.1939,2.8178,2.3471,2.7172,2.6201,2.3,3.2452,3.1799,2.5093,1.7316,1.5056,0.24595,0.65176,0.72281,1.1722,0.69959,0.38571,0.82856,0.10585,0.39224,-0.090811,0.86992,0.45056,1.1084,0.91543,0.84274,0.91662,0.65471,0.9703,1.0838,1.0262,1.3502,1.1238,1.5016,1.524,2.1114,1.4075,1.5524,1.1298,1.5777,1.529,1.2219,2.0862,1.0093,1.0662,-0.043888,0.26792,-0.5139,-0.38127,1.4653,1.2911,0.89988,2.0368,0.50572,0.8972,0.60443,-0.41669,-0.27037,0.7435,0.89081,0.7682,0.29691,-0.22452,-1.3854,-1.9429,-1.2518,-1.3426,-0.79208,-0.15644,-0.28667,-0.48998,-0.55746,-1.5532,-1.0831,-1.1887,-2.0732,-1.1866,-1.212,-0.7267,-1.5664,-2.1509,-1.3048,-2.1645,-1.3621,-1.2205,-1.1111,0.16951,-0.0039278,0.27809,0.44234,0.15523,0.86189,1.6606,1.898,1.3272,1.3565,1.0347,0.20204,-0.21941,1.0496,0.24507,-0.18256,0.97531,0.73977,-0.40004,-1.3133,-0.26181,-0.023009,-0.37818,0.23385,0.15095,0.058785,-1.1375,0.20261,-1.1558,-0.66888,0.083482,0.72923,-0.18736,0.17458,0.55935,0.2628,0.033287,0.44283,0.66988,-0.42523,-1.2201,0.85727,0.50863,0.40303,0.35544,-0.54061,-0.88066,-1.2003,-1.8566,-1.151,-0.85446,-0.0014247,0.52206,0.4843,0.7705,0.27727,0.3811,-0.77581,-0.5814,-1.8248,-1.689,-3.0548,-1.9929,-1.4351,-2.3242,-0.99313,-0.27411,0.72206,1.0154,2.087,2.5085,2.9235,2.7105,1.8348,0.093437,-1.5435,-1.6815,-0.72029,-0.79691,0.19,-0.29903,-0.10817,0.17626,-0.84576,-0.19549,0.04878,-1.7635,-1.4004,-0.89547,-1.3117,-1.326,-1.398,-0.78118,-0.18618,-0.12665,-0.56087,-1.7445,-0.90952,-0.49449,-0.58128,0.26144,-0.84247,-0.43309,-0.086948,-0.25555,-0.32896,-0.9334,0.079729,-0.45838,-0.43562,-0.38651,-0.46299,-0.77016,-1.0947,-2.0342,-1.3132,0.45021,0.13159,-0.10168,0.64267,1.142,0.51497,0.67994,1.6323,1.0048,1.0077,1.3117,0.5858,0.84908,0.9528,0.8291,0.2529,0.88442,0.99309,0.49493,0.47477,0.90964,0.9392,-0.12093,-0.34392,-0.30091,-0.31398,-0.36602,-0.30588,0.26259,0.52507,0.52781,-0.29155,-1.3078,-1.095,-1.0442,-1.079,-1.2672,-1.4637,-1.5714,-1.329,-2.0196,-1.8275,-1.0041,-1.7336,-1.6361,-0.93819,-0.70376,-0.60483,-1.0226,-0.697,-1.4891,-1.4258,-2.4429,-2.5882,-2.4954,-1.196,-1.0518,-0.11296,0.44738,-0.95217,-0.18509,-0.26688,-0.079145,0.026843,-0.072562,-0.2182,0.53778,0.5361,0.91286,-0.27202,0.34188,-0.66869,-0.69083,-1.0582,-0.90091,-1.0398,-0.44566,-0.35637,-0.46818,-0.22104,-0.2276,-0.10371,-0.18899,-1.1726,-1.9496,-1.6997,-1.0537,-0.7044,0.61956,-0.0076641,0.3776,0.099655,0.05967,0.43637,-0.06204,0.20448,-0.10585,0.75151,0.051158,0.81808,0.014384,0.16181,1.0018,0.25886,0.048279,0.16891,0.35102,-0.3263,-0.93808,-0.135,-0.55879,-1.6881,-1.9264,-1.3834,-1.5479,-2.055,-1.8473,-0.94617,-1.5172,-0.34111,-0.49799,-0.68611
1.2572,0.7723,-0.80615,-0.10875,-0.30125,0.086153,-0.33179,-1.3506,0.0020368,0.16195,1.0319,0.2714,0.47866,1.2114,1.0474,1.0359,1.2298,1.2251,1.8844,2.1893,1.7563,2.7831,2.1113,2.1954,2.2614,2.1967,1.641,1.8299,1.6911,1.9418,1.7939,1.336,1.8451,0.97222,2.4265,2.0896,2.1284,1.7332,1.7965,1.3924,2.3629,2.8494,2.1871,1.9758,2.644,2.7474,3.0923,2.2399,2.037,1.1589,0.83259,0.38269,1.0572,0.70157,0.96898,1.499,2.1204,1.9113,1.8047,1.4386,1.0911,1.2071,1.4797,1.5509,1.2149,0.52778,1.7006,1.5887,1.4385,1.205,0.68387,0.82057,0.72307,1.1345,1.4816,0.96163,1.3362,1.3203,1.2839,2.0199,0.83034,0.41202,0.51277,0.33147,0.30196,0.85009,0.62156,1.2856,1.7906,0.77091,0.51218,0.23206,0.36627,0.025401,-0.51755,0.25777,0.31505,0.24039,0.29375,1.1899,1.5558,1.0066,1.735,2.398,2.0628,1.5935,3.0275,0.90073,1.3432,1.5827,0.52113,-0.0066581,-1.3345,-0.89935,-1.357,-1.5781,-1.2102,-1.1634,-0.45619,0.13263,0.22858,0.11317,0.51636,0.83039,1.2251,1.0207,0.98522,-0.14027,-0.81561,-0.53431,-1.9842,-2.718,-3.4485,-2.7432,-2.6319,-2.1799,-1.8787,-0.8249,-0.60107,0.1668,-0.043537,0.11196,-0.14461,0.53936,-0.042614,0.3769,0.50234,0.8232,0.99098,0.30019,1.0311,0.49684,1.6089,1.8411,0.40933,-0.19549,-1.08,-1.0129,-0.79922,-1.2198,-1.458,-1.8835,-2.1634,-2.1735,-2.2879,-1.9022,-2.1414,-1.5871,-1.2816,-0.14571,0.10623,-0.61037,-0.26974,-0.24495,-0.62982,-1.4115,-1.1723,-1.098,-0.77347,-0.25786,-0.8952,-0.42721,-0.10021,-0.032759,-0.22982,-0.10871,0.49572,0.67432,1.2222,1.3199,0.90058,0.80241,0.99588,1.0354,1.3707,0.0066182,1.0235,1.2189,0.41328,0.73138,-0.64764,-1.717,-1.056,-1.6797,-1.4191,-0.92227,-1.472,-1.3241,-0.14033,-0.43862,-0.31879,-0.23674,-1.23,-0.84877,-1.2548,-1.3008,-1.0932,-2.5645,-1.7677,-1.368,-0.20081,-1.1992,-1.7098,-2.3263,-2.1412,-1.8978,-1.3742,-1.6676,-0.76095,-0.453,-0.46748,-0.14482,-0.21309,-0.60382,-0.65495,-1.1546,-0.21087,-0.88914,-0.56236,-0.77774,-0.97278,-0.75968,-1.0591,-1.8334,-1.6945,-2.0653,-1.0553,-0.99074,-1.377,-1.9382,-1.0101,-1.1982,-0.74643,-0.6017,-1.4108,-0.32247,-1.3511,-0.83113,-1.4287,-2.4537,-2.4227,-2.9217,-2.2206,-1.9059,-2.526,-3.0375,-1.9626,-2.9766,-2.6506,-3.7933,-4.174,-3.4692,-2.7867,-2.2358,-2.7404,-2.7041,-2.4846,-2.0233,-1.6799,-1.5793,-0.45197,-0.43071,-0.6384,-0.064391,1.0325,1.1878,0.75011,1.4657,1.5319,0.071303,0.54231,1.2336,1.5987,2.0839,1.0778,1.0672,1.7622,1.5045,1.0146,0.6177,1.2097,2.0264,2.3745,2.1393,1.6916,2.6821,1.5132,1.1834,-0.10059,-0.30343,-0.77852,-0.31001,-0.6428,-0.48782,-0.48993,-0.2986,-0.83393,-1.0278,-1.6492,-1.7414,-2.0332,-1.9356,-1.5615,-0.37737,0.028215,0.20321,0.75429,-0.28899,0.37251,-0.52583,-0.92647,-0.86273,-0.57031,-1.1937,-1.4963,-0.08126,0.12193,0.2532,0.34806,-0.045432,-0.34254,-0.33148,0.20909,0.87901,0.72797,0.9207,1.5951,1.1149,0.4956,0.52114,1.1808,-0.20867,-0.49783,-0.15738,0.30189,1.2552,1.0745,0.58302,1.1318,1.5644,0.99806,0.87421,0.26338,1.307,0.8165,0.95891,1.4705,0.76006,0.89267,1.1454,1.3097,1.5602,0.92605,0.02229,-0.2193,-1.3104,-1.0852,-1.8504,-2.3552,-1.1911,-1.6203,-1.2186,0.12013,-0.6344,0.26397,-0.062292,0.53481,0.021649,-0.074518,-0.70569,0.061191,0.10029,-1.3207,-2.906,-2.6135,-3.0795,-2.6383,-2.524,-2.0972,-1.5722,-0.57235,-0.4003,0.31913,0.050941,-0.55946,-0.31321,-0.79019,-0.68198,-0.65007,-0.39964,-0.68861,-0.83251,-0.64554,-0.65329,-0.64725,-1.3348,-0.79772,-0.60228,-0.32992,-1.274,0.066315,0.25048,0.83815,0.58426,-0.16004,0.578,-0.73388,-0.46772,-0.23314,-0.79243,-0.82713,-0.79091,0.014061,0.4119,0.5055,1.2766,2.0423,2.2441,1.5701,1.4998,1.678,1.751,2.1566,1.5985,2.2043,1.4975,2.6479,2.7488,2.2649,1.8098,0.42146,-0.45261,-1.144,-1.0778,-0.94764,-0.65169,-1.1961,0.14542,0.37177,1.0564,1.0059,2.0406,2.4887,2.4037,1.2836,1.7895,1.7436,1.2568,1.0959,0.35859,-0.29165,-0.089859,0.18774,-0.63885,-0.19013,0.091229,0.21218,0.36847,0.42401,0.71265,0.05215,0.034712,0.27872,0.49643,0.36768,0.090933,0.28186,0.87168,0.81886,0.86078,0.55676,-0.10114,-1.0423,-0.55407,-0.69076,-1.2993,-1.4774,-0.52268,-0.86184,-1.223,-2.1386,-2.2584,-2.1862,-2.7576,-2.4528,-3.015,-2.9527,-2.7161,-2.0221,-1.8688,-2.1126,-1.934,-2.0113,-1.7961,-0.852,-0.95596,-1.4934,-1.3087,-1.3083,-1.1631,-1.5621,-1.5095,-1.9104,-1.0167,-0.56249,-0.38379,-1.2441,-1.1357,-2.1189,-2.133,-1.5271,-1.0849,-1.2673,-0.46174,0.80126,0.52403,0.84421,0.16706,1.2487,0.66627,1.5753,1.5376,0.090883,0.28152,0.35086,1.0818,1.0214,0.42759,0.66494,0.60373,0.99196,1.0393,0.36392,0.6401,0.23418,0.37176,0.09066,-0.22708,0.59433,0.46836,1.1456,0.88346,1.522,1.2443,0.35122,1.5137,1.6759,1.5752,1.4808,1.5822,1.5536,1.8929,1.6568,1.646,0.78485,-0.87109,-0.90592,-1.5815,-2.0559,-1.3627,-0.76848,-0.62228,-0.39859,-0.537,-0.78503,-0.79838,-0.50603,-0.56188,-0.36223,-1.0811,-1.062,-0.94042,-1.8092,-1.9513,-2.61,-3.4171,-3.0331,-2.2513,-1.9307,-1.7958,-2.2773,-1.6034,-1.6526,-0.93351,-1.5189,-1.6824,-1.6741,-0.8544,-0.97049,0.76064,1.1227,0.76646,1.356,0.61725,0.075574,0.066574,0.46071,0.33404,0.4561,0.011696,0.10841,-0.33827,-0.058956,0.2217,1.1011,0.39085,0.78098,0.38203,0.62821,0.62564,0.8667,1.1815,1.0247,1.3421,0.4322,1.3986,1.6851,1.1938,1.0225,0.6794,1.3892,0.17359,0.3063,-0.35148,-0.10929,-0.34737,-0.27523,0.87171,0.72392,0.36869,0.76039,1.5035,0.14858,0.32124,-0.62977,0.73458,0.50815,0.67429,0.50782,-1.0705,-0.59587,-0.38459,-0.68208,-1.1342,-1.204,-1.4448,-1.1001,-1.538,-1.2922,-1.1155,-1.4913,-0.92973,0.35245,1.4722,-0.41066,1.4997,1.5582,2.1902,1.7848,1.9182,1.4329,1.2056,-0.010443,1.9163,0.57291,-0.38869,-0.65471,-0.089166,0.63394,0.049023,-0.015252,-0.15287,-0.52352,-1.1996,-1.1934,-2.0353,-1.6349,-2.1795,-1.7358,-1.4725,-1.6099,-1.4693,0.019208,0.37773,0.93539,0.43989,-0.82225,-0.36186,0.33753,0.87732,0.39047,0.90167,1.4361,1.204,0.59653,0.67543,0.26564,-0.050776,-0.52884,0.1753,-0.62759,-0.46034,-0.15026,0.2384,0.78288,0.12463,0.16273,0.28061,0.99867,-0.023869,-0.87056,-0.10311,-0.56117,-0.03475,0.037268,0.10432,0.9013,0.38701,1.206,1.2731,0.28994,0.34407,0.24055,0.64596,0.9535,0.33301,0.88416,0.62632,1.4997,0.67048,0.17487,0.20461,0.045188,0.40022,0.60697,-0.14797,-0.78858,-0.9656,-1.4579,-1.4172,-1.8874,-1.8705,-1.2949,-0.2759,-1.5026,-1.1881,-1.0073,-0.53831,-0.65487,-1.1262,-0.76752,0.13242,-0.19017,0.41502,1.3171,0.92593,0.77828,0.13122,0.009986,-0.60466,-0.29933,-0.36201,-0.07521,-0.57712,0.048325,0.011072,0.26155,-0.78723,-0.46322,-0.032307,-0.21193,0.37293,-1.1802,-0.68477,-1.2512,-1.1379,-0.54758,0.1119,0.091362,0.73281,0.26587,-0.058551,-0.027083,-0.22378,0.23801,-0.27431,0.079691,-0.51108,0.42944,-0.50011,-0.53375,0.021587,-0.59709,-0.27872,0.68831,1.0465,0.56521,0.77569,0.7293,0.89038,0.67289,1.1945,1.4327,0.54029,1.1531,0.51957,0.4265,0.9771,0.66501,0.67476,0.53242,0.10679,-0.017847,-0.2616,-0.15228,-0.065631,0.14012,-0.30091,-0.19406,0.75261,0.16316,0.17608,0.18407,0.03627,0.10231,0.44899,0.48504,0.10143,-0.57381,-0.70117,-0.87125,-1.4501,-1.0246,-1.6743,-1.3629,-1.8914,-1.8492,-1.6635,-1.5386,-2.3458,-1.6411,-1.2367,-1.3262,-1.5352,-1.6845,-0.86185,-0.74792,-0.95305,-0.44967,-0.57177,0.39007,0.24079,0.44487,0.59674,0.75773,0.77277,0.86315,0.79683,1.4936,1.3137,1.7113,1.2936,0.93321,1.3974,1.4076,1.9066,1.4987,0.79182,1.4289,2.3335,2.025,2.7788,2.4644,2.8493,2.479,2.0914,1.5482,1.6809,1.4343,1.7803,1.1143,1.2081,1.1085,1.8979,1.6609,1.7525,1.7472,1.5227,2.095,2.083,1.9321,1.8629,1.4992,1.7599,1.3233,1.7002,0.72059,1.2762,1.1609,0.14178,1.1991,0.5781,0.30486,1.2664,0.95721,1.4331,0.77598,0.81704,1.0419,0.67421,-1.0491,-0.60748,-0.46048,0.0040562,-0.74371,-1.4494,-2.6272,-2.0576,-1.8478,-1.3537,-0.3061,-0.83188,-1.3522,0.49921,-0.096893,0.41832,-0.037153,0.040335,-0.61096,-0.28383,-0.78945,-1.124,-1.8129,-1.0214,-1.7901,-0.83786,-0.99816,-1.0496,-1.0223,-0.92847,-0.98358,-0.9854,0.29972,0.4269,0.57917,1.4328,1.5477,2.0738,1.5553,1.4224,1.9773,1.5816,1.1491,1.8855,0.77266,0.73102,1.4304,1.5021,1.1342,0.53957,1.2948,0.80713,0.4902,0.15517,-0.52973,-1.0151,-2.3073,-2.1977,-1.7907,-2.0034,-2.1337,-0.78826,-0.95482,-0.93423,-0.89631,-1.2536,-1.3505,-0.48348,0.49925,1.1224,0.66493,1.7201,1.7945,1.9277,1.8502,1.4499,0.54255,-0.12396,-0.24237,-1.5321,-1.7603,-1.8521,-1.7511,-1.0223,-0.27139,0.21938,0.081815,-0.28301,-0.45606,0.28986,0.72905,0.46446,-0.80913,0.18543,-0.80259,-0.48078,-0.094018,0.99441,1.2294,2.0007,2.6808,1.743,1.5501,1.2187,2.2021,1.9303,2.1424,1.6417,1.7411,1.0907,0.85078,0.31737,0.51226,-0.029757,0.1757,0.8881,0.67466,-0.30371,0.2797,-0.32358,0.35078,-0.11079,0.18576,-0.16357,-0.73367,-0.75629,-0.63107,-0.96715,-1.3531,-1.7122,-1.0851,-0.94047,-0.19592,-0.55264,-1.0215,-0.81052,-0.66784,-1.2045,-1.4505,-1.7777,-0.83769,-0.98688,-0.4893,-0.42686,-1.4767,-1.2527,-1.6648,-1.005,-1.324,-1.6717,-1.249,-0.67616,-0.4502,0.46137,0.85926,0.72026,1.7109,1.2579,1.0531,0.71989,0.77072,0.64931,0.83381,0.28943,-0.4252,-0.81672,-0.65402,-1.0643,-1.1738,-1.3368,-0.7383,-0.36539,-0.82121,0.001473,-1.0473,-1.6841,-1.3893,-1.3368,-0.78348,-1.9878,-0.61816,-0.39449,-0.0028732,0.71494,-0.053693,-0.34581,-1.3439,-1.2483,-0.99597,-1.3133,-1.5772,-1.7708,-0.16973,0.30401,-0.68011,-0.16873,-1.1754,-0.7606,-1.6686,-1.4414,-1.6846,-1.9535,-2.5875,-1.0129,-0.29413,-0.078671,-0.56689,-0.37047,0.13294,0.33195,-0.13911,0.61506,1.6338,1.9189,1.5103,1.9647,1.0277,0.033276,0.069615,-0.1737,-0.69455,-1.5692,-0.70538,-0.31904,-0.19754,-0.70227,-0.1212,-0.83563,-0.62411,-0.50312,0.25941,-0.49124,-0.96522,-0.0077649,-0.068873,-0.21479,0.35996,-0.42624,0.37174,0.7586,1.6048,1.5138,1.4073,1.9205,2.1421,2.2268,2.1438,2.3082,2.1769,1.721,1.2249,1.1955,0.78373,0.80453,0.40533,0.29624,0.74276,-0.17293,0.099567,0.55428,0.72676,0.82582,-0.021381,-0.4118,-1.473
1.6283,1.8384,-0.87577,-0.56531,0.10995,0.70393,0.74479,-1.2713,-1.1675,0.32745,1.484,0.18383,-1.1071,-1.2118,-0.47584,1.5576,1.2386,-0.0099632,0.58493,0.18219,0.7201,1.1841,0.96548,1.2318,0.77101,1.0696,1.4094,1.2966,0.37603,1.1386,-0.2431,1.4295,0.9901,-0.36238,0.18765,1.3124,2.0261,1.5473,-0.059422,-0.82081,-1.4,0.43318,0.19723,-1.1543,-1.3801,-1.7671,1.2979,1.0192,-0.69867,-1.0371,-1.4612,0.75216,0.90329,0.042474,-0.19773,-0.90195,-0.11634,0.74318,1.5779,-0.7631,-1.0594,0.62415,0.00082362,1.5832,1.2243,0.38533,-0.59724,-0.33423,1.9592,0.92134,0.4094,-0.047465,-0.12826,1.1226,1.216,-0.95551,-1.0436,0.14747,0.60095,-1.1529,-1.2905,-0.79387,-0.26308,1.2498,1.7167,-0.82709,-1.71,-2.0375,0.62284,0.13888,-1.4139,-0.64194,0.60096,-1.4811,2.0575,1.4991,0.52139,0.5735,1.0726,0.77647,0.85935,0.67104,-1.0052,-0.13049,1.8805,2.3614,0.62092,-0.59476,-1.5016,0.37768,0.7586,0.25898,-1.6302,-1.0469,-0.21082,-0.28641,0.90479,-1.4325,-2.293,-0.88322,-0.31656,-0.87886,-2.0136,-0.60421,-0.65184,0.79408,-0.55973,-2.1537,-0.88743,-1.0092,-0.50431,-1.2527,-1.2054,-1.3005,-0.50451,-0.58224,0.70837,1.052,1.3304,1.3868,0.58642,0.45601,-0.02993,-0.027691,-0.44679,-0.42229,-0.36943,0.80806,0.015187,0.33871,-0.88173,0.026472,0.50746,-0.12503,-0.30377,-1.128,0.30855,-0.55181,0.31763,0.42765,-0.62877,0.092463,-0.99703,0.23891,0.058738,-0.47489,-0.19431,-0.70471,0.18632,0.89613,-0.87067,-1.3433,-0.92338,-0.73149,-0.076408,-0.95984,-1.6568,-1.4569,0.22498,0.53563,-0.7354,-1.6038,-0.45218,0.035659,-0.84748,-1.1997,-0.78691,-0.60246,-0.37411,0.60698,-1.3483,-1.2302,-1.2564,0.60526,0.068743,0.35429,-1.8524,-0.74857,0.23045,0.38658,-1.2042,-0.95964,-0.8136,0.23763,0.3051,0.85636,-0.30487,-0.26258,-0.072261,0.27734,0.29748,0.059929,-0.71032,0.040087,-0.53486,-0.6149,-0.18028,-0.37378,-2.0338,-1.2221,-0.55268,-1.075,-1.1898,-1.7721,-1.3276,-1.1748,-0.6438,-0.26954,-1.7754,-0.30364,-0.82409,-0.53407,-1.3798,-1.9537,-1.3011,-0.13046,0.50792,-0.94994,-0.54337,-0.38801,-1.497,0.03196,-1.2496,-1.4148,-0.37633,0.44,1.1878,-0.67151,-2.5952,-1.1991,0.026359,-0.71078,-0.31808,0.31642,-0.85247,-0.57369,-1.2358,0.8653,0.061421,-1.1491,-0.15894,-0.27791,1.6257,1.0043,-0.62561,-2.1992,-2.2658,-1.6984,-0.74194,-1.2128,-0.16344,0.13469,0.073131,-0.52456,-1.1002,-1.2901,-1.2286,-0.65854,-0.19051,-0.7605,1.57,0.40335,-0.3272,-0.43279,-0.38031,1.4766,-0.41174,0.0098554,1.4089,-0.2062,0.37501,0.98038,1.0565,0.75688,0.76372,0.96314,0.21396,1.0897,-0.61288,-0.16971,0.67692,2.1306,1.2412,1.9245,0.10477,-0.019838,0.8189,1.7084,0.67491,-0.07161,-1.1504,0.3103,0.61886,-0.15135,0.19896,1.1276,0.015433,0.90155,0.5131,0.57246,0.29743,0.94845,1.6844,1.9936,0.26911,-1.0191,0.66233,0.87829,1.8247,2.3242,0.88464,0.76698,1.4803,1.5781,1.3028,-1.1222,-0.96605,-0.36185,-0.34673,1.808,0.94602,0.98544,1.4085,1.3003,1.1536,-0.53374,-0.4821,-0.029736,0.0070721,1.687,2.0969,1.4126,0.055577,-0.83723,0.55434,-0.098062,-0.091333,-0.78161,-1.0557,0.023669,0.28786,0.73457,-0.78293,0.48902,0.18024,0.90482,1.0268,0.22422,-0.6194,-1.3507,-0.46485,0.90879,-0.0019686,-1.4398,-1.0727,-0.43239,0.59082,0.9887,0.42125,-0.9066,0.7059,0.78339,0.5857,-1.1041,-1.5029,0.4544,0.74172,0.331,-0.20879,0.094434,-0.22101,1.7073,0.85533,-0.69597,-0.22355,0.038092,1.6077,1.6246,0.38084,0.12,-0.50087,0.72211,0.81981,-0.02137,-0.9942,-0.46714,0.1334,-0.04411,-0.29201,-2.0699,-1.7608,-0.1539,-1.024,-1.5077,-1.7314,-0.05692,-0.43184,0.21807,-0.097704,-2.0306,-0.73592,-0.38522,0.48788,-0.094716,-0.78045,1.62,-0.28895,1.6465,0.55948,0.7605,-0.36686,0.73678,1.1093,1.6925,-0.082715,-0.39321,0.70283,0.54425,2.1995,0.8081,-0.69347,0.062521,0.39327,1.2874,1.1377,-0.55675,0.33024,-0.15,1.0196,0.32108,-0.25512,0.13454,-0.39264,-0.19393,0.96212,-0.67953,0.22078,0.47161,2.0244,0.45015,-2.1646,-2.1573,-0.92341,0.56228,-0.5201,-1.0232,-0.92521,0.12479,0.55248,-1.1103,-0.3228,0.35165,0.53261,1.0549,0.75873,-0.97281,-1.7093,-0.62643,0.39287,0.11782,-1.2593,-0.80767,-0.046457,0.58289,-0.54214,-0.77296,-1.4989,-1.0012,-0.6982,-0.50489,-1.7594,-1.8277,-0.87934,-0.66167,-0.93844,-1.4979,-1.3705,-1.6513,-1.6911,-1.3904,-0.85836,-1.8545,-1.817,-1.2691,-0.098929,-0.44537,-0.04659,0.065644,-0.17538,0.90866,-1.0213,-2.1604,-1.4861,-1.4225,-0.39829,-0.30863,-1.4165,-1.7801,-0.89104,-0.34055,-0.071616,-0.53617,-1.2578,-1.2461,-0.82938,-0.60895,-0.76173,-1.3233,-0.92532,0.076065,0.17897,0.0069848,0.052839,0.24245,0.46527,0.1054,1.7879,-1.2955,-1.1338,0.02143,0.34128,1.0112,-0.64242,-0.29582,-1.7088,-0.77795,0.91342,-1.2717,-0.93909,-1.7033,-0.66959,1.1935,0.092654,0.46951,0.99432,1.5023,0.83481,2.4953,1.5891,1.0634,1.2453,1.6251,1.5351,1.7141,1.1286,0.55617,0.88529,2.1231,1.68,0.68519,0.72786,1.2023,1.7919,1.4234,-0.92424,-1.4414,-0.38527,0.2166,0.27911,-1.1525,-1.0716,0.44253,-0.026565,0.27271,-0.97568,-1.8165,-0.52796,-0.10784,0.22237,-0.46086,-1.3445,-0.7956,-1.1345,0.52288,1.2985,-0.57855,0.28176,-0.17228,0.5042,0.88415,0.12926,-0.71424,-0.88899,0.54279,1.4404,0.2807,-0.27631,-0.7064,1.4657,1.8773,0.88813,-0.033338,-0.27849,-0.63061,0.86935,2.339,0.32386,-0.23062,0.37455,1.1316,1.853,2.0539,0.64697,0.36176,0.036416,1.0026,0.98812,1.1877,0.32255,0.38733,1.2848,1.4629,0.67003,0.14108,-0.032999,0.17627,2.4937,1.0427,0.54224,0.59891,-0.36716,-0.026013,1.2313,0.42728,0.1947,0.54883,1.0942,1.9868,0.59047,0.28544,-0.54919,1.0362,0.90591,1.7377,0.95885,-0.20849,1.3512,1.8588,0.43328,0.69143,1.2871,1.7775,0.32418,-0.20431,-0.087584,0.39959,1.3347,1.4601,0.34708,-0.63071,-0.71824,0.4299,1.5133,2.3471,-0.72659,-0.12507,1.0366,1.5597,1.7307,0.58738,-1.2124,0.51692,-0.67809,0.57432,0.95756,-1.2791,0.6721,-0.21569,1.0302,0.13091,-0.51939,-0.23796,0.6563,1.2557,2.2739,-0.42248,0.095331,0.74832,0.95628,1.5006,0.11174,-0.28997,-0.85152,-0.74537,0.5052,0.38077,-0.21499,-1.9339,0.701,-0.17762,-0.74281,-1.3456,1.1169,1.7259,1.2916,-0.077694,-0.35908,0.13141,2.1209,0.92735,-0.34073,-0.54882,-0.76932,0.079936,-0.9174,-0.94186,-1.8314,-0.36452,0.69239,0.79355,-0.34596,-0.39946,-0.045649,0.36096,-0.18742,-1.416,0.020478,0.39951,0.91173,0.35684,-0.97712,0.52678,0.58733,1.5676,1.3885,0.40559,0.17797,0.68561,-0.088553,0.56843,-0.62047,0.62945,0.87665,-0.2785,1.0467,0.43476,-0.64485,0.66647,0.79377,1.4635,-0.059677,-1.5977,-1.743,-1.0199,-0.0012917,0.87783,0.26102,-0.10628,-1.102,-0.80033,-0.52275,-0.53561,-1.6595,-1.1399,-0.7925,-0.062849,-0.044762,-1.9923,-0.29543,-0.54655,-0.22306,1.4838,1.1388,-0.72086,-0.8031,-0.23655,0.92188,-0.94825,-1.4198,-0.82944,0.35679,1.4962,0.23511,-1.3666,-0.53513,0.13943,0.95371,0.2471,-1.4103,-1.2342,-0.016881,2.2996,0.73316,-0.051699,-0.19033,0.79045,2.1784,0.21399,-0.44858,-0.10291,-0.14189,1.8918,1.2479,0.76012,0.15623,0.29714,1.8749,1.2315,-1.0221,-1.3342,-1.1944,0.031405,-0.058303,-1.0238,-1.0428,-1.5251,0.73416,0.42668,-0.75732,-0.84132,-0.94055,-0.29085,1.0972,0.64968,-0.6663,-0.74259,0.90212,0.053359,-1.5634,-1.4704,-1.0394,-0.39003,-0.22196,-1.2789,-1.7038,-1.4061,-0.02233,-1.1604,-1.0644,-0.74979,0.083844,1.604,0.65252,-1.0265,-0.82001,-1.2489,-0.4707,0.24754,-0.98236,0.13329,-0.61907,1.1437,1.1877,0.24876,-0.31675,0.45978,1.435,1.0984,-0.32984,0.30239,1.5937,2.1178,2.0577,0.68063,1.6005,2.0561,1.7867,1.2651,0.49838,1.0434,2.002,2.0835,1.2557,1.1708,1.7285,1.7629,0.76649,-0.92517,-0.90852,0.94793,1.8639,1.0519,-0.19186,0.70305,1.0014,1.2005,0.9165,0.033272,0.10669,1.1617,1.5434,0.41424,0.44043,1.4233,1.8144,0.96441,-0.084264,0.89771,0.83063,0.79907,0.75963,0.54391,0.27411,1.484,1.0827,-0.37535,0.039271,-1.0007,-0.96976,0.72074,0.35829,0.0019331,-0.13448,-0.15768,1.6383,-0.10911,-1.1694,-1.0921,-0.2264,1.0955,-0.74026,-2.8464,-3.1143,-1.8173,-0.31834,-0.22371,-1.0745,-1.337,-0.21383,-1.1252,0.21133,-1.2577,-1.9584,-1.0672,-0.85901,-0.27573,-1.9148,-2.5082,-2.5301,0.26121,-0.35278,-0.32814,-1.0286,-1.0779,-2.3737,-1.9846,-0.32809,2.1698,2.1123,0.044052,-0.13899,0.13512,1.0313,0.37477,-0.57603,-0.76945,-0.08085,-0.088291,-1.5082,-2.3621,-1.4446,-0.0015228,1.2762,-0.39154,-1.2878,-1.5407,-1.0231,-0.4798,0.13392,-1.2949,-1.5668,-0.75878,-0.13909,-1.1716,-2.2757,-1.0608,-0.8259,-1.764,0.014991,0.0086483,-1.4226,-0.66041,0.041908,0.76054,0.57373,-1.2242,-1.443,-1.9379,-0.38069,-0.72334,-2.4236,-2.3645,-2.1318,-0.87614,0.35558,-1.4817,-1.3161,-0.6055,-1.1857,0.49858,0.80917,0.047976,-1.2246,-1.0039,-1.291,0.22913,-0.99912,-1.5588,-1.2086,0.25857,-0.08531,-2.0206,-0.88831,0.38302,-1.1028,0.26405,1.3319,0.38339,0.31854,-0.22655,1.1416,1.8033,-0.83092,-0.48729,1.0714,0.58398,1.7227,0.64331,-0.31249,-1.1258,-0.57302,0.81771,0.7958,0.48478,0.34686,0.69648,0.8697,0.92637,0.52374,0.204,0.3958,1.5088,1.8069,0.21732,0.02276,0.88191,0.9477,1.5333,1.2072,-0.57896,-0.48513,0.96423,1.4016,0.83332,-0.12497,-0.84314,0.2223,0.7607,0.95135,0.64538,-0.67459,-0.69768,0.48704,-1.245,-0.8303,-0.62667,-0.33418,0.87586,0.84151,1.0168,-0.47231,-0.50091,-0.49688,0.21662,-0.16903,-1.0823,0.35995,0.35404,0.90531,0.4031,-0.1896,-0.063436,0.91681,1.6694,0.16508,-0.25766,-0.28698,0.67932,1.6042,0.95557,0.44228,1.6304,1.5186,0.45987,-2.1473,-1.5541,-1.3658,0.043578,1.32,-0.1273,-2.2406,-0.87112,-0.33541,0.26883,-1.5065,-1.4894,-1.455,-1.5613,-0.75671,0.1961,0.63465,-2.1278,-1.076,-1.9778,-0.10104,-1.7516,-1.6943,0.034226,0.60311,1.3423,1.0348,-0.43705,-1.3727,-0.60982,-0.6948,0.39619,-0.2287,-0.73547,0.42826,0.70772,1.2007,0.32688,-0.65566,-0.51109,0.094418,0.077878,-0.2421,-0.75125,0.15537,0.9746,0.4932,0.87377,0.83897,1.6842,2.1996,-0.26887,-1.2049,-0.80097,-0.49922,0.035607,0.77493,0.3224,-0.89742,-0.42148,0.65921,1.1325,0.10566,-1.2642,-1.8916,0.1896,-0.25478,-1.1535,-1.4257,-0.71074,0.075167,1.0627,0.76298,-1.3399,-0.28241,0.078615,1.2585,1.0718,-0.97482,-0.93028,-0.80791,-0.21408,-0.16165,-1.3792,-2.0662,-2.6912,-0.66343,0.1667,-0.63748,-0.34616,0.23296
-2.2854,-1.2045,-1.1363,-0.6766,-0.69778,-0.77085,-0.26361,-0.011717,-0.54163,-0.99456,-0.74564,-1.4153,-1.4777,-0.77602,-1.1984,-1.3547,-1.5478,-1.5357,-1.7482,-1.1175,-1.2331,-1.234,-0.7684,-0.59762,-0.45057,-0.25905,-0.85958,-0.82949,-0.35162,-0.075497,-0.80954,-1.81,-1.0554,-0.76668,-0.44895,-1.3203,-1.3741,-0.80945,-1.3795,-0.085099,-0.94683,-2.0753,-0.91638,-0.42502,0.32354,-0.58075,-1.1513,-0.98061,0.080431,-0.83297,-1.2498,-2.0485,-1.7048,-0.95165,-1.2843,-1.9025,-1.4517,-2.4076,-1.0922,-1.2704,-0.99824,-2.5735,-2.2619,-2.0312,-1.4161,-0.85449,-1.5703,-2.1327,-1.9393,-1.2869,-1.2448,-1.2242,-1.5844,-1.3456,-0.87596,-1.0178,-0.84417,-1.0559,-1.1065,-1.3131,-1.2957,-0.63753,-1.6951,-2.2715,-2.2525,-1.8139,-0.68168,-0.50098,-1.3879,-0.68849,1.2247,1.3461,0.80927,1.3722,0.90708,0.035324,0.29827,0.61958,-0.59467,-0.3499,-0.12022,-0.91238,0.89922,-0.15878,-0.60038,-1.3132,-0.17184,1.3509,1.4741,1.4653,0.99233,1.7272,2.5982,2.3944,2.1923,1.9492,1.7798,2.1739,1.8504,2.8493,3.2338,1.9256,2.2018,1.8837,2.7863,2.0686,2.2057,1.9056,2.105,1.1632,1.0475,0.66525,0.45275,0.27197,-0.061856,-0.36781,-0.23121,-1.2552,-0.27313,-0.60325,-0.36629,0.046502,0.078741,0.46654,0.092789,-0.041961,-0.015104,0.67753,1.3058,1.1673,1.3355,1.8765,0.8088,0.60831,0.63854,0.83321,-0.15394,-0.48972,-0.30432,0.19024,0.22864,-0.52479,-0.65131,-1.1466,-1.541,-1.4856,-1.1428,-0.61416,-1.3867,-1.0254,-0.076432,1.2169,1.3244,0.62605,1.0483,0.82985,0.78924,1.0815,0.87806,0.95296,2.2535,2.3633,2.1255,1.9124,1.3968,2.1084,2.0353,2.9289,1.3859,1.4037,0.59786,1.3391,0.17094,0.97548,0.6519,1.9317,1.1548,0.67857,-0.50683,-0.0028022,-0.1341,-0.27547,-0.74078,-1.2617,-1.729,-1.3233,-1.6067,-1.9229,-2.5124,-1.3787,-2.3703,-1.1393,-1.2617,-0.4252,-0.9139,-1.0279,-0.19528,-0.72596,-0.84312,-0.41349,-0.16123,0.066895,0.20627,1.2177,0.47993,0.35148,0.442,0.9548,1.6893,0.75068,0.96784,0.72937,1.4294,0.98466,-0.10965,0.72833,0.55876,0.86668,0.83268,1.5844,1.7601,0.91216,0.5679,0.32361,-0.15588,-0.48313,-1.1648,-0.97984,0.32003,0.87025,1.293,0.96058,1.0486,1.7144,1.5509,0.83956,0.43171,-0.38667,-0.94502,0.38377,-0.81215,0.048731,-0.48854,-1.1451,-1.3364,-0.45272,0.31673,0.21797,-0.31446,-0.85522,-0.17066,-0.33693,-1.1538,-1.2142,-1.6047,-0.9202,-1.738,-1.2831,-0.45209,-0.94456,-2.263,-2.1514,-1.3161,-1.9151,-1.7442,-0.6049,0.88761,-0.18068,0.11596,1.0539,0.76863,0.95129,0.12882,0.22221,0.56706,0.71531,0.41695,-0.63325,0.36853,1.1974,0.76833,0.82977,0.34201,0.71374,0.95783,1.5122,1.1595,-0.0017151,0.6172,1.1849,0.78323,0.75359,0.41209,-0.69231,-0.42371,-0.18877,-0.57341,-0.92189,-1.5383,-1.5683,-1.4352,-1.8728,-2.1313,-2.8778,-2.5918,-1.7755,-1.1601,-2.3148,-2.7906,-2.7576,-1.1447,-1.9428,-2.3077,-1.6049,-1.4118,0.4762,0.065619,-0.24754,-0.31155,-1.3486,-0.97559,-1.7027,-1.839,-3.1675,-2.7475,-1.6018,-1.5326,-2.0298,-1.1134,-2.0748,-2.4041,-2.0607,-2.0903,-1.9534,-2.0156,-1.597,0.12432,0.84219,1.0247,0.92631,0.64747,0.75322,0.6763,1.3012,0.37104,0.24719,-0.71567,0.66979,0.69145,1.1683,1.1021,1.6666,1.9221,2.6764,1.9195,1.6794,1.1463,0.43896,-0.33688,-1.5059,-2.2027,-3.0442,-1.9684,-1.596,-2.0872,-1.1126,-1.4569,-1.1663,-0.79307,0.013044,-1.5384,-2.0355,-2.5474,-1.0243,-1.8069,-1.9546,-2.1893,-2.5535,-2.7434,-2.7706,-1.9999,-2.8769,-1.9564,-1.4453,-1.2181,-1.253,-2.0304,-2.6516,-1.7758,-1.0452,-0.13503,-0.97892,-1.0927,-0.78169,-0.2161,-0.77465,-1.1798,-1.4769,-1.7546,-1.1323,-1.3905,-0.98612,-1.0661,-0.72515,0.10576,0.63232,2.7898,0.87546,0.88084,1.4287,1.6626,0.4115,0.67991,0.36481,1.7657,1.4987,1.3716,1.5274,2.0783,1.8694,1.7797,1.1425,1.4089,0.15676,1.3958,1.5735,1.4281,1.3189,1.5939,1.0847,1.9182,2.1491,0.8508,-0.12518,-0.22029,-1.0694,-0.0045464,-0.94849,-1.4731,-0.81148,-0.46428,0.5267,1.4504,0.034313,1.0587,1.1465,0.99227,1.4801,-0.49426,-0.69351,-0.73283,-1.0429,-1.9365,-1.5866,-2.2908,-1.3801,-0.72844,-1.21,-0.65524,-0.1931,0.67535,1.2041,2.1066,1.6129,1.2291,1.4055,1.1924,1.3484,0.46886,0.75654,1.5201,1.4151,1.7712,1.3231,1.3863,2.6345,1.8848,2.2133,1.1367,1.2332,1.7429,0.83957,0.21823,-0.8824,-1.0506,-0.65157,-1.7068,-1.0962,-1.4423,-1.3078,-0.39201,-0.29976,0.80924,-0.17629,-0.28042,0.18164,0.55623,0.86165,0.86433,0.65322,1.2788,1.0654,1.7751,2.0019,1.3224,1.61,2.2412,2.438,2.3507,1.541,1.3239,-0.41827,0.13148,1.2208,-0.13318,-0.58865,0.30393,1.2381,1.4814,0.86708,0.42609,0.71325,2.3203,1.681,0.74461,0.75664,0.30038,0.70979,0.85942,1.0093,1.5655,1.9185,2.2437,1.7861,0.77492,0.57476,0.64943,-0.41928,-0.18255,0.39276,0.50396,0.43824,0.62092,0.68089,1.9495,1.3436,0.60135,0.78046,0.72605,1.2704,1.2793,0.63519,1.159,1.3505,2.6313,3.2162,2.3624,2.7029,2.1535,2.3451,1.9462,1.4756,0.88223,1.8038,2.0561,1.8156,2.3479,1.8399,1.8605,2.1675,2.44,2.3349,2.1013,1.141,0.99159,1.2109,0.78052,0.41876,0.61235,0.22067,0.99146,1.3476,1.0689,1.3713,1.8758,2.0676,1.919,1.937,1.9257,1.6058,1.6734,1.4475,2.0452,1.2719,1.084,0.76958,1.0696,1.44,1.2584,1.3413,0.45057,0.66672,0.22658,0.18699,1.1413,0.73571,0.21914,0.12621,0.077176,1.4441,1.8773,1.0685,1.876,1.9542,2.5647,1.6958,1.2326,0.80354,1.0001,1.8864,1.9264,2.0084,1.6087,2.0121,1.6752,1.2687,0.61537,0.16714,0.7042,1.7139,3.3164,2.1639,1.9851,1.0639,2.2421,1.2223,1.1654,-0.078462,0.80803,0.02423,-0.15592,0.16239,-0.17841,-0.54662,0.32084,-0.29424,-0.92945,-0.97658,-0.30319,0.048729,-0.1817,0.060914,-0.17824,0.20395,1.8542,1.8053,1.0161,0.53357,0.60675,-0.074153,1.7982,1.5659,1.7697,1.3586,0.75728,1.384,1.7585,-0.25048,-0.77364,-0.80858,-0.10352,-0.35059,-0.33004,-0.46542,-1.5356,-0.71633,-1.0934,-0.67728,-1.0482,-1.3404,-0.66923,-0.47373,0.50688,0.23608,-0.1725,1.0641,0.86735,0.73469,0.57539,0.14198,0.55875,-0.060396,0.21318,-0.34501,-1.2444,-0.37323,-0.25265,-0.19767,-1.3219,-1.4736,-0.36993,-0.21083,0.34827,0.043875,-0.23606,0.44531,0.49078,-0.16452,-1.313,-1.3761,-0.73673,-1.1956,-0.79343,-0.50093,-0.75549,1.0392,1.1168,1.2611,1.0126,0.93791,2.3788,1.579,0.90094,0.85001,0.94778,1.3044,0.83151,0.77453,1.1618,1.2192,1.8297,1.2166,1.4404,1.0405,0.031009,0.077002,0.10187,0.50738,0.010488,-0.84613,-1.2266,-0.20632,-0.12189,-0.92223,-0.88622,-2.2237,-1.3111,-0.50866,-0.29963,0.44675,0.42466,-0.15123,0.45926,0.75683,0.6788,0.11328,-0.23917,0.50501,0.13079,0.50542,-0.078377,-0.56314,-0.47059,-0.42245,-1.4872,-1.4379,-1.6119,-0.96191,0.20487,-0.17736,-0.696,-0.72563,-0.9452,-1.3611,-1.0702,-0.45274,-1.8604,-1.8281,-0.69891,-0.2865,-0.91567,-0.77627,0.48688,0.39719,0.77075,-0.229,-1.0064,-0.88662,0.27941,-1.5679,-1.2693,-1.375,-2.8448,-2.228,-2.599,-2.6345,-2.2878,-1.7204,-1.2705,-0.23648,-0.86398,-1.0308,-0.29165,0.8235,-0.043174,-0.12157,0.23045,-0.19511,-0.44981,-0.0923,0.27272,-0.27287,-0.63163,0.12914,0.30743,-0.70331,-0.6951,-0.83799,0.72036,1.2189,1.1419,0.808,1.536,1.8102,2.0856,0.91525,0.63843,0.269,-0.32399,-0.8345,-1.225,-2.4179,-1.9992,-1.5428,-1.3909,-0.8831,-0.90433,-0.78977,-0.033083,-0.12491,-0.88936,-1.2699,-2.3273,-1.5931,-1.9174,-1.5325,-2.1695,-2.3205,-0.63419,-0.84169,-0.15436,-0.45262,-0.53651,0.20966,0.00035398,-0.47246,-0.42431,-0.020263,0.27311,-0.032986,-0.23855,-0.22587,-0.28055,-0.22629,-0.35406,-0.55256,-0.19582,0.6936,1.0013,1.0052,0.67545,0.9148,0.86569,0.89689,0.20635,0.35285,0.29268,1.3502,1.1537,1.094,0.61071,0.80761,1.1913,0.68655,0.46949,0.74013,1.0509,1.2345,0.61082,0.78449,0.87315,1.7049,1.5686,0.43183,0.67536,1.3628,2.0095,2.0692,2.077,0.57131,-0.02698,1.2912,0.74841,-0.2658,-1.1566,-0.52846,-0.083143,-1.0105,-1.7306,-1.6935,-1.6317,-0.23297,0.56188,0.28242,-0.45389,0.023346,0.26603,0.9442,0.35248,-1.6991,0.010586,0.43518,-0.1084,0.6096,0.2191,-0.28072,0.23071,1.1766,1.5244,-0.52782,-0.6471,-0.94122,-0.68923,0.068468,-0.94225,-1.5125,-1.8577,-1.9402,-2.2662,-1.6648,-1.8759,-1.9654,-1.7287,-1.7449,-0.8517,-0.92188,-0.091635,-0.11262,0.27924,0.45266,-0.31759,-0.62283,-1.3886,-0.8788,0.16067,-0.605,-0.48506,-1.2861,-0.57579,0.075794,0.1012,-0.13756,-0.19938,0.35212,-0.15168,0.65357,0.95321,-0.07818,-0.43693,-1.2963,-1.5784,-1.9146,-2.1739,-2.9207,-2.9895,-1.9511,-1.9517,-1.7158,-1.6083,-2.3546,-1.4632,-0.20688,-1.1227,-1.8557,-2.4423,-1.5295,-1.2665,-1.2098,-1.7425,-2.28,-2.9007,-2.1694,-1.9471,-2.0681,-1.8152,-1.8313,-0.58228,-0.40104,-0.49526,-0.70011,-1.5027,0.32723,-0.28982,0.22531,1.3937,0.54229,-0.18951,0.18301,1.2782,0.32706,0.60156,-0.19125,0.67734,0.78408,-0.82865,-0.46075,-0.6333,-0.47868,0.45747,1.1089,0.65811,0.46125,0.46512,0.010438,-0.44462,-0.96486,-1.159,-0.88854,-1.2995,-1.1852,-0.5575,-1.5219,-1.7665,-0.97111,-1.3186,-0.53279,-1.1284,-1.1776,-1.1581,-1.5425,-0.5158,-0.069507,-1.1973,-0.17049,0.54171,0.49131,-0.52165,0.0075923,0.054084,0.73199,1.1745,0.22582,-1.0574,-0.3617,-0.22079,-0.33439,-0.61267,-1.5667,-2.2808,-1.5907,-1.8999,-1.3799,-1.2864,-1.2438,-0.86436,-0.16183,-0.33561,-0.5376,-0.26006,-0.42258,-0.19796,0.088372,-0.68766,-0.72653,0.43205,0.97772,0.79879,0.47427,0.30051,0.23591,-0.32268,-0.96249,-1.4853,-1.7961,-1.9694,-1.4503,-0.86422,-0.73864,-1.4576,-1.0507,-1.3226,-0.33707,0.45941,-0.34958,-0.3093,0.11468,0.65445,0.012598,-1.3561,-1.6759,-1.9725,-0.93033,-0.91408,-0.64104,-1.2388,0.52105,0.79596,-0.85177,0.090486,-1.8606,-1.9034,-1.1367,-0.11712,-0.019367,-0.42263,0.13046,0.96154,0.84038,0.21985,-0.58302,-0.51789,-0.60371,1.2122,0.30172,1.3169,1.4932,1.2903,1.254,0.64423,-0.63627,-0.65732,0.42199,-0.56602,-0.68962,-1.2691,-0.88607,-0.82744,-0.61626,0.06041,-0.20366,-0.27604,-1.1759,-0.94995,-1.248,-1.6452,-1.1495,-0.11082,1.2302,1.4136,1.1147,1.5028,1.711,1.693,2.3191,2.1939,1.4961,1.348,1.6498,1.0324,1.3099,0.85673,0.95261,1.2296,1.9645,0.98622,1.7693,2.0366,2.9891,2.5155,2.6497,0.95865,1.5861,1.9795,1.064,0.87709
-0.70197,0.85808,-0.29994,0.48161,0.19969,0.011636,-0.77481,1.053,-0.44192,-0.76964,-1.2247,-0.69157,0.20141,-0.92637,-0.39978,-0.2388,-0.52104,0.39587,0.42617,0.54049,0.79997,0.8471,0.93929,1.0991,1.272,0.89218,0.065073,0.54177,0.99902,0.41342,0.49759,0.89827,0.86473,0.90819,1.2879,0.97263,0.69036,1.0044,0.42294,0.93087,0.026151,-0.0046932,-1.2842,-0.36347,-1.3034,-0.33055,-1.1375,-0.1074,0.13415,0.20518,0.33468,-0.96348,-1.0418,-0.15384,-0.60414,-0.26473,0.26226,-0.982,-1.2021,-0.13764,-0.51582,-1.1783,-0.38928,0.51705,0.11355,0.0066987,0.60405,0.33553,-0.30761,-0.66275,-0.028074,-0.0024903,-0.61744,-1.9875,-1.8846,-0.51835,-1.2322,-0.81724,-1.0761,-0.028083,0.86051,-0.029802,0.030801,-1.2564,-1.6064,-1.2319,-0.62808,0.68805,1.6865,1.7058,0.7865,0.72306,-0.18224,-0.1717,-0.49599,-0.82347,-2.0988,-1.8574,-2.8042,-1.6922,-1.2074,-2.1862,-1.5789,-0.59772,-0.072853,0.76671,0.19884,0.25181,1.2536,1.7502,1.2426,1.628,1.5708,1.4089,0.93327,1.2032,1.1195,0.19373,0.053465,-0.20076,1.3353,0.95384,0.47653,1.3275,1.0032,0.61335,0.82072,0.065308,0.48248,0.9929,0.41317,0.90986,-0.26514,-0.90173,-1.4513,-2.0029,-1.4896,-2.8748,-3.142,-2.2614,-1.2446,-1.1377,-0.80818,-2.1202,-2.062,-2.8672,-1.9483,-1.6112,-0.93766,-0.59876,-0.11167,-0.38323,0.90344,0.75138,-1.4821,-1.0177,-1.954,-1.2865,-0.096167,-0.92612,-1.2807,-0.70816,-0.60112,-0.97904,-0.43751,0.10874,-0.87028,-0.18927,-0.19925,-0.15017,0.41503,0.3328,0.92094,1.5316,0.26434,0.7042,1.3286,0.83372,0.64502,0.94219,1.3574,0.55654,0.91704,1.7979,1.9216,1.7824,1.451,1.7868,1.6656,1.7618,1.4572,1.5025,1.3651,1.4065,0.88508,0.5226,0.8194,0.26944,0.33088,-1.1236,-1.2841,-0.85384,-0.42027,0.83164,1.3913,1.1818,1.0692,0.46494,-0.47025,-0.33455,0.10298,0.44575,-0.16664,-0.058166,-0.19775,0.45495,0.30087,0.018884,0.17548,0.78655,1.4043,2.2728,1.7254,1.4903,1.2794,2.6725,2.9656,2.6616,1.6527,2.1818,2.5235,3.0039,1.3401,1.4188,2.0413,3.136,2.5121,2.8983,2.7124,1.9726,1.2918,2.855,1.8171,1.9682,1.593,0.35679,0.48487,0.99512,1.0966,0.82963,1.2132,2.3065,2.8153,3.2724,1.2378,1.3916,0.26994,1.6708,1.8173,1.0059,1.9382,0.72633,0.54553,1.0716,-0.73002,0.01956,0.089909,-0.29111,0.85694,1.2895,0.41418,-0.81971,0.16872,1.802,1.642,1.0927,1.2883,0.088513,0.20235,0.8396,1.1591,-0.13015,-1.507,-2.2961,-2.6135,-2.695,-2.4276,-1.8949,-0.94737,-0.14087,-1.1145,-1.4785,-0.25669,-1.5089,-1.5587,-1.7129,-0.1662,1.0531,0.82377,0.22698,0.9791,-0.19616,0.63294,-0.25788,-0.41992,0.82125,0.086409,0.58305,0.5934,1.5493,0.38929,-0.65584,0.014195,-0.62993,-1.607,-1.0292,-1.2237,-0.96225,-1.4105,-2.3125,-2.4299,-2.759,-1.6602,-1.217,-1.9301,-2.7226,-2.2159,-2.3593,-1.1199,-2.4863,-1.9475,-1.8359,-1.5198,-0.48472,0.38154,0.24196,-0.29703,0.19935,-0.30455,0.49966,0.95949,-0.064594,-0.33566,0.88211,1.2988,0.38499,0.49953,0.41638,0.99898,0.91345,1.5327,-0.43262,-0.97602,-0.38716,-0.95931,-0.21271,-0.27372,-0.52535,0.80147,0.19095,1.158,0.28806,0.062186,-0.73126,-0.99251,-1.7574,-0.13028,-1.2564,-0.90676,0.24566,1.1572,2.3314,2.2839,1.0168,1.2065,1.0333,1.0236,-0.65847,-1.6338,-0.77919,-1.7405,-0.93618,-1.9818,-2.4049,-2.4614,-2.1388,-0.68593,-0.94764,-0.94187,-0.97571,-1.6399,-0.58962,-0.55793,-0.52164,-0.88511,-0.71873,-0.31297,-0.12501,-0.97947,-1.4084,-1.2718,-1.8319,-1.2077,-1.5684,-1.8341,-1.4545,-1.6717,1.4074,2.336,0.088103,0.45405,1.135,2.5349,1.8418,2.2109,2.2687,2.3523,2.4257,2.837,1.0679,-0.71482,-3.5837,-1.1016,-0.65447,-0.14198,-0.60831,0.37505,1.3068,0.96584,0.82619,0.83836,0.8585,1.1587,2.0286,0.74211,-0.030977,0.13578,0.1982,-0.84454,-0.093427,-0.15385,-0.92271,-0.35542,-0.096915,0.15872,-0.71127,-0.63667,-0.052965,2.0471,1.4367,1.5595,1.1044,0.43097,0.49395,-0.46423,0.036658,-0.25181,-0.11623,-0.45737,0.7991,1.0255,0.65452,1.3968,2.6057,2.7807,2.2766,1.0249,1.3357,1.3236,0.75033,-0.15509,-1.0857,-1.0345,-0.93508,-0.94109,-0.6792,-1.1507,-1.2509,-1.5964,-1.1106,-0.54267,-0.67152,-1.38,0.4067,1.6684,0.28382,0.20641,-0.33691,0.82499,1.0634,1.2387,1.3392,1.8666,1.6515,1.846,0.9438,1.3764,1.6074,2.3585,2.4721,1.6824,2.6069,1.3512,1.1022,2.5627,0.65666,0.59851,0.11031,-0.46902,0.57495,1.068,1.0489,1.5276,0.69266,2.5661,1.7607,1.7746,2.265,1.7157,3.2591,2.911,2.325,1.9791,1.8571,2.9508,3.177,2.5197,1.9493,1.6757,1.5467,1.6202,1.2007,0.34038,-1.5574,-0.8549,-0.92743,-1.8711,-1.5608,-1.7665,-0.62672,0.35469,0.65852,-0.53487,0.23872,-0.077926,0.18911,0.11279,0.57225,-0.094395,-2.2877,-0.79103,-0.6684,-0.33927,-1.9035,-1.1341,-1.278,-1.1714,-1.6719,-1.6875,-2.0399,-1.2473,-1.7781,-1.2644,-0.99378,-1.2792,-0.94613,0.014069,-0.31654,0.067469,-0.79553,-0.47325,-0.78173,-0.39712,0.56202,-0.24051,0.96777,0.40595,1.038,1.1722,1.2804,1.0219,1.0951,1.11,0.062266,-0.35512,-0.24169,0.32164,0.40312,0.97739,-0.17086,0.085809,0.022751,0.014725,0.60721,-0.49005,-0.92885,-1.2392,-0.95545,-0.7364,-0.13364,-0.1481,0.35747,0.0074895,-0.56635,1.222,-0.23352,-0.30225,-0.76074,-1.0595,-0.84314,-1.7476,-2.0533,-2.3533,-1.6584,-1.5527,-1.8218,-1.7725,-2.0539,-1.3137,-0.95333,0.021817,0.85677,-0.79084,-0.53516,-1.1739,-0.39544,-0.14363,-0.73943,-2.2734,-1.7069,-2.1429,-1.3057,-0.40242,-1.6635,-1.0181,-0.76414,-0.83017,-1.4798,-0.40622,-0.47393,-1.6253,-0.90583,-2.1055,-2.6835,-2.8327,-2.6408,-1.8994,-0.9068,-1.5485,-1.4051,-0.71808,0.16922,0.29298,-2.3157,-0.76427,-2.9708,-2.5771,-1.0611,-1.7699,-2.3452,-1.3455,0.083067,-2.1643,-2.6586,-3.2368,-3.1197,-2.2988,-1.5911,-1.5624,-2.0307,-2.3221,-1.7241,-0.95157,-1.6799,-1.2409,-2.7109,-2.3804,-2.3275,-0.92112,-2.1101,-1.9158,-1.0053,-1.3334,0.87142,-2.0047,-1.472,-2.1416,-2.437,-1.6228,-2.1637,-2.6298,-2.6612,-0.55483,-1.0552,-0.80999,-0.69799,-0.81099,-1.3324,-0.93312,-0.34601,-1.7493,-2.2632,-1.1471,-1.2869,-0.69991,-1.5521,-0.79827,-1.047,0.0091983,-1.5932,-1.0081,-1.7376,-0.91477,-1.4984,-1.2219,-1.2144,-1.9935,-1.1029,-1.1911,0.057449,-0.8565,-1.1843,-1.0151,-1.6614,-0.89629,-1.5449,-2.5568,-1.0134,0.30708,0.20742,0.68753,0.70168,0.54752,0.2886,-0.074348,0.1574,-0.20491,0.18317,0.70197,0.477,0.54319,-0.6464,-1.0542,-0.58724,-1.0868,-1.2231,-1.7477,-1.8026,0.26029,-0.14992,-0.27258,-1.3567,-0.77748,-0.051203,1.145,-0.48171,-0.16764,-1.0954,-1.46,-0.13303,-0.32599,-0.50942,-1.1196,-0.65015,0.38802,0.24826,0.91123,-0.013573,-0.67923,-1.625,-1.2474,-1.1459,-1.0267,-0.98407,-0.52546,0.0045147,-0.48339,-1.0556,-0.23738,-0.90892,0.064518,0.98561,0.82355,0.13479,1.4753,0.50838,0.97525,0.95884,1.0265,0.14998,0.41692,0.18566,-0.16168,-0.52965,-1.1682,-3.0236,-1.5768,-3.176,-2.3794,-1.4622,-1.3487,-0.5619,-1.6044,-1.1233,-1.1255,-1.8749,-0.98525,-1.8574,-2.2924,-1.6655,-1.0297,-0.38047,-0.36223,-1.2152,0.076257,-0.93214,-0.94922,-0.60376,-0.49254,-1.4204,-1.0215,-0.27164,0.11136,0.0099342,0.52685,0.96479,0.73955,1.1694,0.24608,1.634,1.0573,2.5401,2.9227,1.6883,0.74388,1.4857,2.285,2.8445,1.7504,1.8818,1.9148,2.6971,2.4755,1.8578,2.106,2.633,1.7281,1.879,1.2755,0.79688,0.18043,0.3957,0.63064,-0.399,-0.80661,-0.3647,0.20792,0.48485,0.67399,0.35101,0.49707,0.4841,-0.19052,-0.82478,-0.53991,-0.95568,-0.62627,-0.31126,-2.0143,-1.2222,-1.0934,-1.3908,-1.5111,-1.5082,-1.3302,-0.73552,-1.0224,-1.1282,-0.98433,-1.2599,-0.51729,-0.071794,-0.84734,-0.6946,-0.2795,-0.073588,0.15925,-0.10981,-0.27069,-0.55403,0.17855,0.22001,0.67459,0.48996,0.66996,1.4196,1.2124,0.48272,1.3952,2.0477,1.155,1.0619,1.7495,1.4067,1.8838,0.87625,0.9466,0.721,0.83244,1.7887,1.655,0.95432,1.5158,0.25696,1.5544,1.702,2.2564,2.6235,2.0111,1.1618,1.186,-0.36935,-1.2095,-1.8833,-1.2365,-1.8364,-2.5919,-2.3218,-2.1892,-2.5341,-2.0816,-1.4126,-1.4415,0.023654,-0.050091,0.7015,1.5192,0.57015,0.66793,1.8637,0.57087,0.63199,0.52012,1.6229,1.856,2.3431,3.0015,2.1091,0.23682,-0.86821,0.71968,0.57551,0.41553,0.68215,0.49492,0.4046,0.67228,1.4065,0.66146,0.74104,0.38536,-0.21363,0.88174,-0.5217,-0.78201,-0.99272,-0.46885,-0.51132,-0.31184,-0.98256,-0.4954,-0.84245,0.35227,0.84161,0.39271,-0.50853,0.15676,-0.81783,0.22969,0.40837,-0.37795,-0.090831,1.5174,2.475,1.6867,1.1527,1.4464,1.7447,3.3131,2.7755,-0.4844,-1.2143,-1.976,-0.47928,0.43145,-0.78546,-0.11618,-0.39235,-0.33186,0.18605,-0.15981,-1.1062,-0.72902,1.1754,1.0243,0.6662,-0.27429,-0.91988,-0.77344,0.25386,0.54075,-0.29453,-0.75046,-0.97776,-1.1925,1.2696,0.24857,-0.3322,0.45932,2.0192,0.81229,0.11591,0.10552,0.093031,-0.038934,0.21666,-0.10161,-0.80725,-1.2713,-1.1368,-0.23229,-0.52405,-0.13205,0.76878,0.68118,0.32917,-1.0081,0.27752,-0.15247,0.14855,0.1404,0.53439,-0.6497,-0.7511,-1.5924,-2.085,-1.2334,0.46397,-1.7526,-0.52552,-0.72893,-0.26889,0.254,-1.0804,-1.3883,-1.2603,-0.42509,-0.19418,0.069217,-1.3392,-1.4012,-1.1252,-0.26967,0.15776,0.31537,0.29712,0.10047,0.68866,0.23015,-0.81421,-1.0303,-1.1313,0.26224,-0.87474,-1.1015,-3.1039,-1.304,0.38532,0.91295,-0.30088,-0.72665,-1.4258,-1.7165,-1.4286,-1.4424,-0.81108,-1.1725,-0.32796,0.93923,0.72768,0.1095,-0.5026,-0.57963,-0.34016,-0.80722,-0.63614,-0.28859,0.50007,0.85196,0.037732,-0.029196,-0.3573,0.52979,-0.70408,0.34142,-0.36674,0.57375,0.62714,0.61351,0.52149,2.2847,1.9529,2.1882,2.8987,2.0499,1.4106,0.029807,0.41568,-0.051765,0.97476,-0.030335,0.16121,0.47502,0.72152,1.2358,1.3272,2.1746,2.0076,0.90272,1.9416,1.149,1.5796,1.5233,1.3218,1.4167,1.3443,0.18474,-0.87211,-1.8805,-0.98748,-0.62209,0.10387,0.63911,-0.078285,2.0255,1.4909,1.1061,0.50653,-0.66557,-0.077414,0.19029,-0.23812,0.093541,0.72246,1.1243,0.9186,-0.88296,-0.895,0.05149,0.68732,0.35645,0.70767,-0.41701,-0.059332,-0.69388,0.86423,0.67362,0.57875,0.046511,0.00030751,-0.24051,0.27511,0.80092,0.57868,0.10691,1.329,0.52102,0.6845,1.0962,-0.037325,0.86701,0.79507,0.93713,1.6736,1.7195,3.8537,2.7123,2.6024,1.7279,1.6236,2.5327,2.3233,0.68699,0.67306,-0.069332
-1.7123,-1.8455,-1.8788,-1.486,-2.0352,-1.3215,-0.18864,0.22451,1.1294,1.1931,1.3424,1.2165,0.28205,0.92746,0.041405,-0.10918,-0.16652,-0.77307,-1.7217,-2.0105,-1.7686,-2.069,-1.1695,-1.6492,-1.2169,-0.83577,-1.4101,-1.2018,-1.309,-1.4273,-1.1998,-0.70241,-0.71482,-0.22994,-0.07025,-0.49761,0.18462,0.27808,0.30074,0.9695,1.4205,0.61531,0.22097,0.28504,-0.70131,-0.29116,-0.22023,-0.69166,0.45612,0.89885,0.52581,-0.0031399,0.092383,0.16502,0.17186,-0.065712,-0.096233,-0.86269,0.33386,0.56256,-0.77184,-0.72729,-0.35666,-0.80182,0.20118,0.06153,0.15208,0.18289,0.18577,0.61754,1.4787,1.1487,1.0095,0.76723,0.90454,1.332,1.2974,0.5383,0.48912,-0.079547,0.54035,-0.028902,0.34336,0.61884,0.50604,0.5444,1.7061,1.0585,-0.21988,0.36647,0.64477,0.69017,0.31023,0.90313,1.5771,1.3864,1.8545,1.4605,0.39139,0.87087,0.14034,-0.44912,0.70064,0.022197,-0.14192,0.15685,1.1665,0.5309,0.69874,0.16656,-0.49811,-0.22809,0.54336,-0.41787,-0.13367,0.19005,0.80737,0.072826,0.82009,0.91677,1.4378,1.2124,0.31766,-0.31861,-1.353,-1.5025,-1.5174,-0.99684,-0.57052,-0.6394,-0.64232,-0.94054,-1.1446,-0.94625,-1.2044,-0.83523,-0.94214,-0.66783,-0.2143,-0.15778,0.058637,0.34438,-0.40965,0.20359,-1.1556,-1.7952,-1.4232,-2.0773,-1.4544,-1.9927,-2.1364,-2.9275,-2.3247,-2.0484,-1.4261,0.17005,0.96902,1.7585,1.2703,2.4432,2.7121,3.3884,2.4791,2.4267,2.0619,1.022,0.02636,-0.60937,0.19436,0.091936,1.2187,0.82915,1.4531,2.0398,2.131,2.975,2.1384,1.6296,0.12197,-0.76794,-1.2864,-1.5595,-1.9138,-2.146,-1.5424,-1.6012,-0.76694,-0.072884,-0.61441,0.055365,-0.38787,-0.67325,-0.93105,-1.8034,-1.7679,-1.6435,-1.5267,-1.8471,-0.99878,-1.2069,-0.53934,-1.1573,-0.56673,-0.96519,-0.25554,-1.219,-0.92264,-0.76247,-0.33173,-0.3357,0.26706,0.063325,1.1001,0.79302,0.48813,1.2199,1.3071,0.70622,0.96106,0.48574,0.65864,0.4431,0.62349,0.32103,0.20683,0.084618,0.34388,-0.48962,-0.35293,-0.99937,-1.6984,-0.90795,-0.32954,0.16863,0.11948,0.14654,0.084694,-0.82553,-1.7119,-1.7512,-1.938,-1.0377,-1.0113,-0.36772,-0.76712,-0.91218,-0.40389,-0.0062865,0.72703,1.0388,0.76032,1.3168,0.011291,0.99563,0.49062,1.9441,1.3638,1.1107,0.67437,-0.70607,-1.0641,-0.73364,-1.3474,-0.43471,0.41895,1.0712,0.77284,1.2295,0.13279,-0.3875,0.06448,-0.67382,-0.60961,-0.46618,-0.75188,-1.0848,-1.4089,-1.563,-2.0265,-2.1622,-1.2393,-1.097,-0.77538,-0.17216,0.85642,0.46863,2.2072,2.2412,1.8453,1.0572,0.46411,-0.019087,-0.46065,-0.5635,-0.51566,-0.74613,-1.1254,-1.1337,-0.67735,-1.2519,-0.059052,-0.44414,0.08478,-0.84228,-0.2357,-0.89466,-0.9103,-0.85549,-0.039163,0.32967,0.76001,0.84101,0.9709,1.4892,0.72294,-0.056784,-0.36187,0.40116,1.1542,1.1771,1.1874,1.0491,0.96869,1.06,0.93993,1.0911,0.74301,0.20832,0.42218,0.66918,0.21066,1.4094,0.20343,-0.27378,0.17206,-0.71312,-1.0504,-0.90534,-0.81656,-0.85047,-0.83647,-1.4529,-0.80312,0.02042,-0.77079,-0.66562,-0.32548,-0.82144,-1.7416,-1.0274,-1.3618,-1.7391,-0.49206,-0.022096,0.24653,0.68905,1.4792,0.68375,-0.18163,-0.83752,-1.6035,-1.4885,-0.78886,-0.39909,0.90061,0.97799,1.4924,2.2645,2.0348,3.0358,2.7736,2.2738,1.7792,1.7016,1.2887,1.5684,1.7854,1.291,0.78008,0.46714,-0.53369,-0.13077,0.61139,0.65089,1.7416,1.716,0.88922,0.98953,-0.017498,-0.58768,-1.7503,-1.2343,-0.91863,-0.68945,0.42873,0.26167,-0.35461,0.45934,0.78647,0.80879,1.1874,1.1695,0.90488,1.0403,0.31042,-0.37268,-0.61995,-0.66109,-0.50477,0.053533,-0.25909,-0.82568,-0.83427,-1.3102,-1.48,-2.0435,-2.4394,-2.4751,-1.8993,-1.364,-0.17937,1.5048,1.3859,1.1756,1.6728,0.089958,0.63562,0.84167,0.086069,-0.42103,-0.27349,-1.3572,-2.3902,-2.3289,-3.1444,-2.4748,-2.4293,-2.2144,-1.7742,-1.7774,-1.8841,-1.8903,-2.3237,-1.8421,-1.8574,-2.0055,-1.5675,-1.3636,-1.6388,-0.29746,0.51089,0.24956,1.5369,0.61683,1.1892,0.59064,0.45815,0.42205,-0.85226,-0.068097,0.036048,0.43256,0.088865,-0.02772,0.7197,0.078725,-0.16623,1.1228,0.76215,1.4095,1.7058,1.1544,0.8327,1.2685,1.0567,0.97016,1.1207,1.8033,2.4942,2.5677,2.2692,1.3233,0.89982,-0.090558,-0.41929,-0.72165,-0.049171,-0.24409,-1.1865,-0.85864,-1.3411,-1.7778,-2.928,-2.2944,-1.7027,-1.6162,-1.0728,-0.28867,-0.6994,-0.80659,-0.33154,-0.25169,-0.072408,-0.37313,-0.52081,0.21988,0.41986,0.31938,0.41899,1.2562,1.0315,1.1311,0.70531,-0.13593,0.068926,-0.57748,-1.1308,-0.482,-0.54021,-0.56522,-0.84912,-1.0801,-0.70514,-0.23202,-0.67542,-0.72903,-0.62586,0.23823,-0.10715,-0.77536,-1.434,-1.4332,-1.7219,-1.5376,-1.6408,-1.2807,-1.3658,-0.74969,-0.30782,-0.20184,0.059372,0.42619,0.35038,0.76859,0.99739,-0.29076,1.08,1.7537,1.1398,0.84416,1.3981,1.2872,2.1111,2.0243,1.5356,0.90648,0.92885,0.35866,0.17314,-0.33456,-0.42526,-0.71521,0.025274,-0.81665,-0.70916,-1.7373,-2.5382,-2.2809,-1.9381,-1.5486,-1.6613,-1.0934,-0.73442,-0.69212,-0.76759,-1.3974,-1.0311,-0.50421,-0.19087,-0.26712,0.33073,1.0203,0.94238,2.6415,3.0765,3.0436,2.7292,2.6476,2.0769,2.3975,2.4018,1.4427,1.7238,1.6788,2.2995,2.6684,1.7839,1.6883,0.90443,0.63605,0.83919,0.56314,0.50341,0.42355,0.52604,0.35606,0.43427,0.2338,-0.63122,0.066647,0.6679,1.0089,0.96743,0.99191,1.2329,1.1057,0.92772,-0.027057,-0.97635,-0.43906,-0.85747,-0.083612,0.11977,0.092322,0.81754,0.55965,0.059898,0.57428,0.45855,0.5892,0.33591,0.37617,-0.018894,-0.15491,-0.4417,-0.27568,0.19211,0.81719,1.5298,2.0703,2.7818,3.4635,2.0639,2.4951,3.0055,2.3472,1.5781,1.7803,1.6032,1.0774,0.42078,0.090431,-0.0037413,0.22173,-0.078469,0.12423,0.12864,1.105,-0.1419,-0.46086,-1.4134,-0.47612,-0.51892,-0.48019,-0.61152,-0.030017,0.40187,0.24545,0.72769,2.0191,1.6147,1.9728,2.1556,1.4411,-0.0023202,-0.24198,-1.045,-2.1053,-1.7302,-1.3294,-1.7311,-2.0151,-2.9915,-1.0993,-0.82951,0.45429,1.4338,0.63453,0.87232,0.89264,0.51378,0.36688,-0.97271,-0.69012,0.24752,0.14779,-0.79947,-0.33977,-0.54169,-0.10681,0.97055,1.87,2.8125,2.8102,3.0569,2.6745,2.665,2.0697,1.8873,2.0573,1.8152,2.3438,1.0788,0.49134,1.5279,1.9298,2.0828,1.1726,1.7872,0.34878,1.1205,0.34221,0.13014,0.59539,0.93598,-0.53342,-0.40845,-0.92804,-1.6673,-1.6541,-1.6574,-1.4712,-1.6589,-0.72833,-0.50049,0.21013,0.46303,1.1469,0.87664,0.94022,-0.30557,-0.93447,-1.9308,-2.0453,-1.41,-1.1197,-1.294,-2.3656,-2.7357,-2.5598,-2.2079,-1.9603,-1.7705,-2.3235,-2.0425,-1.7489,-1.6659,-0.80408,-1.2287,-0.88574,-0.59605,-0.77605,-0.7477,-0.72426,-0.2135,-0.99646,-0.52778,-0.66774,0.79775,1.3628,2.4993,3.2006,3.3678,3.0994,1.7586,0.61409,-0.069051,-0.47641,-0.74888,-1.6304,-1.3947,-1.5991,-1.1191,-1.6238,-0.42838,0.34671,0.43093,2.4723,2.0969,2.0831,1.9529,1.1998,1.9626,2.5326,2.724,2.1565,2.04,1.5492,1.9957,2.2049,1.5893,1.6073,2.169,1.3764,0.55955,-0.40119,-1.2382,-1.1959,-1.0419,-1.3716,-1.0486,-0.84358,-1.4642,-1.5702,-1.452,-1.0595,-0.64129,0.26897,1.661,3.0328,3.6661,3.1337,2.5729,1.1997,-1.2731,-1.9887,-2.6724,-2.4849,-2.275,-2.074,-1.378,-1.149,-2.1487,-2.0834,-2.3557,-2.1436,-1.9506,-0.95785,-0.80993,-0.3354,-0.89974,-0.60424,-0.71529,-0.3709,-0.12174,-0.010825,-0.28782,0.43182,-0.3286,0.12014,0.40479,0.56859,0.24566,0.89814,1.7184,1.8496,1.8706,2.4787,1.826,1.261,1.5245,0.88321,0.44067,0.5683,0.87627,0.60289,0.48083,1.4198,2.0088,2.229,1.4775,1.8831,1.5652,0.98492,0.34363,-0.19832,-0.32271,-0.68243,-0.89599,-1.1686,-0.60113,0.007002,0.72585,0.14343,-0.22658,-0.15539,-0.62262,-0.55342,-0.97226,-0.90243,-1.2816,-1.2309,-1.1344,-1.9847,-2.2291,-2.075,-1.9031,-1.6961,-2.0631,-2.0538,-1.5247,-1.6233,-1.3491,-1.8054,-1.4324,-1.605,-1.4081,-1.3466,-1.5811,-2.0843,-2.1822,-2.0943,-2.6243,-2.615,-1.8992,-1.3443,-2.1828,-1.8078,-1.5879,-1.1977,-0.92014,-1.1014,-0.80859,-1.4603,-1.303,-1.1739,0.1113,1.6955,1.8361,2.4732,2.7617,2.1753,1.5445,1.7477,1.2179,0.88578,-0.035099,0.0057603,0.43044,0.32809,0.05848,0.42944,-0.10131,-0.29476,-0.90385,-0.66741,-0.93411,-0.22957,-0.81397,-2.4651,-1.9167,-1.727,-0.38894,-0.59796,-0.21077,-0.35941,0.35862,-0.77108,-1.0936,-0.70481,-1.1458,-1.6247,-0.83276,-0.55458,-0.16085,0.1912,0.032672,1.118,0.98818,1.0894,0.42343,-0.15595,-0.42374,-0.41044,0.52013,0.48565,0.43275,1.2467,2.01,1.5116,0.98806,0.47606,-0.38727,-0.92324,-0.45842,-0.37572,-0.11479,-0.29094,0.059643,0.077497,0.31997,0.27106,0.69622,0.67552,0.05185,0.99298,-0.19633,1.1641,1.4457,2.3236,3.8484,3.141,2.6299,2.3118,1.3595,0.83034,-0.35467,0.31866,-0.149,0.17373,-0.43353,0.57771,0.25389,1.6634,1.769,1.748,2.2404,2.3035,1.3682,0.29485,0.82964,0.84979,1.7543,1.0275,2.2741,2.2374,1.4644,1.6594,0.76501,0.93661,-0.0338,0.21268,-0.33606,-0.69885,-1.1631,-1.4346,-1.6225,-2.1863,-1.9857,-2.4518,-2.3861,-2.212,-1.5251,-1.4986,-1.1565,-1.4758,-1.2652,-2.084,-2.0424,-2.3497,-2.2022,-2.1693,-1.4971,-0.47546,-0.12729,0.42729,0.44639,1.1638,0.72978,1.9218,2.6862,2.8461,3.5613,3.7833,4.41,4.3292,4.0546,3.5108,2.3521,2.7887,1.6333,2.0034,1.2747,1.1211,0.73053,0.75559,1.0113,0.2739,-0.57069,-0.96003,-0.3904,-0.36548,0.20471,-0.0025177,0.66902,0.88198,-0.14954,-0.87859,-1.0777,-0.99125,-0.55562,-1.1583,-1.0626,-1.7898,-1.8917,-1.8399,-2.1308,-1.9622,-1.015,-1.6287,-1.5694,-2.1582,-1.0916,-1.1103,-0.62291,-0.27275,-0.89851,-1.588,-1.3534,-1.2341,-0.79224,-0.87672,-0.042593,0.25292,1.43,2.244,2.0799,2.8818,2.5693,2.3381,2.0087,1.4552,2.3822,1.5592,1.6794,2.0451,1.4475,1.2124,0.63978,-0.2381,0.0044347,0.27681,0.79457,0.55717,0.85292,0.51826,0.63841,-0.018889,0.36987,-0.31706,-0.026429,0.40141,0.48359,0.48798,-0.36382,-0.75644,-2.1418,-2.6491,-2.9786,-3.2047,-2.613,-3.0267,-3.4842,-2.7857,-2.7794,-1.4932,-0.20412,0.10171,-0.71698,-0.06235,-0.96445,-1.2475,-0.40376,-0.16243,-0.098383,1.457,0.66434,1.9121,1.1748,-0.026119,-0.78328,-0.11628,-0.15592,0.29518,-0.10247,0.40448,-0.39891,-0.38887,-0.36967,-1.193,-2.2534,-1.9418,-1.9293,-0.88448,-1.1895,-1.4463,-0.65045,-0.66663,-1.2797,-0.79826,-1.2217,-0.89657,-1.6842,-1.9043,0.058149
0.72663,1.3535,-0.084468,1.2767,1.2685,1.1737,-0.64712,1.0063,0.22079,0.56969,0.50058,1.1873,-1.323,-0.0048893,1.3893,-0.40982,0.45466,0.69162,0.6412,1.0484,0.61056,0.34871,1.3257,0.40232,0.61483,0.82582,0.8434,1.0537,0.89954,0.80658,1.1198,0.8154,0.93997,0.78375,0.96644,-0.40156,0.19904,-0.4726,0.23041,1.141,0.96888,0.82893,0.97698,-0.53459,0.082797,0.32449,-0.77284,0.52756,0.70801,0.95771,0.58588,0.56606,1.3605,-0.91734,0.40658,0.26714,0.081662,-0.18684,0.56214,0.5797,1.69,-0.16984,0.22106,1.3377,-0.13823,0.13862,0.29093,0.10366,0.46535,0.11752,-0.46461,-0.51209,0.52513,-0.36741,-0.22569,0.43814,-1.0473,-0.31651,-0.051471,-0.21639,0.19463,-0.50524,0.0010485,0.71065,0.21886,0.19767,-1.0523,0.084682,-0.74044,-0.87108,-2.1146,-0.96947,-1.8044,-1.4831,-1.4904,-0.67802,7.9951e-05,-0.65309,0.29208,-0.20944,0.36146,0.42102,-0.063612,-0.2397,-0.26967,0.87395,0.28228,-1.293,-0.4169,-0.24475,-0.64813,-1.9083,-1.3097,-0.72314,-0.94009,-0.011065,0.015678,-1.8209,-0.31002,-0.76488,-0.98047,-1.6814,-1.6181,-1.1843,-1.3007,-0.27418,-0.61374,-0.95812,-0.38721,-0.099594,0.68356,-0.19252,-0.20417,0.53722,0.782,0.78063,1.1255,0.33431,-0.40387,-0.02464,-0.36324,0.59263,1.1458,1.2534,0.13906,1.2984,0.10336,0.90958,1.3496,-0.52677,1.5904,0.52466,0.20087,1.3063,1.1031,1.4008,0.62456,1.1901,1.9827,0.82232,0.14667,-0.099948,0.10615,-0.51286,0.14824,-0.63291,-0.32544,0.22221,0.80309,-0.37143,0.11067,-1.0873,-1.0892,-1.1288,-0.44733,-0.50317,-0.51835,-0.86079,-0.41684,-0.27458,-0.56224,-0.39349,-0.54441,-0.55832,-0.55208,-0.54847,-1.2298,-1.2081,-0.19308,-0.39604,-0.34754,-0.52585,-1.0092,0.059753,0.094284,-1.1733,0.20957,0.081166,0.29928,-0.098337,-0.27368,-0.087784,0.013398,-0.11612,0.21316,0.39275,0.63912,-0.030652,-0.51851,-0.41514,0.30846,0.52484,0.71072,-0.18665,-0.48405,-0.24075,-0.77712,-1.8831,-1.1297,-0.63575,0.68497,0.69797,-1.8854,-0.79737,-0.26197,-0.54853,-0.19126,0.31937,-0.40231,-0.16019,-0.62438,0.49742,-0.36318,-0.7365,-0.3375,-0.48254,-0.61505,-0.58449,0.13516,-0.92761,-0.40041,0.47471,0.16104,0.72458,0.39186,-0.54198,0.25938,-1.1061,-1.0586,0.096818,-1.3478,-0.93151,0.63473,-0.011914,-0.61186,0.3896,1.2077,0.6602,0.81269,-1.6384,0.1082,1.0822,0.59209,0.74337,-0.46924,0.401,-0.20608,-0.17716,-0.2872,0.5685,0.13543,0.46692,-0.8432,0.099898,-0.95657,-0.503,0.85908,-0.050899,-0.35065,0.73382,0.27122,1.5836,0.096855,-0.21617,-0.0074082,-0.96088,-1.411,-0.027061,0.13984,0.37512,-0.82298,-0.7167,0.56862,0.35662,0.27036,-0.26045,0.023655,1.0052,0.96634,-0.047439,-0.0090628,0.3596,-0.072089,0.32128,-0.07386,-0.09008,-0.75007,-0.16893,-0.51714,-0.21159,0.07398,-0.14339,-0.39642,-0.031435,0.1062,-0.74911,-0.089792,-0.35587,0.52276,0.78345,0.79296,0.79457,0.16408,0.21165,0.89545,1.704,0.29065,1.1331,1.7876,0.95364,0.78998,0.31118,1.2217,-0.74175,0.0076567,-1.4945,0.0018775,-0.50725,-0.081182,-0.61779,-0.2694,0.74162,-0.66411,0.57988,-0.82751,-0.96153,-0.26363,0.13506,-0.077674,0.33851,1.166,0.72345,0.3839,0.11219,0.42193,0.3504,-0.94275,-1.2786,-0.33369,0.67879,0.84584,0.81781,-0.69888,-0.61334,0.17414,-0.19415,1.0433,0.7466,-0.015208,0.40345,0.33629,-0.24515,-1.185,-0.22765,-0.75837,-0.69273,0.50462,-0.332,0.070382,0.28824,0.46447,-0.56067,-0.45481,-0.051132,0.22382,1.2638,0.64779,1.5896,0.77499,1.6398,-0.24734,0.99182,-0.70958,0.34582,1.2351,0.72163,0.055086,-0.55179,-0.24848,-0.27235,0.011792,-0.38236,0.96727,0.36347,1.4904,0.64613,0.89051,1.6235,0.041231,-0.62284,0.76499,0.61866,-0.064689,0.090702,-0.000667,1.2498,0.37966,1.7316,-0.43604,0.14448,0.19321,0.48505,0.047331,0.1895,0.25564,-1.8906,-1.665,-0.45581,-0.26177,-0.2455,-0.25885,0.96773,0.27109,0.6301,-0.064876,-0.029597,0.25577,0.24891,-0.072681,0.30033,-0.020755,1.4951,0.3664,0.91557,0.22806,0.53575,0.63984,0.16155,0.3667,-0.58259,-0.48986,0.30045,0.48738,0.27824,-0.40006,-0.8124,-0.45732,-0.25991,0.26912,-0.88441,-0.93968,-0.86681,-0.93663,-0.36461,-1.5521,-0.62741,-0.034406,0.92059,-0.60892,0.24415,-0.092875,0.04878,-0.24625,-0.80629,0.37059,-0.32518,-0.28729,-0.587,0.027944,0.57638,0.31206,-0.45225,-0.091465,-0.77117,-0.33724,-0.17023,-0.89345,0.056681,0.068968,0.62117,-0.1214,0.25454,0.40664,0.31199,0.36108,0.38579,-0.57349,-0.78011,0.13426,-0.56879,0.16624,-0.17011,-0.12296,0.71345,0.22446,0.35587,-0.81378,-0.1736,0.44541,-0.22572,-0.82053,-1.1928,-0.40282,-0.46852,-0.61857,-0.38128,-0.88722,0.19754,0.46118,-0.25204,-0.23101,-0.41887,-0.19187,-0.31106,0.35869,0.83338,0.5664,0.19604,0.93749,0.63105,1.2472,0.32466,0.71956,-0.077781,0.82171,1.7223,1.4252,0.6025,0.28944,0.65587,1.816,0.60445,-0.014597,-0.65996,0.66823,0.45867,1.0457,0.18876,0.2688,-0.30291,0.2853,-0.1434,0.11572,-1.3409,-0.62024,-1.2166,-0.96721,-0.30442,0.041391,0.22281,1.0234,0.7435,0.82628,0.52277,-0.043697,0.87527,0.62663,1.376,0.79788,0.67489,1.2806,0.40763,1.5521,0.23811,0.71291,-0.53516,0.015396,-0.90926,-0.42597,-1.2083,-1.0956,-1.0573,-1.4007,-0.30549,-0.59298,-0.37734,-1.2377,-0.57478,-0.41558,-0.36923,-0.52757,-1.2696,-0.5322,-0.8879,-0.91706,-0.93746,0.15246,-0.30099,-0.64604,-0.46102,-0.45032,-0.85664,-0.089302,-0.98366,-0.17293,-0.40591,-0.62827,0.13597,0.62803,-0.069744,0.05615,-0.60288,-0.44906,0.83274,-1.2587,-0.38151,-0.84707,-2.0273,-1.1674,-0.61811,0.12192,-0.17579,0.023803,0.64076,-0.72105,-0.29755,-0.35618,0.26266,0.053764,-0.70623,-0.072016,0.44048,-0.14706,0.4295,-0.045458,0.44949,-0.19499,0.46685,-0.13411,0.091099,0.076717,-0.16364,-0.96363,-0.93107,-0.20956,0.64016,0.25137,0.31713,0.12258,0.055086,0.18642,0.33044,0.24779,-0.24441,0.14546,-0.088729,0.54885,0.72286,-0.077745,0.38745,0.3927,0.75837,0.28882,-0.80387,0.12544,0.70175,0.21896,0.040945,0.020544,0.062105,-0.77134,0.31242,-0.17024,0.75503,-1.4203,0.4263,0.074001,0.76466,0.61892,0.60901,1.2442,0.68047,0.39106,0.54629,9.967e-05,0.63716,-0.5904,0.98928,0.10319,0.5753,0.066527,-0.25251,0.87294,1.3283,0.96211,-0.63731,0.67175,0.38656,-0.2846,0.40644,0.93285,-1.24,-0.59872,-0.30761,-0.37635,0.052587,0.48382,0.55076,0.20117,-0.11459,-0.73297,-0.73874,1.3608,-0.50008,0.39595,1.0701,0.4023,-0.66181,0.56576,-0.0039452,-0.43738,-1.2372,-1.4048,-0.40952,-0.68636,-0.68249,-0.33407,-0.03174,-0.32973,0.45598,-1.1253,-1.8312,-0.25151,-0.26191,-1.1097,0.19702,-0.57852,-1.5577,-0.48589,0.25364,-0.5157,-0.17851,-0.14073,0.31028,0.15274,0.64617,-0.36554,-0.043834,1.2909,0.66904,0.45044,-0.45741,-0.15099,-1.0389,0.10151,-0.16141,0.11333,0.95127,-0.30108,0.15086,-0.16697,-0.45994,-0.64853,-0.65628,0.18773,0.063636,0.9324,0.26976,-0.14768,-0.33135,-0.22558,-0.28529,-0.69926,-0.96979,-0.14656,-0.54745,-0.109,-0.2753,0.47443,-0.87685,0.44455,0.2308,-0.07711,0.016827,0.50731,-0.025783,-0.40657,0.02674,-0.74988,0.094159,-0.21694,-0.51258,-1.5437,-1.3735,0.23868,-0.99088,-0.49476,-0.52078,0.85092,0.030578,0.49896,0.12604,0.15187,-0.35844,-0.40612,0.46764,1.2687,0.37658,0.32883,-0.052533,0.55152,0.19916,1.2861,0.020331,0.49372,0.26847,0.092434,-0.85145,-0.76791,-0.19505,0.026878,-0.72421,-0.28104,0.068407,-0.62119,0.57541,0.16921,0.071853,-0.034806,0.21363,0.58104,0.66392,1.3704,0.60445,1.0074,0.091032,0.9671,-0.11588,-0.39436,-0.25903,-1.7072,-0.57741,-1.6436,-0.6306,-0.59609,-0.18776,0.39944,-1.5008,-0.91142,-0.26055,-0.73651,0.10631,-0.10638,-0.28562,-1.0637,-0.80598,-1.0067,-0.92681,-1.324,-0.75345,-1.2383,-0.92286,-0.28623,-1.1841,-1.0777,-0.79096,0.02325,-0.58773,-0.90895,-0.45764,-2.7363,-1.3119,-2.0687,-1.4614,0.45439,0.92839,0.90575,1.2431,0.18007,-0.36064,0.15961,0.35132,0.39554,0.47879,0.3854,0.34475,0.67881,-0.10136,-0.23234,0.66353,0.69482,0.50002,0.5055,0.061452,-0.24576,0.14177,-0.13762,0.2567,-0.43848,-0.53877,0.3527,0.36256,0.48334,0.49662,-0.052668,0.42187,0.39532,-0.32959,0.22552,0.059639,0.13953,0.032372,0.19618,-0.31429,-0.60582,-0.064405,-0.71561,-0.93354,-1.0979,-0.83702,0.27057,-1.127,0.1294,-0.23166,-0.44959,0.19125,-0.10792,0.42858,-0.33945,-1.4,0.55728,-0.18579,-0.35991,-1.2555,0.67123,-0.029283,0.18902,-0.21212,-0.60965,0.6344,-0.015356,-0.24169,1.0092,-1.1847,0.14969,0.2906,-0.53952,-0.5706,-0.14745,-0.61384,0.72145,-0.15418,0.51918,-0.16336,-0.044953,0.35866,-0.91045,0.22572,0.37118,0.099554,0.51029,0.50973,0.19565,0.93035,-0.3829,0.50543,0.13172,0.24165,0.25573,-0.80111,0.96016,0.14392,0.94388,-0.11188,0.27483,-0.11142,0.89855,0.16748,0.27763,0.36806,0.62564,-0.53736,1.0421,0.63008,0.34035,0.51273,0.1558,1.0121,0.7238,0.55816,0.66171,-0.058172,0.76246,-0.075917,1.2325,0.2773,-0.06903,-0.95944,-0.80225,-0.29979,0.17897,-1.6532,-1.1279,-0.60807,-0.78218,0.34902,-1.3884,-0.54105,-0.50292,0.066722,-0.41968,1.216,-0.38579,-0.46169,-0.45086,0.54161,0.020315,-1.1624,-1.1404,-1.1503,-0.3169,-1.2809,-0.81868,-2.311,-2.0016,-0.21099,-0.054277,-0.21889,0.26717,1.155,-0.71273,-0.032369,-0.25239,0.57614,0.91087,0.44829,1.5911,1.3723,0.0164,1.3235,1.2198,1.1436,0.35522,-0.23929,0.51601,-0.081247,0.27276,0.094781,0.63226,0.38761,-0.1729,0.91838,0.50463,-0.79288,-0.8564,0.47285,0.31686,0.52269,0.36211,-0.91633,0.27256,0.2967,0.61264,1.1286,-0.28424,0.2061,-0.40033,0.63063,0.30607,0.32051,0.92933,-1.1554,0.11241,0.87562,0.40621,0.20986,1.6238,1.4443,-0.26089,0.49991,0.66415,0.41422,-0.43396,0.036015,0.45994,0.059955,0.14972,0.88469,0.62804,0.38765,1.2413,0.32968,1.275,0.41489,1.3462,-0.21347,0.69888,1.0685,1.4504,0.72061,0.62485,0.77028,1.1056,0.30364,0.643,-0.077455,-0.24491,0.69089,0.46145,0.16377,-0.32468,-0.10963,-1.3405,-0.53221,-0.7227,-1.0363,-0.72898,0.13765,-0.47392,-0.37199,0.055543,-0.066521,0.0089797,0.3355,-0.994,-0.72663,-1.2869,0.27745,1.2623,0.58649,0.95842,0.051499,-0.3554,-0.88126,-0.21485,0.92864,-0.45694,-0.71643,-0.57165,1.3346,0.8223,0.58556,-1.0461,-0.085301,-0.68468,-0.43771,-0.49267,0.41798,0.49869,0.79928,1.0245,1.213,1.3032,0.060179,0.19942,0.86978,0.19421,0.53264,0.53323,-0.25547,0.13241,-0.13649,-0.10268,-0.43271,-0.54288,-0.13933,-0.18435,-0.52915,-0.56641,-0.18842,0.61401,-0.32424,0.020094,-0.94591,1.1223,0.59154,-0.2315,0.1533,1.0517,1.4075,0.98164,0.021577,0.51029,1.0078,-0.15734,0.42197,-0.17371,-0.92541,-0.7468,-0.99131,-0.86042,-0.13142,-0.55369,0.56138,-0.82874
-0.39749,0.22771,-1.9659,-0.84954,-0.53851,-1.1243,-0.70588,-0.33758,0.11494,0.23649,0.75097,-0.51158,-0.41957,0.43255,-0.23816,0.53575,-0.054445,0.141,0.084214,0.72639,1.3267,1.1775,0.98571,0.75581,0.7743,1.616,1.3976,1.3175,1.7471,2.0428,2.1333,2.3803,1.7523,2.1322,1.5485,1.4048,1.0674,1.2542,1.5071,1.1236,1.4452,1.4693,0.86978,1.4616,0.37406,1.3123,1.3396,1.5684,1.3721,1.2479,0.76888,0.2771,0.67692,1.3959,1.2578,2.1694,1.513,1.7275,1.6412,1.0466,1.3202,0.45864,0.89486,1.1467,1.3197,1.6982,0.79395,1.5362,1.1043,1.0884,0.13219,0.79029,0.50046,-0.44868,0.38105,1.2776,0.23827,1.1896,1.3342,1.3001,0.94324,1.6448,1.4498,0.53614,-0.48195,0.47758,0.22916,0.55148,0.51726,0.53052,0.95236,1.3985,0.52852,1.1905,0.29095,1.9096,1.2547,-0.14984,-0.18807,-0.57843,-0.50409,-1.0389,0.42851,-0.10783,1.2405,1.9958,2.1436,-0.0079776,0.49254,0.80852,1.0279,1.0864,0.41172,-0.031571,-0.5032,-0.39656,-0.9973,-0.58149,-0.57775,-0.64098,0.3351,-0.94211,-0.42651,-0.69994,-1.079,-0.82822,0.075464,-0.36814,-0.711,-0.73016,-1.0319,-1.3782,-2.0571,-2.0296,-1.9161,-1.4644,-1.6309,-0.86953,-1.4493,-1.0652,-1.7574,-0.86375,-1.07,-1.3125,-1.4614,-1.7279,-2.1653,-2.289,-1.9382,-2.67,-2.6253,-2.8206,-1.5816,-0.5544,-0.78477,-0.82343,-1.5383,-1.3571,-0.92852,-1.7404,-2.0886,-1.424,-1.7783,-2.1694,-1.2953,-1.4167,-1.421,-1.9102,-1.1265,-1.0006,-0.54899,0.13302,0.23161,0.3313,0.77628,0.13827,0.38744,-0.067205,0.14285,-0.11523,0.33199,1.283,1.1879,1.3163,1.661,1.2898,0.63175,1.3778,0.83173,1.7248,2.6503,2.4313,1.2761,2.1952,0.726,0.56109,-0.31888,0.29283,0.52579,-0.42166,-0.58713,-0.56603,-1.4222,-0.95279,-1.4487,-1.5092,-2.1871,-2.0918,-1.907,-1.5004,-0.97719,-1.2139,-1.1638,-0.90099,-0.27775,-0.71145,-1.1892,-0.8437,-1.3668,-1.9468,-0.48881,0.013016,-1.2722,-0.74122,-0.81707,-0.2008,-0.28215,-0.058485,-0.43052,0.20018,0.6999,1.0657,1.1924,0.26752,-0.11241,0.47287,0.91976,0.4713,0.38482,0.87918,0.94332,1.2963,0.68312,0.55265,-1.0556,-0.65712,-0.79891,-1.4204,-1.4102,-0.84884,-0.40628,0.15683,1.0747,-0.20618,-0.054102,0.031771,1.3052,0.63103,-0.11327,-0.022883,-0.10833,-0.18623,-0.6502,0.089536,-0.35383,-0.84357,-1.0698,-1.3556,-0.65867,-0.52635,-0.95323,-0.91462,-0.95669,-0.58996,-0.48941,-1.0695,-0.66535,-1.1701,-1.4589,-0.96434,-0.73193,-1.3823,-1.6099,-1.319,-0.83446,-1.0565,-0.57055,0.093985,-0.21446,-0.099001,-0.58429,-0.08326,0.26235,-0.57019,0.43647,-0.018715,0.268,0.38659,0.20992,-0.8265,1.2178,0.43137,0.54411,0.72953,1.0299,0.26372,0.58741,1.1627,-0.4257,-0.35464,-1.7274,-1.8144,-1.2005,-1.1639,-0.94723,-0.63564,-0.91038,-1.0989,-1.3601,-2.2535,-2.278,-2.0772,-2.5101,-2.2274,-0.95766,-1.6918,-1.6926,-1.7061,-0.68395,-0.98084,-1.2252,-0.42115,-1.0381,-0.40461,-0.84412,-0.10678,-0.55574,-0.32888,0.020649,0.43338,-0.61411,-0.30319,-0.78938,0.97958,0.86357,0.47859,1.8237,1.8946,1.3702,0.45764,1.3462,-0.59468,-1.2638,0.080564,-0.76815,-0.24001,-0.71317,0.77108,0.23637,0.52097,-0.021029,-0.7822,-0.53447,-1.249,-1.1893,-2.0771,-1.2611,-2.5027,-1.7845,-1.2328,-0.010109,0.55777,0.6986,0.51427,0.17709,0.06389,-0.31931,-0.90683,-0.77197,-2.1945,-1.8214,-1.6102,-1.6039,-1.1795,-0.44428,0.31645,0.6297,-0.26374,1.2246,-0.027842,0.70422,1.7724,0.49843,-0.41283,-0.64702,-1.2309,-1.7464,-1.6343,-1.8689,-2.1908,-1.5612,-0.53893,0.014014,0.045348,-0.46291,-0.31685,-0.65473,-0.071891,-0.79573,-0.20852,-0.7253,-0.79338,-0.031563,0.35915,0.3695,0.041131,0.076369,-0.10974,0.21577,-0.12388,0.13707,0.2652,0.16058,0.42854,0.2479,0.43404,0.53694,0.069083,0.13682,-0.15081,-0.60557,0.014666,-0.061629,0.50092,-0.4479,-0.19192,-0.37987,-0.6151,-0.29548,-0.033826,0.34508,-0.79291,-0.0049818,0.074735,0.4377,0.10781,-0.47984,0.79336,0.74465,0.95234,1.9173,1.1202,0.041223,-1.034,-0.42222,-0.64967,-1.0709,-0.90759,-0.86534,-1.0688,-1.1231,-1.1296,-0.5289,0.58434,0.19986,0.32988,0.38879,0.51267,0.90074,0.91124,-0.093309,-2.0631,-1.2405,-0.83928,-1.1181,-1.1727,-0.29805,0.16739,0.18684,-0.18196,0.7447,0.36986,1.3432,0.99521,1.4816,1.488,1.4719,0.98699,0.76281,1.1646,0.97753,-0.026192,0.51613,0.7011,0.7053,0.69419,0.78257,1.1992,1.2671,1.6128,1.4411,1.6417,1.4624,1.3381,0.13505,-0.37103,-0.70922,-1.3927,-1.1798,-1.2653,-1.5723,-0.78238,-1.332,-0.82379,-0.65131,-1.0764,-0.11806,-0.51143,-1.367,-0.56555,-0.44891,-0.56919,-0.23829,0.10185,-0.16196,0.015502,0.85034,1.2518,1.234,-0.20266,-0.56541,-0.2267,-1.8736,-1.9181,-1.9732,-0.24253,-1.433,-0.67683,-0.25732,0.045759,-0.27624,-0.62095,0.55268,-0.47189,-0.4701,0.87997,0.94512,0.32696,1.3067,-0.018256,1.2623,1.2637,0.07947,0.671,1.2437,0.80203,0.85346,0.21223,-0.13381,-0.5482,-0.21218,-0.47453,0.22341,0.19604,-0.4777,0.18897,-0.70323,0.066214,0.14901,0.12576,0.095613,1.3353,1.2939,1.0976,1.0442,0.52109,1.5631,1.2964,0.93327,1.1811,1.1756,-0.081771,0.3647,-0.61672,-0.51614,-0.3489,-1.6635,-0.78283,-0.75712,-1.2479,-1.3614,-0.81667,-1.3201,-0.97127,-1.6703,-1.4013,-2.4758,-2.1891,-2.2,-1.8052,-1.7793,-1.8944,-1.7897,-2.1343,-1.5572,-2.8589,-2.4592,-2.2351,-0.67089,-1.2242,0.5788,0.48959,-0.3601,0.49276,-0.2972,-0.54984,0.18302,-0.37925,0.58736,0.3601,0.79038,0.91346,1.4866,1.581,1.7187,1.1621,1.0549,1.354,0.35287,-0.035409,0.38523,0.11888,1.0059,1.2809,0.54275,1.5403,1.5291,0.6883,1.051,1.3119,0.89035,0.39398,0.51938,0.34133,0.33666,0.31841,0.78726,0.58781,0.31135,0.15832,0.41685,0.62934,1.4496,1.8213,1.1853,0.69939,1.0797,0.38386,0.19555,-0.14697,-0.0085921,-0.51905,-0.88656,0.30778,-0.42246,-0.28669,-0.81482,0.051337,-0.5907,-0.66156,-0.64571,0.12239,1.5793,0.88116,1.3163,1.3329,1.2417,0.42315,0.462,0.37436,0.37885,0.39054,1.2097,1.6685,1.196,0.8027,-0.10507,-0.24162,0.1221,-0.16959,0.069265,0.30988,1.0303,-0.4959,-0.36018,-0.53671,-0.72087,-0.83714,-1.094,-1.2195,-1.0707,-0.58324,0.77463,0.71546,1.3354,0.10738,0.043042,0.74713,0.32107,0.1874,1.2541,-0.28406,0.97907,1.3417,2.2787,1.3442,0.61557,1.254,0.57147,1.1097,0.84413,0.49908,1.3067,2.0939,1.9916,2.1896,2.4138,1.2163,1.6597,1.5689,1.5219,0.9938,1.6132,1.0126,1.5093,1.5657,1.8475,2.946,2.5805,2.267,1.7476,1.2405,1.1942,1.5208,1.2454,1.5982,1.5577,1.0577,1.1989,0.64912,0.90785,0.57028,0.93172,0.36305,0.50906,0.79385,0.33056,1.0637,0.091796,-0.59154,-0.20697,-0.56135,-0.34656,-0.71464,-1.0996,-1.2034,-0.70757,-1.0016,0.20104,0.47429,1.5501,1.0039,0.76148,0.53065,0.66817,0.62706,-0.05321,-0.33226,-0.38584,0.063508,0.87905,0.227,0.72282,1.1432,-0.23928,0.95126,1.8413,1.5502,0.94494,-0.13058,0.48789,0.22893,1.6345,0.84934,0.88016,0.62878,0.13849,0.84043,0.77756,1.1191,1.2241,1.1561,1.1638,1.7471,0.8266,1.0695,0.69784,0.30106,-0.22861,-0.081627,-0.29554,-0.77244,-0.62254,-1.252,-0.27502,-0.34813,0.038575,0.64518,0.76118,0.54897,1.557,1.3232,1.3592,0.43893,0.45007,-0.37547,0.74454,0.2608,0.56063,1.1424,1.1486,1.7476,1.2367,1.4177,0.82632,1.5959,2.6452,2.5207,2.1048,2.233,1.8112,2.6535,2.0351,2.3285,2.1139,2.6585,1.6567,3.2739,1.982,1.1329,-0.30314,-0.23632,-1.0005,-1.0797,-1.4113,-0.74243,0.59736,-0.67332,-0.44714,-0.90695,-0.88376,-0.10938,-1.0896,-0.53604,-1.3209,-0.77503,-0.26804,-0.0028919,-0.70843,-0.15446,-0.081716,0.16157,0.38832,-0.075874,-0.13263,0.16815,-0.22318,0.089897,0.67391,0.522,0.88892,1.4313,1.0743,0.3369,1.0718,0.7505,0.43047,0.17223,0.17347,0.38455,-0.060247,0.42953,0.74718,0.86444,0.58087,1.2435,1.2353,0.7234,1.3571,1.1387,1.7594,0.77557,0.72699,0.81493,1.0339,1.0758,0.80534,0.86615,0.5048,0.44517,0.33225,0.37808,-0.062666,0.068479,-0.14772,0.32196,0.812,0.82716,1.3846,0.23979,0.49187,-1.2119,-1.6003,-0.83504,-1.0974,-0.93426,-0.30508,-0.81383,-0.36465,0.13391,-1.4621,-1.1805,-1.1335,-0.62007,-0.75135,-1.2666,-0.53987,-0.99662,-1.0758,-0.83272,-1.4928,-1.8648,-1.9418,-0.92535,-0.73058,-0.44912,-0.052474,-0.92077,-1.8899,-0.66594,-2.1989,-1.0235,-2.5514,-2.0417,-1.9123,-1.6694,-2.0403,-2.0718,-2.6614,-2.3333,-1.5919,-1.532,-1.2875,-0.96639,-1.2909,-0.48685,0.22438,0.46286,0.94112,0.66976,1.3982,1.0191,0.62353,0.15734,0.3928,-0.60766,-0.15737,0.3694,0.34185,0.35607,0.26005,0.86564,1.6584,0.77839,-0.04615,0.13922,-1.6117,-1.1494,-0.14354,-0.74067,-0.67845,-0.91455,-1.1013,-1.1719,-1.3476,-1.6384,-1.2705,-1.6309,0.11738,-0.18017,1.0246,0.15151,0.72129,1.1328,0.60649,0.88669,-0.40278,-0.55046,-0.48094,-0.31462,-0.62196,-1.6473,-1.4663,-1.1609,0.072181,0.69821,0.12015,-0.60634,-0.55912,-0.18693,-0.51416,-0.57582,-0.69985,1.4336,0.15441,-0.090771,0.59798,0.55056,0.25195,0.13286,0.41519,-0.19316,0.21681,0.35371,0.60551,-0.17429,0.1006,0.90093,0.27415,0.38733,0.071524,-0.048582,0.0081918,0.11518,-0.47424,-0.93185,-1.2965,-0.85175,-1.6569,-1.5301,-1.2736,-0.22871,0.3432,-0.1982,-0.86892,-1.6042,-0.76746,-0.33672,-0.063975,-0.56747,0.28079,0.13123,0.21726,0.065492,-0.57566,-0.59311,-0.81857,-0.21547,-1.5008,-1.1883,-0.82285,0.098471,0.5504,0.11001,-0.62578,-0.43308,-0.71621,-1.0584,-0.95273,-1.5128,-1.2677,-0.9962,-0.83628,0.3083,0.62422,0.36738,0.85746,0.97651,1.5951,1.0254,1.5359,1.1425,1.273,0.64709,-0.12046,0.27006,-0.3263,-0.025496,-0.08753,-0.87968,-1.0301,-1.4371,-0.79414,-1.2305,-0.45577,0.11535,-1.5925,-1.8575,-1.6168,-1.6047,-0.87034,-0.040107,0.20041,0.46845,1.1913,0.69797,0.29756,-0.41479,-0.6668,-1.6131,-1.8018,-1.1154,-1.667,-1.0117,0.14769,-0.56205,-0.15558,-0.43741,-1.3288,-0.91198,0.024786,-0.082756,0.2684,0.23299,0.48193,0.62907,-0.456,-0.27421,-0.68038,-0.39122,-0.30016,1.305,1.1197,0.98355,0.52879,1.0235,1.0636,0.69154,-0.6988,-0.68586,-0.99322,-1.2787,-2.2207,-1.0733,-1.0246,-0.69564,-2.2162,-1.8213,-1.4239,-1.8904,-1.2487,-1.5979,-0.65247,-0.81624,-1.1245,-0.43373,-1.1771,-0.24006,-0.1299,0.15034,0.62608,0.60881,0.41419,-0.60905,-0.1653,0.16489,-0.084818,0.36231,0.30218,-0.25185,0.69854,1.0355,0.56129,0.10353,0.56959,0.62971,0.82346,0.87149,0.65695,1.1528,0.91543,0.43634,-0.61187,-0.38423,-0.46306
1.9514,0.68195,0.87493,0.38789,-0.35634,0.91828,1.7335,0.63674,-0.78821,-0.23649,0.47326,0.98391,0.27703,-0.65155,0.056104,0.24067,0.58163,-0.14032,0.084092,-0.32902,1.0126,2.1206,0.43675,0.27371,0.49368,0.69573,1.0368,0.87149,-0.3658,-0.77666,-0.95145,0.5598,-0.21308,-0.60142,-1.2142,-0.90729,0.24745,1.7115,-0.69574,-0.998,-0.081928,-0.10023,1.3941,0.37943,2.0393,0.37841,0.67833,0.27908,-1.0529,-0.95142,-1.2018,-0.78011,0.91509,0.23078,-0.23596,-1.7446,-1.1506,-0.03439,0.41672,-1.0265,-1.1571,-0.565,-1.3151,0.39301,-0.10607,-1.2013,-1.8923,-1.8097,-0.2618,-0.29778,-0.84744,-1.4687,-1.6826,-0.30588,0.68846,-0.89279,-1.0663,-1.6415,-1.8665,-0.68297,-1.0254,-2.696,-2.6224,-1.3926,0.11647,-0.84238,1.1143,-1.3148,-0.46007,0.59746,1.2165,0.77052,1.126,1.339,0.85847,0.97418,0.031392,-0.042452,-0.14362,0.39667,-0.6011,0.17861,0.17314,-0.60932,-0.78963,-0.95012,-0.0684,0.40108,-0.43244,0.42578,1.4959,0.9348,0.30961,0.56884,0.42618,0.77524,0.76849,1.4425,0.033935,-0.27301,0.59941,0.80027,1.0333,0.0085196,1.0225,2.0976,1.1383,1.7001,1.5275,0.40414,0.97342,1.1596,1.1525,0.98507,1.865,1.8213,-0.60353,0.087952,0.93318,-0.016695,0.080127,0.2595,1.3103,1.2308,0.18339,0.42365,0.78445,1.6763,1.2183,1.7871,1.4033,1.4341,1.1327,-0.2005,0.78899,-0.94237,-0.47365,0.048236,-1.2309,-0.74487,1.1644,-0.83161,-0.39006,-0.21989,-0.44056,-0.19045,0.59052,-0.51359,0.74099,1.4646,0.97724,1.2426,-0.16432,0.71557,1.0365,0.99476,0.22485,0.24445,0.45817,1.5496,0.30189,0.80061,0.67401,1.1764,0.94904,0.40448,0.12667,-0.1517,-0.23674,0.77441,0.030241,0.16096,-0.56134,0.32193,0.47088,0.21822,-0.86664,0.71355,-0.19635,-0.39488,0.32128,-0.78827,-1.1856,-2.348,-1.2122,-0.9273,-1.4664,-0.10955,-0.15273,-0.11468,-0.5866,-0.67019,0.010547,-0.49583,-0.2456,-1.1881,-1.2173,-0.27368,0.60623,0.063295,-0.61353,-0.7818,1.3736,0.95805,0.24844,-0.37105,-0.57811,0.37779,1.7832,0.55907,1.6958,-0.22647,0.28831,0.69836,-0.053342,-0.82129,-0.63296,0.27273,0.055904,-0.32213,0.60988,0.02135,-0.18748,-1.345,-0.025191,0.56488,0.55406,0.54731,0.67028,0.47339,-0.10483,-0.51753,-1.6751,-1.5022,0.31043,-1.1414,-0.71398,-1.4576,-1.9022,0.081847,-0.5983,-1.1585,-0.68603,-2.1155,0.41559,-0.35227,0.40874,-0.91663,-1.1489,-1.3745,-1.1478,-0.74126,-0.63058,-2.6714,0.031887,0.33331,-0.7193,0.42086,0.72062,0.8592,-0.26078,0.63246,0.55503,1.532,1.9654,1.9518,2.0884,-0.16638,-0.55713,-0.38527,-0.24353,-0.066922,-0.62693,-0.25776,0.29861,-0.58999,-0.57106,-0.54402,-0.23492,0.43266,0.011275,0.37608,-0.62606,0.33721,0.52375,-0.48268,0.46256,0.47291,0.50287,-0.54618,0.47151,0.096937,-0.56241,0.46446,-0.42996,-0.28723,-0.53394,-0.34387,-0.7123,-0.23254,-0.72196,0.04683,-0.81692,-1.0432,0.85698,0.50904,0.92653,0.34102,-0.49818,-0.33829,-1.0213,-0.5127,-0.79641,-0.23,-0.61395,-0.5029,-0.11359,0.84534,0.72854,0.11598,-1.2901,0.37771,-0.23852,-0.62197,-1.3551,-1.219,-1.0532,0.50213,-1.445,0.27796,-0.1864,-0.52745,-0.3606,-0.27048,-0.95628,-0.14311,0.68504,-0.16051,-0.99679,0.034926,-0.70313,-0.39519,-0.019439,0.72876,1.186,1.5009,1.3046,2.1108,0.81831,0.65142,-1.2935,-0.029906,-0.099025,0.20949,0.90423,-1.4853,-1.982,-1.1451,0.36085,-0.82145,0.33779,-0.63984,-0.7955,-0.62883,-1.1957,-0.65963,-1.4999,-0.95047,-1.1552,-1.4554,-1.5321,-1.4547,-0.9379,-0.73914,-1.1883,-1.0444,-0.69746,-0.88748,-0.91972,-1.3457,-0.97839,-1.7656,-0.36798,-0.20116,0.26305,-1.1868,-0.53957,-2.0313,0.12916,0.17455,-0.45951,-0.0019819,-0.1504,-0.24873,-0.28953,-0.18665,-0.22703,-0.65083,-2.1731,-0.73608,-0.48629,0.36362,1.6736,0.29794,0.1937,1.0954,1.2167,-0.11597,-0.12962,-0.95306,0.065149,-0.31748,0.86379,-0.38581,0.92563,0.77753,0.65856,0.94081,0.4857,1.1751,0.31603,0.26344,0.3076,0.97086,0.59895,1.7053,1.1279,0.056974,0.37074,-0.048665,-0.18779,-0.036212,-0.086983,-1.2486,-0.55586,-0.042679,0.38629,-1.0372,0.20801,-0.063689,0.96714,0.025852,0.13955,0.95286,-0.27798,-0.075127,-0.14955,-0.50557,-0.39615,0.10471,-1.2252,-0.085362,0.17099,0.33908,1.0216,0.07076,0.07296,-0.38504,-0.27554,0.46318,-0.36051,-1.2317,-0.68804,-0.73089,-0.81628,-0.42519,-1.027,0.72166,1.153,0.78633,0.3038,0.80765,1.1563,0.27414,-0.012913,0.85429,0.095301,0.53757,0.052985,0.61628,-0.6811,-1.2772,-1.1257,-0.50211,-1.5674,-0.10517,-1.074,0.26208,-0.29045,-0.69823,0.28691,-0.41485,-0.19589,0.5995,0.65667,0.76843,0.54671,0.26077,1.5465,0.70387,-0.14289,0.94602,1.552,1.4599,0.54114,0.16811,0.74762,0.88816,1.2901,0.403,0.72053,0.0053354,0.23932,1.212,2.3735,0.38555,0.8674,0.014881,0.24361,-0.1035,-0.92667,-0.75434,-0.15997,-0.93955,0.50295,-0.92631,-0.23491,-1.9659,1.8348,3.0618,-0.91893,1.1321,-0.12722,-0.21174,-0.34654,-0.77529,-1.1281,-0.27412,-0.72164,-0.38181,-0.67392,-0.59291,-0.23744,-0.63526,-0.27782,-0.059822,0.58564,-0.37764,0.31702,0.92657,1.173,0.6354,0.15578,0.14868,-0.090359,-0.42126,0.050789,-0.99513,-0.22791,-0.49809,-0.56862,-0.32211,0.13146,0.41166,0.4088,-0.53086,0.36843,-0.14449,0.10413,0.71214,1.4904,0.49349,0.68787,0.50001,0.0726,-0.19909,-0.15379,-0.18732,-0.1092,0.17939,0.47947,0.33924,0.41892,0.83425,0.035837,0.74284,1.742,0.58319,0.28555,0.4617,-0.64317,-0.48394,0.47501,-0.25802,-0.79869,-0.22566,0.28162,0.14885,0.92187,-0.48787,-0.96564,-1.0856,0.091244,-0.41018,0.019438,-0.49419,-0.43082,-0.92717,0.21167,0.22308,0.16348,-0.39474,-0.22054,1.6903,0.65569,-0.34791,0.45039,-0.16421,0.28703,-0.29076,-0.87522,0.33772,2.3086,1.59,0.56961,0.3124,-0.43772,-1.3329,-1.0836,-1.3092,0.21166,-0.21126,-0.52501,1.7231,-0.058645,0.82281,0.36569,0.57715,0.86132,1.7389,1.2086,-0.041854,1.4894,0.45383,1.5772,-0.38796,-0.81865,-0.68537,-0.21441,-0.058631,0.93989,0.18625,-0.36667,-0.21752,-0.91701,0.03254,-1.1427,-0.62942,-0.46427,0.95807,-0.43577,-0.20443,0.51467,-0.4179,2.068,0.082715,0.63914,-0.88838,0.88577,0.3107,0.2127,0.53051,-1.2753,-0.15214,-0.62222,0.60798,0.019725,-0.27874,-0.25277,-0.59965,0.91433,-0.11875,-0.93596,-1.288,-1.4344,-0.57469,0.46985,-0.63838,-0.24789,1.3953,0.25232,0.68932,-1.0127,1.4984,-0.35509,-0.56309,-0.066388,0.015751,-0.48391,-1.6541,0.34088,-0.47842,0.39904,0.0098487,-0.93735,-1.1597,0.20584,-0.20677,1.0106,-0.849,-0.031992,0.025218,0.63539,-0.20196,-0.043867,-1.2376,-0.35606,0.15903,-0.89708,0.19504,-0.13554,-0.040165,0.6112,0.3062,0.6172,0.58056,-0.14989,0.14431,0.98548,0.44965,1.1344,-0.22689,0.75302,1.6152,-0.54985,-0.035933,0.75051,-0.62995,-0.92313,-0.31913,0.38268,0.8618,0.22836,-0.58769,-0.85488,0.0032695,0.73274,0.13259,-0.66562,-0.16457,-0.28261,-0.59538,-1.6297,-1.2476,-0.08753,-0.39808,0.97781,0.51761,0.76357,-0.19595,-0.48143,0.33334,-0.17813,0.67202,-0.88377,-0.12359,-0.42,0.047459,-0.53977,-0.37603,-0.31126,-0.59289,-0.4141,-1.0715,-2.462,-0.70339,-0.069303,0.22199,0.19074,-0.55611,-0.66205,0.19365,1.0194,-1.1409,-2.0964,-0.86508,-1.0442,1.0622,0.97634,0.11601,0.27518,-0.32776,-0.60555,0.79863,-0.15436,-0.73171,-0.066056,0.22377,-0.40067,-0.94018,-0.88597,-0.78583,-0.32983,0.59752,-0.29096,-0.076826,0.48412,0.16502,0.60174,0.93731,0.9673,-0.0098629,0.059863,1.3965,1.0039,0.46475,-0.19551,-0.76411,-0.92644,-0.78901,-0.24847,0.10687,-0.86074,0.029096,-0.56274,-2.1307,-0.26882,-0.79305,0.90174,-1.1733,-1.1478,-0.36933,-0.08279,-0.69992,-0.14594,-0.20644,-0.17231,0.85339,0.10984,0.30953,0.69381,0.69512,0.64712,-0.26416,-0.15313,0.062735,0.059235,-0.82725,-0.31251,-1.6084,-0.37481,-0.44546,-1.0622,-1.1221,-0.7836,-0.8943,-0.44791,-1.3477,-0.8593,-0.03604,-0.30783,-0.88013,-0.035557,0.66374,0.18085,-0.13267,0.62361,0.036511,0.030477,0.62194,1.021,-0.18925,0.72151,0.41033,0.54214,0.42968,0.85643,0.82508,0.3871,-1.0063,-0.18075,-0.077101,-1.1867,-1.1134,-1.0236,-0.47918,-0.49935,-0.4792,0.53027,-0.16968,-0.18327,0.57968,0.54262,1.1686,-0.27942,-0.27625,0.14489,0.36656,0.014959,0.72744,-0.14965,0.15374,-0.52979,-0.22318,-0.5643,1.587,0.41982,1.2893,0.20189,-0.74847,-0.096054,-0.6629,0.34995,-1.6526,0.36296,0.53685,-1.742,-1.9507,-1.9775,-1.6163,-0.95421,-0.060718,-0.66116,-1.9134,-0.65212,-1.2153,-1.0842,-0.37994,-0.32065,-0.12082,0.07055,0.5431,0.57461,0.075099,1.2534,0.60035,-0.2227,0.18359,-0.046236,-0.073207,0.66838,0.063676,-1.0037,-0.25971,-0.507,-0.67428,-0.24639,-0.2294,-0.0084224,-0.47925,-0.95346,-0.91257,-0.22658,0.09484,0.24484,-0.071462,0.12334,0.68065,-1.0119,-0.26265,-0.054222,0.026624,-0.021877,-0.98472,-0.21836,0.66549,-0.23141,-0.43244,-1.9211,-1.6488,1.5797,0.38404,0.16934,-0.45998,-1.1763,0.84485,-0.45202,-0.73003,-1.2364,-0.80029,-0.16211,-0.98259,-0.7407,-0.70831,-0.64811,0.14902,-0.50142,-0.29917,-0.56701,-1.3603,-1.1608,0.40691,-1.0351,-0.0075886,-0.80804,-1.2074,-1.0454,0.71886,-1.355,-1.3252,0.63813,1.5236,0.081008,1.7372,0.28513,-0.12163,0.07147,-0.13574,-1.5491,-0.5417,-1.6511,0.16802,0.49092,0.30921,-0.0092315,1.0696,0.61634,-0.06961,2.099,1.0545,1.3971,1.6283,1.2348,0.48126,0.88924,-0.017755,0.10707,-0.091482,1.1045,1.5933,1.3659,-0.43108,-0.62874,1.622,1.0834,-0.33507,-0.80671,0.73559,-1.1671,-0.062057,0.27114,0.24985,-0.29974,-0.15967,-0.24365,-0.0022237,-0.8676,-0.59374,-0.74768,-0.14242,-0.26536,-0.38915,-1.2085,-0.18968,-1.8703,-0.5111,-0.82732,-1.4094,-0.90936,-0.39443,-0.21011,-0.029485,0.075962,-0.35572,-0.0041631,-0.89985,-0.17659,0.41255,-0.52041,-0.85347,-0.99875,-0.52446,-0.40213,0.072564,0.32259,0.97644,0.28816,0.60994,0.46994,0.98576,1.1018,0.36475,-0.23794,1.0199,1.8678,-0.22742,-0.50944,0.78665,0.51573,1.0081,0.33643,0.73143,0.094005,0.29893,-0.62206,-0.17255,0.38761,-0.4457,-0.046254,-0.92206,-1.2393,-0.45889,-0.3013,-0.0054459,0.75945,0.22719,0.62128,0.0010424,2.0043,0.75271,0.83017,0.486,0.80262,-0.98245,0.10508,-1.3172,-0.91386,-0.056145,0.28886,-0.3728,-0.26856,-0.20304,-0.44753,1.028,0.18916,0.036103,0.18645,0.26274,-0.088701,0.84981,0.49607,0.57009,0.34799,0.82901,-0.054672,1.6746,1.4723,2.0561,3.0013,1.5708,0.89052,-0.29072,1.1232,1.0858,1.0629,1.2216,0.62613,0.11239,0.55635,1.1989,0.89579,0.63183,0.44897,0.73506,0.32771,-1.1216,0.10786,0.71592,0.1177,1.0646,0.081562,1.3513,1.0467,0.87152,1.2095,0.63278,1.0652,0.89833,1.62,0.80674,0.98389,0.23177,1.4862,0.93717,2.7254
-0.4557,1.1434,0.66156,0.7393,0.81585,1.5806,1.2876,0.019043,-0.33445,0.53364,2.1647,1.2519,0.74684,1.0845,0.57624,-0.33174,0.75841,0.32141,-0.51774,0.23441,0.82476,1.1613,0.11042,0.64606,0.010041,-0.095998,0.10264,0.19314,0.20427,-0.086038,0.20853,0.39212,0.3669,-0.15392,-0.06049,0.53909,0.53667,0.17635,-0.7253,-0.88547,-3.9906e-05,1.651,0.66909,-0.049853,0.47278,0.24162,1.2765,1.4009,-0.55611,-1.536,0.051181,-1.5085,-0.88284,-0.43605,-1.6536,-0.8049,-0.61451,-0.632,-0.39014,-1.5351,-2.5715,-1.4065,-1.6066,0.66592,0.10901,-1.137,-1.6214,-0.91575,-0.12598,-0.80925,-1.5202,-1.9905,-1.6234,-2.1481,-1.7087,-1.977,-1.5506,-1.8946,-2.4123,-0.8768,-1.6732,-1.6214,-0.70772,-1.1033,-0.81755,-2.2677,-1.8333,-1.2598,-0.15554,0.13999,-0.33876,0.12217,2.2608,-0.70462,-0.29708,-0.66483,-0.96215,-0.56549,-1.1599,-0.51246,0.19933,-1.0526,-2.0681,-0.54855,-1.0254,-0.17176,0.52179,0.17906,0.032813,1.4854,1.4164,1.9938,2.1297,2.4569,3.1059,2.8517,3.0533,2.1064,1.7379,1.8774,2.9854,2.2134,0.19788,0.065981,0.74027,0.83624,0.020935,-0.72907,-0.84879,-1.2555,-0.52616,-0.66231,-1.1073,-1.6583,-1.7052,-2.0464,-1.4499,-1.5082,-1.8682,-1.276,-0.99926,-0.89006,-0.53394,-0.046101,-0.2592,-0.88208,-0.55099,0.53405,0.18536,-0.17784,-0.41914,-0.30523,0.11274,-0.16156,-1.2603,-2.2097,-1.1628,-0.17494,0.71374,0.38727,0.80013,-0.080401,-0.7637,-1.0706,-1.6413,-1.592,-1.9589,-1.2207,-1.2708,0.60125,-0.51448,0.086826,0.039643,0.32813,0.80456,0.28711,-0.18453,-0.28439,0.27505,0.75385,1.3007,0.24035,0.38175,1.0206,1.0206,0.2716,-0.4999,0.84021,0.99759,1.1966,-0.42844,0.32993,-0.80739,0.26832,0.29052,-0.28729,-0.68936,-0.47519,0.29627,-0.21608,-1.6232,-1.3991,-1.0167,-1.4362,-0.7219,-0.76778,-0.8233,-0.40258,-0.8935,-0.24371,-0.30107,-0.6607,-1.5229,-1.0009,-1.8221,-1.7309,-0.5255,-0.16501,-0.48206,1.1253,0.27811,1.2222,1.6337,0.65901,0.75713,1.4842,0.96566,0.68128,-0.1169,0.18874,-0.16615,-0.026211,0.19546,-0.41448,-0.40246,0.24551,1.4769,0.97929,0.59254,0.69549,-0.11066,-0.92394,-0.85754,-0.71365,-1.208,-0.38442,-0.48015,0.21596,0.25068,1.1248,2.1308,0.94963,0.80227,1.3444,0.86806,0.2592,-0.40355,-0.131,0.55584,-1.0349,-0.84273,-0.88657,0.46094,-0.0040771,-0.8562,-1.392,-1.2043,-0.47778,0.89925,-0.84572,-0.47233,-0.86407,-1.6297,-1.0586,-0.93192,-1.4765,-1.5289,-1.6051,-0.62541,-0.40709,0.55365,-0.15138,-0.30919,-0.041444,-0.31971,2.42,-0.073502,0.9474,1.0006,0.098746,-0.3775,1.0021,0.65389,0.46579,0.25422,0.29174,0.82289,0.24417,0.42692,0.26871,0.26237,-0.12667,1.3356,0.18024,0.16145,0.39727,1.2113,0.41471,0.14625,-0.50335,-0.54031,-0.84776,-0.5984,-0.0089885,-1.294,-1.1426,-1.9664,-1.7148,-0.99781,-1.5599,-1.2476,-1.1159,-0.50675,0.54496,-0.1279,-1.5427,-1.1163,-0.16201,-0.0014566,0.99004,-0.60355,-0.0029451,0.57414,2.2424,2.5909,1.618,1.9322,1.5137,2.2657,2.9813,2.4224,2.1419,1.6729,1.7255,1.5247,-0.046882,0.007265,-0.65506,0.40785,0.88369,1.4792,0.45037,-0.2748,0.0075322,0.43723,1.0169,0.87441,0.3367,0.64525,1.1732,1.7609,1.7712,-0.18695,1.1886,0.75924,1.475,1.7392,1.7289,0.80439,1.2953,0.5738,1.842,0.59613,-0.62981,0.15165,0.76536,-0.96165,0.0084246,-0.87348,-0.66324,-0.38856,-0.35055,-0.63037,-1.3246,-1.2951,-1.1,-0.63561,-0.37771,-1.8593,-1.7447,-2.1058,-1.0075,-0.94978,-1.4394,-1.7501,-1.3275,-0.26453,0.39959,-0.22346,-0.12232,0.35083,-0.91001,-1.3499,-1.2463,-2.167,-1.0423,-1.5596,0.44236,-0.22352,-0.094098,-1.0133,0.61112,0.9965,1.1297,0.47497,-0.39077,-0.082904,0.36245,0.62923,-0.38818,-0.54298,-0.6278,-0.91794,-0.21942,-0.47835,2.4042,0.17818,0.76066,0.022717,0.10232,-1.647,-1.5515,-0.77817,0.11939,0.078602,-0.30808,0.21273,0.10937,1.0955,0.57217,0.52221,-0.10211,0.50062,1.0308,1.4226,0.4974,1.3821,1.4714,1.6483,1.4682,-0.96079,-1.3872,-1.0553,-1.1984,-0.65717,-0.32286,0.30014,0.9041,1.8326,2.2576,0.80349,0.79506,0.96682,2.7521,1.0431,1.388,0.38268,0.91084,1.4865,0.98735,0.3824,0.61353,0.58341,1.2869,1.1667,-0.29446,-0.21431,-0.15006,0.33869,0.14377,-0.3086,0.71107,0.57217,1.3779,1.3869,1.0188,0.33648,-0.32999,1.2233,1.3414,0.35384,0.068403,0.80395,0.69003,0.56062,-0.46096,0.23899,-0.22755,0.2228,0.83773,0.013682,-1.2606,-1.8965,-0.58145,0.33514,-0.36543,-0.83346,-0.26564,0.036415,0.54067,-0.12349,0.44885,-0.10363,0.40809,1.3593,0.68631,0.36177,0.68532,1.3388,1.4316,1.8231,0.94128,0.68585,1.2478,1.0678,1.3156,0.76368,-0.51349,-0.10891,-0.47299,0.91348,-0.45263,-0.51518,-0.24074,-0.07621,0.36058,1.4482,0.12926,0.95774,1.37,0.67929,1.1822,-0.0142,0.0030959,0.77835,-0.0065787,0.3178,0.14581,-0.1721,0.18195,1.0435,1.3211,1.2454,0.71241,0.37492,1.1681,-0.40092,0.5249,0.019918,0.39278,-0.35194,0.33774,0.92745,0.42792,0.029802,0.47196,1.0538,1.0454,1.2085,-0.034259,0.046634,0.87406,0.90528,2.1966,1.3118,0.69016,1.0663,0.16805,0.13316,-0.66556,-1.9308,-0.61539,0.020825,0.56527,0.35877,0.38625,0.78383,0.62124,1.1262,0.59384,-0.91283,-0.69888,-0.87529,0.43207,0.65249,-0.43072,-0.19698,0.44544,0.85872,1.5618,0.30856,-0.41894,0.94946,1.5385,2.2868,1.6524,0.80332,0.95278,0.31897,1.0344,0.93032,-0.81234,-0.94088,-0.56109,0.13515,0.47857,-0.0011421,-0.29342,-0.041695,0.16195,1.469,0.18875,-0.49103,-1.4209,-0.32216,-0.12142,0.48128,0.66751,-0.339,-0.57401,-0.16,0.89928,1.3512,0.0044609,-1.1226,-1.0168,0.1489,-0.20351,0.13415,-0.60385,-1.0099,-0.12134,0.14053,-0.55681,-1.1014,-1.2997,-0.81858,-0.58556,-0.62926,-0.45323,0.17544,0.45281,-0.37864,0.075837,-0.28782,-0.94926,0.25487,0.062853,-0.71011,-0.53493,-0.50413,0.48619,-0.086996,-0.43796,-0.73048,-0.30042,-0.14536,0.49964,-0.26234,-0.25016,0.25924,-0.018912,0.66907,0.28567,-1.1152,-1.1846,-0.80321,-0.033745,-0.58568,-0.37041,-1.2478,-1.3698,-1.3485,0.71249,-1.4614,-0.64931,-1.3439,-2.3536,-0.75838,-1.1502,-2.4958,-1.5917,-1.867,-1.1793,-0.49924,-1.8902,-1.8351,-1.0535,0.40602,-0.25602,-2.2087,-1.2561,-1.3188,0.23188,0.26968,0.0026887,-0.66611,-0.78338,-0.74551,0.17569,-0.97294,-1.3147,-0.27956,0.18688,-0.39165,-0.59909,-0.6892,0.19569,0.27244,0.2025,0.63767,-1.5514,0.081774,0.19652,-0.87032,-2.0853,-2.4102,-1.1609,0.44871,0.033737,-0.93271,-0.66476,-0.118,1.2347,0.91887,0.26507,0.37198,1.3912,1.3849,0.89539,-0.10391,0.54102,0.45805,1.0152,-0.11825,-0.32633,-0.38044,-0.56188,0.72074,0.198,-0.36101,-1.2911,-0.39998,-0.38765,1.1214,-0.18808,-0.90391,-0.99791,-0.93005,-0.12248,-0.33555,-1.0964,-1.9326,-1.3315,-1.3387,-0.2303,0.1822,-0.45776,-0.42273,-1.0734,-0.67593,-0.21072,-0.43837,-1.3572,-0.97068,0.35583,-0.013901,-0.058878,-0.28832,0.68141,0.61272,0.99886,1.401,0.27209,0.86249,0.86697,0.45112,0.24776,0.34089,1.2743,0.92772,0.65302,-0.45039,-1.565,-1.2305,-1.9808,-0.58911,-1.0487,-1.5476,-1.1455,-0.287,0.56031,-0.1811,-1.6151,-1.3042,-1.9918,-0.7306,-1.4456,-1.9287,-1.2391,-1.119,0.17822,-0.093065,-1.3012,-0.11368,0.71456,0.38681,-0.48668,0.049774,-0.45309,-0.2021,-0.13178,0.79093,0.322,0.19774,0.38008,0.53706,0.81093,0.045734,0.34617,-0.33698,0.30544,0.17688,-0.39276,-0.30046,0.083356,0.88766,0.36538,0.31058,0.70785,0.57522,1.4737,0.70286,0.80353,1.2571,1.2585,0.76074,-0.90685,-0.82134,-0.68107,-1.2649,0.97055,-0.069462,-0.92254,-1.5629,-1.3643,-0.32075,0.16332,-0.53855,-0.057574,-0.80927,1.4662,-0.41408,-0.52658,-0.1755,-0.2627,-0.47471,0.34813,-0.43476,-0.69933,1.2304,1.8052,0.96099,0.28988,-0.32751,0.34209,-0.12661,-0.30008,0.041703,-0.43815,0.19958,0.98398,0.16304,-0.41202,0.65745,1.7011,1.1701,0.75368,0.81151,1.3221,1.8952,1.0263,0.1969,0.96774,0.79739,0.82863,0.21617,-0.14855,-0.13831,0.41647,1.0634,0.017385,0.26476,0.78966,0.941,0.25913,-0.48601,0.21663,1.0104,0.94301,0.79452,0.25138,0.77309,1.0462,1.4465,0.2637,0.9408,0.62543,0.9795,0.80372,0.42305,-0.24178,-0.14679,-0.11298,0.60305,0.35236,-0.91555,-1.3515,0.41106,0.57009,-0.44392,-0.79484,-0.57813,-0.7248,0.83102,0.50792,0.028669,-0.40497,0.58714,2.0529,0.96505,-0.12198,-0.32289,0.51826,1.2979,1.6943,1.158,0.90657,1.1535,1.3939,1.1438,0.29447,-1.0444,-2.5763,-1.8423,-1.5096,-1.047,0.17996,-0.28367,-0.99089,-1.0216,-0.55976,1.0744,0.95964,0.78457,0.84555,0.90187,1.0344,1.2734,-0.11604,-0.46376,0.61035,-0.052531,0.65277,0.12398,0.81243,0.20661,1.39,0.95543,-0.5207,-0.35408,-1.4012,-0.80196,-0.32806,-1.3273,-0.60111,-0.76383,-1.3237,-0.27833,-1.0815,-2.4931,-1.86,-1.9832,-1.2891,-1.2167,-0.96755,-2.3786,-1.8951,-1.455,-0.26137,-0.29234,-0.41049,-0.59039,0.6348,0.76963,-1.4665,-1.9805,-1.1216,-1.0956,-0.43702,-0.28359,-0.90302,-0.85691,-0.48944,0.32953,0.3045,0.17598,-0.6828,-0.11572,1.4212,1.4099,-0.6029,-0.38597,1.7709,0.8962,0.46832,0.88958,0.18507,-0.39903,-0.91641,0.098888,-0.59237,-0.51101,-1.3183,-1.1368,-0.71879,-1.3344,-0.96825,-1.1983,-0.64795,-0.97707,0.037563,-0.27145,-1.128,-1.2812,-0.5769,0.48751,1.2232,0.91708,1.1848,1.2529,2.0995,1.2431,0.13532,0.52134,0.49978,0.55541,1.0385,1.0023,-0.95211,0.060995,1.2086,1.0952,1.106,0.63084,0.84092,0.68219,1.231,1.2944,0.28528,-0.75147,-0.051077,0.23857,-1.0927,-1.4174,-1.9975,-2.4458,-1.024,-1.2751,-1.6593,-1.4353,-1.1691,-0.38534,0.20163,-0.76851,-1.3188,-0.7892,-1.0377,-0.53412,-0.75906,-1.3512,-0.63545,-1.4673,0.094444,-1.2646,-1.2207,-0.75023,0.065791,1.0016,-0.35372,-0.28357,-0.12099,1.4056,0.31621,-0.23687,-2.1228,-1.5431,-0.25121,0.2574,-1.2083,-0.72418,-0.32642,0.60008,0.35965,-0.40024,0.15273,-0.1807,0.52549,-0.55245,-1.092,-0.69553,-1.9379,-1.3996,-0.68644,-0.41508,-0.45194,-0.43857,0.5068,0.043249,0.22598,0.74951,0.15799,-0.44474,0.31224,-0.19745,1.6234,0.12891,-1.5387,-1.0778,-0.14463,-0.29916,0.29691,-1.1163,-0.0022204,0.0057541,-0.067494,-0.37702,-0.23831,-0.93768,0.26016,0.31232,-0.29718,0.8209,0.72649,1.7852,1.6887,0.77104,0.75865,0.34504,1.5634,1.0831,0.61121,-0.17585,-0.045781,0.41028,1.562,-0.21743,-0.15995,-0.14435,1.1033,0.54626,0.35416,-0.012285,0.3439,0.38897,1.0515,0.56795,-0.82987,-0.068565,-0.62822,0.17528,-0.47234,-0.7646,0.10582,0.77372,1.5799,1.7315,0.4428,-0.13981,0.44421,1.739,0.77183,0.12179,0.13587,-0.23626
-0.36056,-0.6281,-0.31751,0.93226,0.041325,-0.31291,-0.94195,-0.67178,-0.31783,-1.4184,-0.73423,-1.5314,-0.34691,0.51447,1.3615,0.38187,0.15339,0.6231,-0.050793,0.60183,0.454,-1.6186,-0.46414,-0.28843,-0.75365,-0.80618,-0.72824,-1.5546,-0.68363,-0.47087,-0.51169,-1.9266,-1.8228,-1.3121,-0.74494,-1.4585,-1.1373,-1.2293,-0.55916,-0.45032,-0.1784,-1.3821,-1.178,-0.7518,-0.86237,-0.43018,-1.3532,-2.183,-0.78481,0.56612,0.32617,0.039593,0.20705,0.051516,0.041433,-0.67023,0.70512,-0.64572,-1.9009,-0.59608,0.81457,0.32048,-0.83516,-1.3424,-1.7756,-0.68426,0.055216,-0.25548,-1.3252,-1.0032,-1.5423,-0.66855,-0.30366,-0.077053,-2.3295,-0.74583,-0.086608,0.36919,-0.41206,-0.18602,1.1007,1.0674,1.4847,0.43858,-0.76816,0.9788,-0.19169,0.70901,-1.5326,-0.5283,-1.0872,0.70918,0.2143,1.3033,0.19966,-0.25303,-0.76323,0.37677,0.45429,-0.012834,-0.37305,-0.72832,0.98642,0.60974,-0.28171,-1.7841,-1.6852,-0.6795,0.025875,-0.75115,-0.65598,-1.0117,0.91914,0.3389,0.48593,-0.14285,0.068856,0.087941,0.04601,-0.21346,0.071423,0.0021295,0.45109,0.96544,0.20469,-0.20813,0.024569,0.7084,0.82146,1.2754,0.3391,0.45615,1.2004,1.1163,1.1594,1.0909,0.0018767,-0.48714,1.1646,1.2791,0.59505,0.41853,-0.21336,0.13649,0.46646,0.34473,0.93693,-0.54729,-0.4667,-0.61804,0.1473,-0.22621,-0.16197,-0.34193,0.58585,1.1551,0.56325,0.47034,0.43867,-0.67169,-0.69427,0.39476,0.27565,-0.23077,-0.73481,0.6541,0.15344,0.11235,-0.94571,-0.87639,-1.6666,-0.39658,-0.55295,-0.79438,-0.86617,-0.62109,-0.032206,0.86001,0.18228,-0.71044,-0.38938,0.13255,0.31401,-0.11049,-1.0507,-0.87655,0.17327,0.97489,0.44959,-0.34842,-0.48928,0.16489,0.13455,0.1477,-0.43283,-0.15071,0.13831,1.9212,0.19734,-0.66913,-0.1381,1.1072,1.3202,0.70098,0.95812,-0.23507,-0.14479,-0.27843,1.129,-0.30607,-0.081928,-0.32668,-0.006771,-0.29929,-0.051289,0.74912,-0.43374,-0.8606,0.095228,0.59672,0.31493,0.07022,-0.10196,0.19798,0.37893,-0.13539,0.12464,-0.41535,0.39366,0.08517,-0.358,-0.30305,-0.54716,-0.19771,0.20953,0.85132,-0.45181,0.63459,0.44708,0.23099,1.15,0.12684,0.98157,1.5002,0.64891,0.87062,-0.27562,-1.5086,-0.012403,1.2881,-0.17589,-0.22114,-0.20155,-1.1313,0.058286,1.217,1.493,0.77166,0.092066,0.88984,1.2089,1.364,0.50008,0.4421,0.29152,-0.28223,0.44446,0.46967,0.2567,-1.2447,-0.4265,0.43741,1.2957,0.94025,-0.26781,-0.014212,1.504,0.86381,1.2467,-0.54939,-0.13759,-0.59974,-0.94798,-0.78711,-1.0239,-0.094239,1.6482,-0.13592,-0.41461,-0.24779,0.24344,-0.79477,-0.8785,-1.1789,-0.85014,0.39814,-0.010292,-0.071036,-0.63329,-0.11487,0.01347,-0.56781,-0.66436,-1.4041,-0.59678,0.044548,-0.71673,-0.83404,-0.483,-0.22453,-0.039314,0.50828,-0.045371,0.093603,-0.17885,0.27265,0.076289,0.14807,-0.081822,0.22675,0.57456,0.61754,0.33917,-0.98829,-0.64835,0.060095,0.27964,0.64593,-1.2095,0.1265,-0.69455,0.5891,0.13666,0.1935,0.0079812,-0.99637,0.29829,0.36289,0.4478,-0.2595,0.97809,0.94265,-0.16043,-0.96554,0.08334,-0.68046,-0.55567,-0.63563,0.21397,1.0163,-0.98403,-0.27639,-0.48281,0.23089,-0.38107,-1.1513,-0.33676,0.34688,0.66637,0.093565,-0.81427,-0.013249,0.64707,-0.063223,0.4972,-0.46254,-2.2183,-0.090103,0.38926,0.14543,-0.4493,-1.3652,-0.89359,-0.096961,0.56674,0.96649,0.067434,0.30582,1.2634,0.60059,0.2031,0.24678,0.050964,-0.56871,0.49685,0.81996,0.53347,0.49577,0.32883,1.5146,0.57153,-0.31595,-0.98659,0.70648,0.39848,0.47308,-0.17908,-0.76124,0.20878,-0.50693,0.77451,-0.46206,-0.11262,-0.45206,-0.45714,0.38614,0.67518,0.28752,-0.055153,-0.70211,0.90906,0.97098,0.046765,-0.45416,0.74814,0.37771,-0.9173,-1.122,-0.49006,-1.5354,0.035563,0.25696,-0.71577,-1.1908,-0.086974,0.19785,1.4012,0.64595,-0.89015,-0.2766,-0.6534,0.067211,-0.98855,-0.64575,-0.91743,-0.21433,0.086829,-0.89539,-0.79835,-1.1977,-0.46127,-0.57403,-0.57971,-0.78702,-1.8135,-0.14715,0.30172,-0.33262,-1.837,-0.51811,-1.014,-0.73962,0.67938,0.061943,-0.91926,-0.27613,0.22681,-0.69368,-1.3468,-1.2381,-2.3129,-0.43479,-0.54476,-0.62257,-1.0115,-0.26127,-0.17527,-0.24812,-0.45938,-0.41257,-0.78516,0.053906,-0.44537,-0.17135,-1.7454,-0.81229,-0.24184,-0.51833,-0.99295,-0.82773,-0.74877,-0.40527,0.58573,0.28322,1.2083,0.68747,0.82759,1.2238,1.2496,0.032523,-0.67348,0.4137,0.61327,0.31208,-0.93874,-0.40873,0.67987,-0.14936,0.42933,0.36173,1.2629,0.76011,0.90773,0.73184,0.47198,0.14144,0.39095,1.0133,0.20563,-0.20112,-0.69773,0.6904,0.046462,0.96203,0.28446,-0.10057,0.13112,1.1693,0.92327,-0.2176,-0.5567,-0.13975,-0.27508,0.49813,0.4375,-0.87204,0.48215,0.79597,1.0049,0.84458,-0.3282,0.65738,1.1779,0.054558,-0.48277,-0.94166,-1.2736,-0.40771,0.63635,0.10536,-0.64841,-0.64955,-0.1211,1.5612,0.57367,-0.65463,-0.58449,-0.29739,-0.035782,0.47332,0.2544,-1.4168,-1.5414,-0.10412,1.0483,0.35414,2.0192,0.49566,-0.18151,0.004554,-0.30219,0.85929,-0.13863,0.7294,0.42464,0.47031,0.91927,-0.58716,-1.0328,-0.57671,-0.060328,-0.17051,-0.86093,-1.1881,-0.74659,-0.025863,1.2868,-0.13612,0.21792,0.32248,1.7217,1.7509,0.79899,0.455,0.54326,1.9821,1.278,0.89397,0.027075,0.44325,1.0244,0.91078,1.861,0.20674,0.05693,0.45104,1.5699,1.4574,0.73488,0.25982,0.39976,0.46562,1.1385,0.9129,1.5557,0.57142,1.0416,1.2419,1.7509,0.061629,0.54178,0.63657,0.58689,0.92479,0.56491,0.67545,0.97997,1.4028,1.5966,2.1481,0.56406,0.45085,1.271,0.55002,1.4464,1.4553,-0.63043,-0.71949,-0.38139,0.57117,-0.21162,-0.56041,-0.46459,0.82112,1.0626,1.0347,0.1523,-0.34328,0.1382,0.10145,1.2058,1.0409,-1.1027,0.14941,0.63169,1.8843,1.0593,0.78577,0.80317,0.79913,1.1998,1.8108,-0.17383,1.5844,2.018,1.6151,2.1259,0.71203,0.31072,2.6416,1.9447,-0.16507,-0.041297,0.41786,1.2274,1.1458,0.29962,0.41473,-0.58385,0.37725,0.86601,0.22065,-0.11913,-0.77711,2.0563,1.5967,0.3005,1.5176,-0.15203,-0.13777,1.921,1.6604,2.1006,0.91385,-0.67979,1.7888,0.38295,2.0948,0.42102,0.82118,1.2104,1.9051,0.20151,1.3466,0.38257,0.8637,0.41048,0.4093,-0.22171,-0.81819,-0.56371,0.43485,0.063665,0.85927,0.16476,0.57914,1.3889,2.156,1.9833,1.0423,1.4143,2.2257,1.9837,0.96024,0.73964,0.78792,0.36667,0.60311,-0.68911,-0.66667,0.43934,0.65725,0.6601,-0.40468,0.20781,0.75654,1.0027,1.8631,0.41392,0.78085,2.2778,0.66621,0.7375,-0.27686,-1.3214,-0.76594,-0.5511,-0.37423,-0.81212,-0.88638,0.31364,1.1901,1.0154,0.22612,0.35821,0.28072,0.76544,1.5646,0.67063,-0.054174,0.49122,0.38358,0.81262,1.6256,1.0272,-0.028392,1.6631,1.2981,0.46565,-0.079288,-0.14451,0.44917,0.92108,0.44743,0.53159,0.21513,-0.46939,0.38524,0.055438,-0.39703,0.23483,-1.0382,0.54236,0.98693,0.92028,1.1459,0.57825,1.4192,0.91447,1.6487,1.1586,0.065154,-1.293,-0.47057,-0.96068,-0.48508,-1.8883,-2.1398,-0.18985,-0.11167,0.17444,-1.4914,-0.53469,0.50687,0.20827,0.604,-1.122,0.072807,0.96502,1.3485,0.69633,-0.52162,-0.7454,0.72846,0.68181,0.78257,-0.46381,0.57649,0.44882,1.309,0.63016,0.62957,-0.31883,0.13938,-0.37315,-0.41167,-1.5849,-1.0547,-1.5669,-0.35642,-0.27403,-0.56201,-0.10379,0.48105,0.91206,1.2775,0.55481,0.61187,0.51778,0.81232,0.58682,0.51339,-0.81943,-1.533,-0.72335,-0.83611,-1.8798,-1.6178,-0.61937,-0.59638,-0.7051,-0.056241,-0.87529,0.42326,0.010095,0.79196,-1.117,0.075693,0.67404,0.20958,0.34323,-0.53784,-0.86397,-0.26652,-0.27644,-0.16382,-1.0558,-1.4956,0.23497,0.31311,0.22395,-0.19536,-0.91581,-0.11713,0.27407,-0.19265,-0.97133,-1.6175,-0.64709,-0.54671,0.17876,0.94118,0.91282,0.42532,0.60853,-0.51608,-0.66553,0.022295,-0.74475,-0.30937,-1.073,-1.2894,-0.9154,-0.70764,-1.207,-1.5649,-1.5307,-1.0645,-0.71461,-1.0777,-2.3316,-1.5853,-1.3891,-1.7759,-0.82732,-1.3439,-1.8286,-0.21696,0.43926,-0.97186,-1.9212,-0.87665,-0.37476,-1.3526,-0.89216,-0.70687,-1.4319,-0.6373,-0.71206,-0.82781,-1.0498,-0.20427,-0.94134,-1.275,-2.4353,-1.858,-0.66889,-0.89599,0.23059,-1.4351,-1.6663,0.15435,-0.49247,-1.0504,-0.74908,-1.7829,0.21496,-0.75685,-0.42932,-0.396,-0.57256,-0.87572,0.58473,0.43982,0.79258,-0.52884,-0.14091,1.1661,0.67558,0.25665,-2.1602,-0.94773,0.33747,0.37491,0.24354,-0.38775,-0.1215,0.13366,0.74768,-0.44586,-0.62379,-0.52662,0.74472,0.50979,-0.4793,0.62561,1.7375,-0.421,-0.78199,0.76195,0.46058,-0.5845,-1.095,-0.97737,-0.62248,0.18737,-0.88176,-0.49696,-0.0083522,0.29689,0.893,-0.12581,0.23726,-1.1633,0.35611,0.42039,0.95235,-0.1491,0.14173,-0.41753,0.44109,0.2571,-1.1062,0.37292,0.0087342,0.94008,1.2739,1.6092,-0.24532,-0.034297,1.5776,0.3074,0.25132,-0.57146,-0.87204,-0.36814,-0.69691,-0.11723,0.077616,-1.4442,-0.60827,0.51483,-0.03289,-0.18543,-1.0406,0.54579,0.93324,2.1848,1.8331,0.92277,0.027233,0.28231,0.68551,-0.079639,-1.0693,-1.9772,-1.3118,0.38607,0.74674,0.51323,0.39209,1.0328,1.4891,0.057686,1.9643,0.28706,-1.7128,-0.50179,-1.0383,0.051348,0.16181,-0.76911,1.0491,0.066483,0.12075,0.18385,-1.2484,-1.5599,0.37812,1.1576,0.19983,-0.17596,-0.4475,-0.018715,-0.3161,1.0501,0.8652,-0.51668,0.4987,0.11236,-0.12847,-0.96731,-0.54496,-1.1833,0.62187,0.040508,-1.0079,-1.1582,-1.4204,-0.056918,-0.58541,-0.34737,-0.91473,-0.23034,0.53291,0.39247,0.77585,0.42088,0.31403,0.1618,0.65504,1.0285,-0.40458,-0.68291,0.02657,0.6241,-0.36203,0.21458,0.050976,-0.62592,-0.11322,0.22709,-0.3305,-0.94642,-1.8442,-0.77621,-0.01547,-0.2535,-1.0213,-0.49754,-0.066855,0.30224,0.061755,-0.75261,-0.32365,0.66026,0.58465,0.29203,-0.34551,-0.16392,-0.14775,-0.20777,-0.69478,-1.5449,-0.66467,-1.511,-0.91284,-0.92111,-1.6463,-1.3503,-0.88054,-1.0894,-0.73079,-0.1827,-0.78399,0.44202,0.46069,1.1002,1.714,0.40238,0.62301,0.50534,0.34025,0.1588,-0.24525,-0.7181,0.52151,1.4214,0.39909,0.045386,-0.48608,-0.34997,0.40495,-0.027862,-0.53534,0.096464,-0.22642,-0.10345,-0.077734,0.20227,-0.30561,-0.3448,0.17635,0.37327,0.29818,-0.15664,0.11922,1.0153,1.6092,0.059571,0.57252,0.79976,1.4529,-0.077741,-0.46008,-0.0054721,-0.11106,0.30846,-0.36652,0.43947,-1.0482,-0.99087,-0.49652,-0.13343,-0.84722,-1.0994,-1.0689,-0.33361,0.28313,-0.40929,-0.034031,-0.067905,0.82628,0.35047,0.48482,-0.32982,-0.8607,0.038599,-0.042326,-0.021645,-0.56817,-0.64936,0.76569,-0.52663,-0.41059,-0.9375,-1.4838,0.52068,-0.37212,1.4202,0.42455,-0.55028,0.74158,1.2435,1.013
0.68125,1.4049,1.2213,1.2016,2.2965,3.4887,2.1783,0.91155,0.49089,0.40927,1.0353,1.276,0.1294,0.91546,-0.25772,0.45564,-0.58419,-0.17812,-0.45764,0.58828,-0.18486,0.87609,0.22087,-0.21546,-0.56417,-0.80681,-0.56411,-0.40042,-1.7692,-1.3481,-1.066,-0.58965,-0.84098,-1.4858,-0.88029,-1.3379,-0.063532,-0.215,-0.221,-0.13488,0.9939,0.88183,1.0076,1.3529,1.2502,1.1672,1.5861,1.09,1.1647,-0.54174,-0.74452,-1.0726,-1.7356,-2.4573,-2.9366,-1.7892,-1.1105,-0.58372,-0.097206,-0.64827,-2.292,-2.2246,-1.6563,-1.2672,-1.7124,-2.3171,-1.6406,-1.2475,-1.3047,-1.7123,-1.8727,-1.2409,-2.0775,-1.4822,-0.65502,-0.1399,-1.0364,-0.64819,-0.32092,0.222,0.28898,-0.50451,-0.86125,-1.6452,-2.1247,-1.5785,-1.2666,0.28056,1.0476,1.4481,0.8816,2.4891,0.63193,1.9172,1.3713,0.48857,-0.94656,-2.5361,-2.0801,-1.5341,-1.072,-1.3026,-0.32099,-1.3783,-0.23089,-0.063901,-0.37278,0.23099,1.5405,3.1695,3.4941,3.3965,2.4604,2.6084,2.3879,2.9584,2.9474,1.1222,1.9512,2.7294,2.9736,3.0547,1.8312,2.9816,2.7032,2.761,2.9093,2.1159,2.5883,2.4501,2.3165,1.7183,0.35833,0.53837,-0.28491,-0.78227,-1.4632,-2.4838,-2.7767,-2.8704,-2.1714,-0.99438,-1.0757,-0.33037,-0.64992,0.92851,1.5273,1.7081,1.5298,0.97295,1.2523,0.43211,0.88814,0.64633,-1.2593,-1.7738,-2.2965,-1.3163,-1.1394,-2.0009,-1.6789,-1.6188,-1.4591,-0.75711,0.016948,0.85631,-0.085199,0.71018,1.3125,2.0049,2.1993,1.4826,1.7526,2.5135,2.3043,2.3219,1.6946,1.7164,2.8995,3.127,2.2022,2.0727,1.645,1.9245,1.7826,0.59412,0.29523,0.23648,0.20117,0.72993,0.93581,0.46328,1.2578,1.4182,1.793,-0.35683,-0.40328,-0.82818,-1.6763,-1.5879,-2.3554,-2.3818,-1.2311,0.32127,0.8992,1.172,0.82587,0.53213,-0.11563,0.222,1.0795,1.5555,0.51249,0.8417,0.67141,2.0309,2.0583,1.4573,1.9638,2.0839,3.0178,3.1952,2.4961,1.5125,2.2301,3.0582,2.9189,2.3984,2.739,2.43,3.2815,2.6549,0.84795,0.48056,1.0785,1.7306,2.3516,1.7324,1.3389,1.6376,1.9643,2.232,1.1538,-0.49802,-0.052496,-0.61421,0.12674,0.90068,1.0547,1.8773,2.0639,2.7884,2.7748,2.5552,1.161,0.48513,0.24874,0.85702,0.70896,-0.9187,0.37163,-0.13724,-0.016307,0.1495,-1.5617,-1.9645,-0.80598,-0.13972,-0.41629,0.82849,-0.82119,-0.25245,0.34636,1.1158,1.1573,0.10694,0.3942,0.74456,0.79396,1.378,0.87718,0.3633,-0.57109,-1.016,-0.89616,-1.2227,-1.2588,-0.38774,-1.0286,-1.2964,-1.8849,-1.4752,-0.73732,-1.7552,-2.9718,-3.1633,-1.9846,-0.7227,-0.39776,-2.1844,-1.53,-2.0578,-1.7641,-1.5556,-1.836,-0.74359,-0.96934,-0.81977,-1.3054,-2.1329,-1.978,-2.2309,-2.6596,-3.4092,-3.8432,-3.1233,-2.827,-2.5504,-2.4019,-2.602,-2.9775,-3.2809,-2.5556,-2.102,-1.6438,-1.8691,-1.9074,-1.529,-0.12066,-2.0621,-2.8365,-2.9359,-3.4075,-1.9092,-1.4593,-1.128,-1.1901,-0.078082,-0.3957,-0.40437,-0.77939,-1.2017,-1.4879,0.4079,-0.63856,-1.9408,-0.61254,-0.032606,-0.15399,0.884,1.285,0.67296,-0.14991,0.0982,0.34539,1.812,1.8353,0.3651,0.71838,1.1839,1.7599,1.3521,-0.56968,-1.3585,-2.8039,-1.9735,-1.5159,-1.5019,-1.5717,-0.29718,0.34843,1.8219,1.6468,1.4521,1.6118,0.033344,-0.80316,-1.9805,-4.0538,-2.5243,-2.5212,-1.1917,-1.2963,-3.1066,-3.0525,-3.4487,-3.144,-2.139,-2.6727,-2.103,-2.3617,-1.4953,-3.0905,-3.3974,-2.6745,-2.1326,-0.98332,-1.0846,-1.2834,-1.3616,-1.3866,-1.6815,-2.3742,-2.4892,-3.0838,-2.5593,-1.1155,0.13706,1.2833,0.6876,1.6999,1.8699,2.0028,2.272,2.1567,2.4473,2.5494,2.7314,2.237,0.26716,-0.54863,-1.4523,-0.75657,-0.55491,-1.3061,-0.48451,1.0151,1.6775,1.3288,0.19258,-0.21989,0.010613,0.56993,0.85913,0.55343,0.1493,-0.010034,0.039018,-0.13837,-0.18907,-0.82371,-0.78824,-0.97245,-0.34018,-0.25094,-1.0544,-0.83351,0.12032,-0.055995,0.098285,-0.77023,-1.1995,-2.4608,-2.1989,-1.3557,-1.773,-1.0371,-0.44352,0.85914,0.90869,1.6539,1.3936,2.1061,2.6184,2.4931,1.5602,1.9259,1.4369,0.98113,-0.21166,-1.6469,-1.4912,-0.64717,0.28485,-0.040534,-0.47602,-0.81834,-0.69003,-0.094629,-0.26991,-1.3915,-1.0731,-2.1748,-1.0151,-0.62422,-2.0601,-1.3048,-0.5469,-0.19088,1.4323,0.24356,0.59472,1.2454,1.6355,1.4905,0.81251,0.16619,1.0652,1.9383,0.90751,-0.022903,0.11832,-0.37226,0.13911,-0.37992,-0.15931,-1.4885,-1.5858,-0.50711,0.46765,0.83157,1.3475,1.7641,1.5519,2.9372,3.0686,2.2896,2.0008,2.342,3.0223,2.7147,2.151,1.2837,2.2041,2.8734,2.4422,0.93241,0.3207,0.8362,0.86727,0.83773,1.3572,0.17266,-0.78602,-0.48583,0.062786,-1.0141,-2.5897,-2.4173,-1.7238,-1.5547,-1.7023,-2.9439,-3.1641,-3.0893,-2.2986,-1.6439,-2.8719,-1.8173,-0.73475,-0.42628,0.1561,-0.73343,-2.2437,-1.7401,-2.7309,-2.7166,-1.6032,-1.4722,-2.1718,-2.1337,-1.5697,-1.2799,-1.2406,-2.2464,-2.323,-2.0335,-1.1136,-1.0481,-2.1433,-2.1024,-1.8501,-1.4922,-0.73418,-0.20846,0.052975,0.83525,2.1378,1.6224,0.90225,0.45091,0.93239,0.82859,1.4561,0.34331,0.59357,1.4217,1.4969,2.3959,1.4517,1.3517,1.56,1.086,1.4917,0.37551,-0.059147,-0.69752,-0.88028,-0.25706,0.20049,-0.32898,0.17519,1.2461,1.7711,1.8518,2.4588,1.3185,0.72619,0.44583,0.74986,0.0039853,-1.1976,-1.2457,-1.6965,-1.1296,-1.1364,-1.2784,-1.9833,-1.408,-2.0392,-1.0048,-0.33017,-1.7145,-2.413,-1.0159,-1.195,-0.75326,-1.2705,-1.4032,-1.795,-0.79832,0.44588,-0.22705,-0.70057,-1.0353,-2.3332,-2.3449,-2.1104,-2.0819,-2.4181,-1.4502,-0.28607,-0.35266,-1.2455,-1.8787,-2.669,-2.7397,-1.8404,-1.9186,-1.6348,-0.1203,0.7356,1.9976,-0.21068,-1.3475,-1.8897,-2.0433,-0.90037,-1.7881,-1.3806,-0.083748,1.2799,1.1126,0.25345,-1.0399,-0.98091,-0.80263,0.0039726,0.57083,0.67097,0.84197,0.85465,1.6502,0.90644,-1.8353,-2.5658,-2.3997,-0.95387,-1.0602,-1.6227,-1.2345,-0.64707,-0.36079,1.3613,0.16721,-0.47616,-1.4529,-2.324,-1.8396,-2.2649,-2.5561,-1.8789,-1.1301,-0.18274,-0.48893,-0.65505,-0.5299,-0.022602,0.66558,0.1623,-0.3522,-0.88965,-0.65545,-0.54935,-0.31646,-1.192,-1.5046,-1.6779,-0.18119,0.072,-0.89149,-1.0451,-0.67403,-0.98658,-1.9974,-1.3534,-1.3512,-1.2122,0.17733,0.89049,1.0449,1.0585,1.0089,1.7463,0.97722,-0.34795,-0.81631,-0.12172,0.53546,1.2531,1.189,2.0214,1.6956,2.3622,2.6972,1.6388,0.55817,0.76019,1.1758,0.84292,0.3989,-0.096059,0.51188,0.20034,-0.53484,-1.5171,-1.5862,-0.88554,1.1804,1.1621,-0.045556,-0.0041278,0.31523,0.35678,1.2223,0.25518,-0.14528,-0.31353,-0.18942,0.52945,0.2228,0.29018,0.35933,1.2127,1.7252,2.2646,2.7151,1.936,1.4979,1.0159,0.27439,0.49771,-0.53251,0.33221,0.90339,1.9179,1.9141,1.1829,1.737,1.3034,1.8012,1.8685,1.9456,1.0977,2.3749,2.0699,2.3679,1.7037,1.1071,1.669,1.8251,2.6061,0.99387,-0.96255,-1.8783,-3.0146,-3.1586,-3.8893,-3.774,-2.8708,-1.7918,-1.2002,-1.8289,-2.9717,-2.261,-2.207,-2.2753,-2.8699,-2.131,-2.0679,-1.6818,0.080737,-0.13744,-0.34999,0.43089,0.66954,1.3315,1.0085,0.35919,-0.33862,-0.67248,-0.30452,-0.40619,-0.27974,0.90593,1.4571,1.7812,2.3344,1.4402,1.6533,1.7635,2.8347,2.3625,1.8285,1.4496,2.2104,2.9676,2.8704,2.8761,3.099,3.6783,4.1845,3.7525,3.3659,3.6387,4.0524,3.7336,3.1301,2.453,2.2431,1.5212,0.057,0.13777,-0.48913,-0.0066469,1.031,1.9284,2.4097,2.2308,1.9617,1.7785,1.9126,1.5383,1.1068,1.1419,1.288,1.2387,1.0118,0.0065412,-0.84454,-1.6257,-1.9658,-2.35,-1.9586,-1.7249,-1.9267,-1.9854,-2.3233,-1.8995,-2.1238,-1.2592,-2.1907,-2.6019,-2.6412,-1.8773,-0.90415,-0.59606,-1.57,-0.50452,-0.37357,0.49812,0.28568,-0.29979,-0.07603,0.2087,-0.045571,-0.24578,-0.20518,-0.22241,0.93354,0.8715,-0.039811,-0.15502,0.025141,0.42127,-0.56421,-0.3953,-0.060649,0.29191,0.59654,0.96733,1.5041,1.0345,1.8843,1.8799,1.888,2.2632,3.4436,4.3439,3.8535,2.5878,0.2597,-0.36754,-1.2646,-1.7167,-1.2041,-2.803,-2.6255,-2.2719,-0.5136,-1.2167,-2.0801,-0.91899,0.60865,1.1975,1.2609,0.61976,0.1889,1.4469,1.8726,1.6008,1.46,1.7572,2.3353,3.4012,3.89,3.6188,2.3381,2.2306,2.8142,3.3394,2.7488,1.5386,2.0657,2.0594,1.8872,1.6932,1.4565,1.712,0.75529,0.70786,0.27323,0.42253,-0.083761,-0.53651,-0.57266,0.17453,-0.057803,-0.83204,-1.4095,-1.5202,-1.6328,-1.0485,-1.5342,-1.7368,-1.7517,-0.87889,0.3884,-1.0143,-0.86998,-0.70767,-0.36134,-0.22328,-0.015804,-0.31214,0.62572,-0.0092161,-0.19353,-0.5482,-0.68411,-1.1025,-2.4344,-1.2341,-0.45366,0.19684,0.92967,0.38585,0.59261,0.97912,0.67488,-0.0031388,-0.009321,-0.38397,0.22662,0.66803,0.20214,-0.54033,-0.48834,-1.1611,-1.9251,-1.2374,-1.4986,-2.3575,-0.72683,0.072688,0.34216,0.62972,1.3961,2.5539,2.6377,2.5655,2.6908,2.5434,1.2996,1.5339,1.6944,1.2947,0.83628,0.31137,0.33516,0.94342,0.79666,0.044301,-0.45053,-0.030265,0.49137,1.0419,0.75603,-0.18523,0.50315,0.75037,1.5896,0.45172,-0.88465,-1.0861,-1.5581,-1.4257,-0.52412,-1.0051,0.63227,0.74074,0.98081,1.3764,0.76964,-0.21009,0.98002,0.97944,0.59015,0.61701,0.19839,-0.022721,-0.27437,-1.1384,-1.7546,-2.0346,-1.9769,-1.4852,-0.74202,-1.6178,-2.7518,-3.0484,-2.419,-2.0705,-2.1177,-3.4332,-3.6058,-2.2528,-2.5733,-1.1391,-1.502,-0.7929,-0.83529,-0.65434,-0.0036447,-0.44828,-1.0345,-1.9797,-1.3568,-1.4698,-1.5021,-2.1756,-2.6131,-2.4002,-0.65851,-1.2241,-1.607,-1.4634,-1.1057,-1.092,-1.733,-2.3565,-1.5592,-1.5373,-1.3942,-1.1508,0.4012,1.1715,1.8352,1.9403,2.1298,2.7102,3.6141,4.0907,3.8974,3.2382,2.4283,0.60399,0.81257,1.3481,0.31847,0.31142,0.014807,1.0557,2.096,2.7454,2.4695,2.3941,1.6428,0.80383,1.5698,1.8034,1.4247,1.1916,1.1463,0.82897,0.83853,-2.3835,-2.9585,-3.1523,-2.8378,-2.6751,-2.198,-1.2601,0.2895,0.75507,1.3171,0.61522,-0.74588,-1.6284,-1.4386,-1.5829,-1.7905,-1.7376,-0.224,-0.30989,-0.016842,0.81148,1.56,1.613,1.7382,1.5536,1.2543,0.16747,0.027755,1.2477,1.6384,1.926,1.7928,1.6931,1.8459,1.7802,0.51872,-0.80067,-1.1167,-1.5767,-1.6908,-2.0817,-1.6969,-1.9177,-2.4384,-1.7287,-1.5878,-1.1623,-0.95906,0.24838,1.1544,1.9575,1.3056,1.6456,1.926,1.4211,0.87921,-0.24296,-1.3194,-0.36576
0.21175,0.53458,1.1034,-0.61584,-0.18918,0.14292,-0.60513,-0.074088,-0.54771,-0.59064,-0.19955,0.47069,-0.82992,-0.15189,0.79633,0.21973,0.068965,-0.63563,0.04922,-0.46967,-1.0162,0.64556,0.22439,-0.64921,-0.32815,-1.3416,0.24958,-0.21097,0.075812,-0.7884,0.33133,-0.20514,-0.23487,-0.47322,-0.37401,-0.84649,-0.66684,-0.4897,-0.3507,-0.38582,-0.57977,-0.24854,0.29112,-1.0644,-0.62328,0.21612,-0.71721,-0.58761,0.18242,-0.27837,-0.65719,-0.22756,0.65901,-0.94248,-0.8149,-1.4184,-1.2925,-1.9675,0.027708,0.63968,-0.21334,-0.78864,-0.47037,0.30588,-0.68422,-0.42244,-0.86609,-0.5273,-0.53095,-0.060566,-0.56357,-0.23578,-0.39321,-0.94162,0.40768,-0.13896,0.58558,0.33869,-1.0024,-0.0087685,-0.69686,0.49019,-0.5531,1.4646,0.7668,-0.029085,0.13347,0.22692,0.84708,0.086089,-1.4131,0.078337,-1.0842,-1.1209,-1.0007,-1.2591,-0.32479,-0.83931,-0.25515,-0.26745,-1.1792,-0.26967,-0.30135,-0.012999,-0.26837,0.43207,1.1863,-0.8058,-0.086213,0.82584,-0.72474,-0.085502,-0.54955,-0.33543,-0.026493,-0.12753,-0.47109,-0.18862,-1.0662,-0.14812,-0.0011227,-1.2336,-0.69956,0.08954,0.016092,0.29029,0.25851,0.12599,0.17719,0.64988,1.3303,1.4898,1.2057,0.4979,1.1899,0.51741,0.55552,0.53177,-0.26222,0.66199,-0.044287,-0.13528,-0.22695,-0.38964,0.038109,0.51835,0.28703,0.072401,0.20073,1.0973,0.43844,0.26723,1.0386,0.44471,0.71247,0.17256,0.95949,1.0299,0.58058,1.621,1.0985,0.69248,0.87942,1.211,1.0577,0.15573,0.62334,1.0059,0.4389,0.2358,-0.2613,-1.0896,-0.40835,-0.52773,-0.80867,0.056074,-0.86487,-1.0058,-0.12197,0.21554,-0.2538,0.30245,0.24345,-0.45184,-0.43198,0.13924,0.3854,-0.089648,-0.24612,-0.085409,0.37941,-0.10873,0.33848,0.61786,0.3001,0.00047976,1.1818,0.65481,0.58542,0.48951,0.635,0.12911,0.57074,1.0419,0.56954,-0.47771,-0.22521,0.22864,-0.33902,-0.0071598,0.12768,-0.36169,-0.75565,-0.20355,0.48688,-0.5068,-0.45462,0.14098,-0.77346,-0.422,0.38024,0.72935,-0.8094,-0.7633,0.036771,0.062743,-0.46329,-0.42227,-0.095381,0.016615,0.083788,-0.08442,-0.11408,0.19336,1.082,-0.63056,0.43542,0.42802,0.23039,-0.24246,0.71167,1.1687,-0.086123,1.2248,1.4424,0.2413,0.095849,-0.10712,0.29017,-0.44018,-1.351,-0.60375,-0.23677,-0.93518,-0.99581,-0.49609,-1.4849,-0.39852,-0.23228,0.040446,-0.44083,-0.49303,0.47845,0.13766,-0.21302,-0.51563,-0.44005,0.0077879,0.38516,1.1722,1.2735,0.50008,-0.66569,0.45581,0.9847,-0.52013,0.24114,1.2318,1.0759,0.67026,0.1633,0.53734,0.89359,0.1163,0.39995,-0.88314,-1.052,-0.64065,0.057965,0.049451,-0.81097,-0.64929,-0.65439,-0.14551,-0.30391,-0.43889,0.53058,0.64826,0.20499,0.81584,-0.7177,0.46118,-0.0066879,-0.069915,-0.24098,0.29639,0.97553,-0.63993,-0.66589,0.7222,1.2547,0.53702,0.38,0.28252,1.8191,0.34272,0.57379,1.6715,0.73942,0.074393,-0.048346,0.41123,0.52337,-0.064398,-0.058717,0.64671,-1.7284,0.042482,-0.28734,-0.96292,-0.57801,-0.42573,-0.11949,-0.64465,0.50514,-0.90862,0.22738,-0.39083,-0.98739,-0.53621,0.034419,-0.3899,-0.16238,-0.28123,1.4192,-0.16532,0.10324,-0.63912,-0.47578,-0.35175,-0.13853,0.38081,0.88294,-0.28121,1.3564,-0.43331,-1.0256,-1.123,-0.82502,-0.58649,-0.61644,-0.93541,-0.87229,0.09279,-0.72973,0.17557,0.34691,-0.074397,-0.3754,0.0088371,0.087701,0.47375,-0.48286,-0.65004,0.15858,-0.70304,0.66794,0.42871,0.14455,0.8538,0.39012,0.69544,0.20889,0.33332,0.56065,0.2828,0.78084,0.64183,-0.25086,0.48286,-0.36084,1.2783,0.54163,0.39688,0.4819,1.4049,0.50332,1.0835,1.2527,0.030336,0.6196,1.3328,0.99849,0.63302,1.6406,0.01224,1.438,1.052,0.16949,1.2205,0.97887,0.33539,0.64003,0.60953,1.1103,1.0569,1.1652,0.89574,1.0964,0.21523,-0.17788,-0.048893,0.80727,-0.69821,0.10075,-1.629,-0.67253,-0.81745,0.42957,-0.35529,-0.18626,0.35249,0.20903,0.0077428,1.087,0.66248,0.14203,-0.32122,-0.12764,0.50842,1.256,-0.13092,0.14305,0.75265,0.55723,0.16474,0.60634,0.53365,-0.061551,-0.50801,0.73559,-0.14451,1.292,0.28237,0.43412,0.38731,0.25057,0.40034,0.20168,0.29341,0.41292,1.4459,-1.4463,0.8568,-0.34427,-0.44596,0.67328,1.5346,0.96985,0.10089,-0.047974,1.3026,-0.34582,-0.5292,-0.076177,-0.30526,-0.18309,-0.90061,-0.042703,-0.1347,-0.85567,-0.61473,0.32572,-0.72805,-1.4767,-0.0057124,-0.032035,0.42417,1.1741,0.23142,0.041083,1.3657,0.20094,0.49059,0.81387,0.15236,0.33567,0.29071,0.75288,1.6367,-0.2116,0.36983,1.1712,1.1355,0.72938,1.1048,0.89311,0.17136,1.0216,0.49094,0.73032,-0.53544,-0.23813,0.49975,1.0084,1.2088,0.74691,0.56206,0.27354,-0.1032,0.16691,1.1731,0.59508,0.12021,0.87881,0.7795,-0.30875,0.64244,0.85113,2.0973,1.2158,1.4509,1.9074,-0.03658,0.82974,1.6147,1.3141,0.072324,0.20547,-0.37409,1.4165,-0.34714,0.043055,0.53947,0.35813,0.24983,0.74562,0.026345,0.73629,0.92096,0.8093,-0.31838,-0.75825,-0.68954,-0.89698,-1.5977,-1.0822,-0.47284,-0.13558,-0.22676,-0.46526,-0.72766,-0.68988,-1.158,-1.5872,-0.18606,0.18246,0.77417,-0.21298,0.010074,-0.27221,0.1814,-0.011032,0.1573,0.1919,0.29039,-0.37589,-0.34636,-0.60493,-0.79308,-0.31307,-0.8831,-0.48239,-0.26553,-0.91695,-0.019641,-0.14528,-0.51319,0.41345,0.6602,-0.52645,0.57964,0.45796,-0.60836,0.28234,0.23082,1.2276,0.13727,0.24604,1.2683,0.034763,0.020735,0.98726,-0.086493,0.7554,-0.12453,0.89209,1.4034,0.51083,-0.53546,-0.23617,0.59855,-0.27851,-0.017447,-0.62178,-0.74881,-0.60945,-1.5673,-1.1068,-0.74004,-0.85422,0.35201,-0.51941,0.93139,-1.4842,-0.62715,-0.37038,-0.39995,-0.76755,-1.2015,-1.1724,-0.26662,-0.98357,-0.68192,-0.82454,-0.50487,0.029821,-0.38717,-0.90775,-1.0499,-1.2117,-0.33931,-1.5073,0.61254,-0.033583,-0.4138,-0.7866,-0.3307,-1.1699,0.051814,-0.78265,-1.5198,-0.63761,-0.74541,-0.1376,-0.2199,-0.35322,0.1889,-0.058499,-0.88116,0.074506,0.32852,-0.81607,-0.31539,0.8276,0.83045,0.61145,0.46264,0.091707,0.77437,-0.21656,0.79498,-0.088212,0.20161,-0.83691,-1.7831,-0.47692,0.66565,-0.34548,-0.14402,0.19172,-0.42856,-0.14286,-1.1492,0.32495,0.76253,-0.42612,0.32673,-0.064088,1.5358,0.039429,-0.36957,0.77003,0.83641,1.575,0.25664,1.257,0.41939,0.33951,-0.13694,0.28413,-0.30318,0.17929,-0.5029,-0.171,-0.83598,-0.46557,-0.45477,-0.043767,-0.63098,-0.74704,-1.061,-0.14412,-1.5835,-0.63607,-0.51652,-0.37921,-0.81509,0.00015171,0.30512,-0.4072,-0.54418,-0.71951,0.11107,-0.79591,-0.67941,-0.87998,-0.67895,0.63797,0.7662,-0.010918,-0.1272,-0.34298,-0.11616,-0.21297,-1.1497,-0.3394,-1.6063,-1.5039,-1.3192,-1.0477,-0.68557,-1.1727,-0.08429,0.045557,-0.84951,-0.76981,-0.032501,-0.75978,-0.29822,0.17055,0.23271,0.65571,-0.16983,-0.72681,-0.17404,-0.092968,-0.48495,-0.38377,0.58166,0.016622,0.23069,0.82924,0.91397,0.69751,-0.11788,0.74631,-0.58058,-0.48592,-0.40784,-0.42705,-0.68893,-1.1468,-0.92211,-0.22254,-0.9733,0.17323,0.16351,0.25708,0.53248,1.0089,0.65865,-0.63641,-0.0042672,0.18558,0.207,-0.11249,-0.30019,-0.72111,0.36062,-0.79414,-0.15952,-0.84855,-1.0796,-0.19293,-0.86595,-0.43556,0.28404,0.13135,-0.43617,-0.86463,-0.058885,0.784,0.014604,-0.42373,0.5415,0.68911,0.44964,0.10292,0.3153,0.99899,0.28661,0.47907,0.39438,-0.10455,0.44501,0.43888,-0.41475,-0.19926,-0.75822,-0.894,0.16034,-1.1039,-0.44363,0.46369,-0.27686,0.030593,-0.0073436,-0.15077,0.80476,0.22195,0.049645,0.67886,1.7735,0.5176,0.37236,0.64706,-0.34056,0.050688,-0.31464,-0.3828,-1.157,-0.8825,-0.5565,-0.35765,-0.15739,-0.4878,-0.14189,-0.26637,-0.31851,-0.15989,-0.97147,-0.50293,0.25747,-0.51142,0.45943,-0.72191,0.038782,-0.19972,0.0014196,0.32266,0.22482,-0.23048,-0.37505,-0.75947,-0.81534,-0.44478,-0.95785,-1.1697,-0.71012,-1.5602,-1.1013,-0.63123,-1.1153,-0.45722,-0.27675,-0.34198,-0.085357,-0.63194,-0.45316,0.11682,-0.4347,0.18572,0.25681,-0.35321,-0.33413,0.59198,0.26511,0.027535,0.14615,-0.20961,0.60691,0.41099,-0.059778,0.34652,-0.35218,0.73031,0.41537,-0.1347,-0.86675,-0.14259,-0.20319,0.4709,0.61117,-0.51013,-0.94909,-0.66407,-1.17,-0.42314,-0.54918,-0.6903,-0.94523,-0.57694,-0.55419,-0.39489,-0.1289,-0.11297,-0.84073,-1.4992,0.060761,0.25521,-0.57385,-1.0742,-0.808,-0.080763,0.24776,0.55621,-0.60416,0.6769,-1.5944,-0.87036,-0.08757,-1.3068,0.4362,0.46446,1.2758,1.1137,0.27526,-1.0007,-0.35513,-0.02492,1.3063,0.99833,0.31462,-0.34844,0.64688,0.33401,-1.2667,-0.31037,-0.43504,-0.86581,-0.032162,0.70131,-0.098951,0.42064,0.28042,-0.058746,-0.16374,0.7911,0.3804,-0.56814,-0.051958,0.16028,0.91336,0.16579,-1.4061,-0.72514,-1.1559,-1.0368,-0.77095,-1.4123,-0.68931,-0.26759,0.16773,-0.75856,-0.65846,0.4197,-0.43942,0.13303,-0.060358,0.023151,-0.084308,-0.43555,-0.2566,0.53848,0.57656,0.23179,0.60788,0.87363,0.92506,0.71692,1.0402,1.1538,1.3044,0.95522,-0.46902,1.1685,-0.21464,-0.99159,-0.48669,-1.728,-0.81885,-0.22541,-0.32352,-0.09782,0.54592,0.15287,0.20681,0.2249,0.59485,1.0732,0.16684,0.67061,1.3284,0.040171,0.43875,-0.11105,-0.70109,-0.40911,-0.39697,-1.2158,-0.45349,-0.18266,-1.567,-0.42671,-0.47499,-0.15969,-0.70153,-0.59225,-0.50628,-1.225,0.33106,-0.32401,0.013948,0.41284,1.033,0.56855,-0.091089,-0.39024,0.95505,0.30508,0.53007,-0.76361,0.22645,-0.054316,0.74141,0.57967,0.73358,1.0452,0.39888,-0.27722,-0.096616,0.1513,0.6118,-0.10676,0.87685,0.099819,0.72627,0.061296,-0.13935,0.041199,1.0833,-0.33436,0.040952,0.63178,-0.68202,0.30308,0.77193,0.76509,0.75784,0.51639,0.70078,0.15941,0.8932,0.25495,1.1741,0.35342,0.81964,0.10405,0.95262,-0.36818,-0.29655,-0.13126,-0.29921,-0.29177,-0.18553,-0.16949,-0.5214,-0.22416,-0.44161,-0.024643,-0.16718,0.2314,1.1597,0.87742,0.39429,0.26225,1.011,-0.051885,0.62361,1.0538,0.92056,1.1753,0.4159,0.14002,0.78955,-0.29628,-0.054867,0.86398,1.8851,0.23984,0.95567,-0.11631,-0.089874,-0.69416,1.2144,-1.2606,-0.5634,-0.38065,0.16363,-0.02968,0.1671,0.4761,0.73468,-0.3482,-0.41071,0.12046,0.15277,0.084288,1.7092,0.42282,-0.18614,-0.42641,-0.20815,-0.9753,-0.72102,0.36742,-0.64865,0.62326,1.2597,-0.2338,0.4907,-0.092781,-0.83066,-0.07985,0.15379,-1.1871,-0.049334,0.1336,0.41804,1.1395,0.60284,-0.26631,1.2375,0.28632,0.42823,0.16911,1.5662,1.2062,1.2044,0.8234,0.073193,1.4265,-0.17881,-0.038182,-0.37183,-1.306,-0.5707,-0.95392,-0.1761,0.066847,-0.30111,-0.27956,-0.98411,0.8634,-0.49818,-0.37798,0.55616,0.043508,-0.28745,0.21643,0.81908,0.30936,-0.082483,-0.4092,0.39785,-0.028881,-0.3225,0.76251,-0.92239,0.0051922,0.76481,0.6131,1.0464,0.88074
1.2293,0.76661,-1.0689,1.969,2.3486,2.3739,2.2028,-1.1375,2.688,1.2792,2.5284,1.5736,-0.27175,0.52076,1.3839,2.0438,2.2101,0.55908,-1.3188,1.6799,-0.24842,1.1317,1.8215,-0.46503,-0.22977,0.10434,1.4898,0.73972,-0.893,-0.62383,1.8685,1.0213,0.84997,-0.90977,1.514,0.123,1.1127,1.3604,1.8431,2.2495,2.3772,1.5993,2.1821,2.4812,-0.15288,2.4499,2.0668,2.4062,3.066,2.2111,2.6024,0.90001,2.2402,1.1614,-2.4357,-0.54415,0.38003,0.62286,2.9213,3.192,-1.253,-1.2596,2.3226,1.6426,0.15326,-2.4805,1.3812,1.7106,1.0258,1.2196,-0.33836,2.0084,0.57214,2.4509,2.7464,3.058,-0.43921,2.1169,1.1309,2.2652,1.1867,-1.9184,2.8618,2.411,2.4861,2.5095,-0.35714,2.0836,1.9207,3.0778,-0.26415,0.32247,0.31888,0.89502,1.6968,1.3031,0.87642,-1.288,0.21969,2.4423,2.6867,2.0506,0.45412,1.0375,2.9862,2.5215,1.454,-1.1333,2.043,1.9716,2.8023,2.2606,0.19905,0.70606,1.3232,1.44,1.4932,-0.77392,0.81343,1.6657,1.834,1.774,-0.76689,0.95078,1.3687,1.6973,2.1411,-0.81553,0.60081,1.6653,2.0355,0.21846,-1.2669,-1.3699,-1.0986,-0.91095,1.3952,0.90181,-1.8187,-2.1114,-0.76512,2.5095,2.6528,0.014701,-1.5513,1.2036,2.3091,1.934,2.8142,-0.66099,0.032846,1.1676,1.6469,2.2423,0.047592,-1.0293,1.3301,3.1535,1.865,1.0528,-0.75463,0.81813,1.7092,1.9461,1.5146,-0.58996,-0.5813,1.0777,1.1555,1.2651,1.5898,-0.11794,0.4209,2.1676,2.9358,1.9292,1.1067,0.033393,1.8142,1.6761,-1.1231,-0.75546,-0.85111,1.4862,1.7935,0.56234,-1.0905,-0.079039,1.85,2.1535,0.47784,-1.019,1.1273,1.1198,1.1158,-1.6744,-1.4725,-1.5452,0.81941,0.53073,-1.3639,-3.4745,-2.4309,-3.3794,-0.85367,-1.4562,-1.8407,-0.51828,-1.5856,-1.4606,-0.24472,-0.34317,-0.95772,-0.69479,-0.34177,-0.46722,-0.30074,-1.1171,0.52975,-0.41499,2.7698,2.07,-0.92915,-0.35919,0.089109,-0.2618,2.2841,-0.81187,-0.061367,-0.51008,0.49521,2.3701,-1.714,-0.14499,-0.32511,-0.25121,0.76124,-1.1445,-0.90921,-1.3712,-0.89439,-0.43183,0.11331,-2.1985,-1.535,-1.6539,-0.55198,-1.2881,0.25109,-0.22495,-0.13922,2.0869,2.3587,-0.78952,-0.76853,-0.31797,0.58692,0.32601,-0.88057,-0.95117,-0.4612,-0.17085,-0.76102,1.3404,-0.79114,-0.56615,-1.1874,-0.65526,-2.0737,-0.21554,-0.96423,-1.7696,-0.96212,-0.70519,-0.46144,-2.4127,-2.895,-1.3946,-1.4938,-1.0325,-1.5957,0.14051,-1.3081,-2.0444,-1.7735,-0.076377,-1.3294,0.10221,-1.45,-1.3147,-2.3193,-1.6838,0.16559,-0.041886,-1.6266,-1.3515,-1.4386,0.69374,0.012034,-1.7509,-1.5802,-2.1171,-2.6139,-1.9969,-1.3985,-2.1289,-1.4344,-1.6514,-1.8588,-2.4668,-2.011,-2.2044,-2.5615,-2.5927,-1.8676,-1.3967,-0.97091,-1.3073,-0.72373,-1.1865,-1.0334,-1.5708,-0.72981,-0.94425,-3.311,-1.6377,-2.2639,-1.4221,0.089313,-1.5016,-1.7878,-1.9973,-1.7207,-1.9509,-1.9369,-2.0814,-1.654,-2.2658,-1.7687,-1.8635,-2.451,-1.6965,-2.602,0.32566,-3.0129,-2.0444,-3.0735,-2.158,-2.7342,-2.4645,-0.76498,-2.0307,-0.7879,-1.5463,-1.6057,-0.55029,-0.034792,0.08866,-0.56554,-0.0036865,-0.41446,-0.4222,-2.6385,-0.91053,-0.94089,-0.91733,0.14146,-1.5691,-1.1829,-0.99969,-0.24808,0.039033,0.08431,0.026404,-0.00078103,-0.010583,-0.76233,-0.91197,-1.6492,-1.6627,-2.8518,-2.9576,-2.2915,-1.1231,-1.5545,-0.94778,-2.1388,-2.3079,-1.4367,-1.8334,-3.2642,-2.31,-3.0517,-3.0989,-2.1489,-1.9187,-0.013663,-1.5144,-1.325,-1.5837,-0.91972,-1.6851,-1.586,-1.438,-1.9203,-2.4156,-1.8633,0.82865,-0.73278,-1.5576,-1.4314,-1.9128,-3.1547,-1.984,-3.2833,-3.1794,-2.9175,-1.3647,-3.0893,-2.5526,-2.4106,-2.1506,-4.9647,-3.6151,-4.14,0.17041,-1.4103,-0.74099,-0.70441,-1.5694,-1.5865,-1.8963,-1.5491,-1.8613,-1.683,-2.8499,-1.056,-2.3879,-0.24298,-1.0579,-2.4205,-1.271,-1.5233,-0.57787,-0.76865,-1.6197,-1.1512,-1.553,-0.20065,-0.18286,-0.66717,-1.2579,-1.9416,0.39997,0.19367,-0.79317,0.70999,0.6164,1.0268,-0.88039,1.2496,0.37661,0.6278,-0.22829,-0.56112,-0.17657,-0.37534,-0.088979,-0.7412,0.082903,-1.8165,1.9117,-1.4853,-1.0199,0.47934,-1.1479,-0.44556,-0.76051,0.69337,0.23126,-0.29273,-0.32696,0.27336,-0.064691,-1.6916,-1.6575,-1.615,0.43928,-0.20376,0.83456,-1.2559,-1.9763,-0.91113,-1.2955,-2.2652,-1.1955,-1.4102,0.15815,-0.91523,-0.37996,-0.87248,-0.75843,-0.3011,-0.05057,-0.79429,-2.289,-1.4216,-2.2887,-1.3315,0.41889,-1.1059,-1.7211,-0.040426,0.86745,1.152,-0.94746,-0.51214,-0.97862,0.14009,-0.24939,-0.014669,-0.76382,-1.0556,0.14079,-0.24756,0.43009,-1.1823,-2.5835,-1.5908,-2.9221,0.85174,-2.9896,-1.7847,0.52913,-0.24639,-1.1189,1.4419,-1.199,0.40962,0.70735,-1.3207,-0.27496,-0.37556,-0.27713,-0.16711,0.64954,1.0794,-2.0564,-2.832,-0.60447,-2.135,2.0396,1.1168,1.0342,0.5635,0.60804,-0.64398,0.247,-0.33925,-0.9614,-1.2185,0.049313,0.24427,0.79188,-0.45058,0.47437,0.42793,0.90699,0.85066,-0.21751,0.11396,0.38208,0.97263,0.14253,0.63249,0.84878,1.2481,1.342,1.1237,0.61877,0.077283,0.2393,1.2788,0.92252,0.6909,1.2069,1.1196,1.4094,1.8859,1.254,0.54265,1.9553,1.0851,0.70079,1.4596,1.2662,0.64941,0.63461,0.92638,0.92083,-0.11091,-0.42621,0.85661,0.85237,0.97063,0.9682,0.92459,1.296,1.0546,2.5191,1.6162,1.3424,0.7641,0.48264,1.0329,1.0702,0.87589,0.1111,0.15463,0.2795,0.22851,0.17116,-0.37243,-1.0555,0.34319,0.61908,0.32012,0.0031772,-0.52708,-0.077421,0.053436,1.3013,0.72698,0.50625,0.83806,0.60084,0.90999,0.71777,0.45431,1.1332,0.049347,1.1253,1.4113,0.24289,1.1679,0.65603,-0.33086,0.40753,-0.23232,0.27321,0.58334,0.37238,1.7749,1.2037,0.32388,0.21728,0.83559,-0.13977,0.12233,1.1609,0.27513,0.43785,0.55659,-0.10631,0.040243,-0.19465,0.58571,1.303,1.0947,0.32991,0.81958,1.7708,1.9459,1.471,0.2114,-0.33653,-0.81275,0.49647,-0.0014251,0.91272,-0.55704,0.4185,-0.14836,1.7151,0.12569,1.2284,0.80886,0.77444,1.8884,0.57284,0.10628,1.0755,0.67205,1.5358,0.83507,-0.75028,0.78069,0.18655,0.14355,-0.10949,-0.75958,0.603,1.1007,1.1577,0.94984,0.31538,0.95604,1.1824,1.0196,1.4378,0.9516,0.23753,1.0053,1.1216,1.1262,0.050464,-0.12006,-0.0092809,1.0337,1.9861,1.1972,0.81794,0.75986,1.6938,0.38147,-0.016267,0.94947,0.27814,-0.38271,1.4536,-0.10307,0.037175,-0.19528,0.35063,1.04,0.39104,1.3694,1.309,1.247,1.0894,0.2724,-0.13887,0.50064,0.48979,0.80353,-1.0813,0.0052413,0.26929,-0.5504,0.78353,-0.59227,0.64081,0.6441,-0.0057388,0.61962,-1.1691,0.14778,0.17086,-0.1584,0.27396,-0.46243,-0.79112,-0.33365,1.4802,1.3856,1.3866,1.1414,0.90796,1.5672,1.3148,1.613,2.2204,1.1307,1.4863,2.238,0.79182,1.5284,0.46806,-0.20054,-0.22718,0.0055099,0.65737,-0.23139,-0.77215,0.75778,-0.14014,-0.13006,0.97612,1.5305,1.9482,1.4883,2.1975,-0.1138,0.35232,1.0392,0.89278,0.98374,0.028465,0.78711,-0.032719,2.0721,2.2882,0.64656,0.76813,-0.34591,0.70894,-0.11586,-0.52025,-0.57902,-1.0082,-0.74407,-0.59402,-0.21607,-1.2342,1.3393,0.56369,-0.37934,0.64634,0.90236,0.21602,0.9776,1.7428,0.9851,1.2989,0.91763,0.65488,0.2035,0.052027,-0.38208,0.073144,0.19189,0.11813,0.35417,-0.3962,0.15358,-0.80451,1.1152,-0.1404,0.16041,0.59104,0.11168,1.0377,1.1554,0.59678,0.82368,0.35842,0.37819,0.0023252,0.16737,0.23433,-0.17214,-0.28683,0.11523,0.047666,0.38672,0.95375,2.3906,2.0576,1.8409,0.49213,0.47452,0.22798,0.85275,-0.55072,-0.32651,0.40706,0.44217,0.8543,0.17511,0.74917,0.86936,1.5311,0.38793,0.11719,-0.58773,-0.13724,-0.28335,-1.0816,-0.25461,-0.5085,-0.76308,-0.40661,0.18292,-0.27288,-0.36995,-0.47698,-0.17915,-1.1028,-0.2258,-0.64942,0.12865,-0.52681,-0.80822,-0.91136,-0.43516,-0.87585,-0.56086,-0.70363,-0.56081,-0.78845,-0.12556,-0.69617,-1.1349,-1.0779,0.085309,-0.77002,-1.0905,-0.83611,-0.46062,-0.59097,-0.41851,-0.56159,-0.77269,0.22395,0.52637,-0.4966,-0.59257,0.14993,-0.45282,2.5191,0.72571,0.24275,0.24571,-0.81367,0.35066,-1.2479,0.13858,1.4025,-1.1173,0.46873,2.4934,0.10124,1.1455,-0.14029,1.7411,1.9948,-0.64148,-0.32156,0.56979,1.7039,0.8419,-0.28451,0.31637,0.073512,0.42325,-0.85871,0.0955,0.042563,0.96408,0.81503,1.5544,1.0692,-0.603,-0.17156,-0.2448,1.0496,-0.48495,0.28257,-0.30162,-0.91756,-0.18953,-0.33363,0.88169,1.0195,0.81359,0.65651,1.6181,1.6383,0.99269,0.43796,0.70979,0.21107,1.9678,1.4717,-0.88519,0.43669,0.77114,1.3448,-0.77104,0.85341,0.99183,0.68776,-0.070394,0.81255,0.16279,-0.7446,-0.37051,0.014351,-0.40615,-0.85753,-0.79328,-1.1367,-1.0441,0.19877,0.17516,-0.3189,-0.28835,0.77912,1.3504,2.4304,1.8624,0.60769,1.2241,2.0764,1.5394,0.80277,0.29446,0.45331,-0.30665,0.53734,0.64409,-0.61466,-0.75565,-0.13917,-0.53875,0.43796,0.45423,1.235,2.8305,1.2635,0.18696,0.29321,1.6992,0.66576,1.1593,0.98252,1.581,0.12091,0.094566,0.055996,0.46178,-0.016854,-0.61913,0.46699,-0.70934,-0.49214,-0.019025,-0.99545,-0.73952,-0.74692,-1.3864,0.154,-1.1261,0.083037,-0.46161,-0.35604,-1.4328,0.21682,-0.88637,-0.26629,-0.61858,-0.81921,-0.40947,-0.13822,0.063935,0.14606,0.7225,0.72026,1.4049,-0.27756,1.352,0.26786,0.42321,-0.12175,0.93404,0.10782,1.1954,1.0531,0.041943,0.37584,0.49591,0.1883,-0.53234,-1.5463,0.018585,-0.4599,-0.6398,0.12689,0.084743,0.24074,-0.48011,-0.30794,-0.28397,0.38662,0.61272,0.221,0.39214,-0.83128,-0.75472,-0.84141,-0.59992,-1.1875,-1.3519,-1.1789,-1.4047,-1.5822,-0.84071,-0.84464,-0.90797,-0.956,-0.17829,-0.63864,-0.46795,-0.65936,-1.6894,-1.3093,-1.7103,-0.10311,0.81675,0.6159,-0.36884,0.75292,1.2766,1.9934,0.7389,0.87902,0.29458,1.5643,1.4268,1.3646,-0.26473,0.53802,1.221,0.17168,0.95746,1.1821,1.1766,0.15824,-1.2509,0.34213,-0.35426,-0.24734,0.55165,0.25982,-0.24899,1.1536,-0.33559,-0.703,0.29338,-1.3122,-0.63654,-0.83213,-0.64776,-0.12092,-1.0789,0.19811,-1.0211,-0.31731,-1.0735,-0.77428,-1.6237,-1.2238,-1.9895,-1.5876,-0.9527,-1.7626,-1.7318,-1.4355,-0.34981,-0.67738,0.81119,0.2789,-0.33777,-0.54524,-0.045237,0.229,-0.27196,0.85457,1.0803,1.5853,1.1484,0.62738,0.47738,1.0417,0.47198,-0.28069,-0.70303,-0.29893,-1.1313,-0.62836,-1.2687,-0.12365,-0.91377,-0.10845,-0.96759,0.33675,0.26616,-0.33182,-0.7731,-0.017556,0.95344,0.75666,-1.178,-1.7003,-0.85997
-0.44618,-0.47312,0.55761,-1.3131,-1.4609,-0.93779,0.45699,1.5269,-1.0784,-1.2634,-1.1036,0.067588,0.27683,-1.8529,-0.88401,-0.97565,-1.1303,-0.10167,-0.42237,0.1934,-0.46557,-0.24572,-0.57347,0.23581,0.19456,-0.14394,-0.1701,0.83476,0.13459,-0.32704,0.043527,-0.20008,0.68173,-0.49473,0.15006,0.46522,0.69747,-0.027895,0.57286,-0.42008,0.15905,-0.15971,-1.107,0.49182,-0.10459,-0.68568,-0.79786,0.61285,0.16995,0.21834,-0.86528,0.3653,-0.42902,0.68764,0.035405,-0.29602,-0.92265,-1.2389,0.89713,0.14147,0.411,-0.7586,0.47968,0.60412,0.70609,0.80417,-0.12,-0.098132,0.64302,1.803,1.2532,1.1077,1.3504,-0.58091,0.19512,1.1483,0.28815,0.30269,-0.51684,0.56152,1.7009,0.70117,0.23815,-0.43401,-0.085945,0.098729,-1.359,-0.37477,-1.6571,-0.4558,0.069463,-0.84369,-0.38876,0.059712,-1.9133,-0.512,-0.054457,-0.093751,-0.6961,-0.37014,-1.3165,0.83062,-0.17349,-0.9756,-1.3455,0.1633,0.5634,0.88559,0.054516,0.5361,-0.5415,0.72264,0.69369,-0.84402,-1.103,-0.5378,0.067552,-0.90377,-0.2042,-0.079971,-0.72488,-0.13855,-0.32447,-0.77424,-0.52085,-0.82134,-0.0017471,0.42155,-1.0342,-1.012,-0.6194,0.29137,-0.73685,-0.46122,-0.42153,-1.2844,-1.5866,0.87326,-0.26957,-0.56564,0.46746,-1.0698,0.014739,0.3696,-0.96306,-1.3209,-1.8169,-0.46184,-0.91607,-1.4857,-0.99757,-0.33142,-1.5834,-0.56098,0.24474,-0.44994,-0.8616,-0.10209,-0.29971,0.1883,-0.72382,-1.1167,-0.46366,-0.098277,0.26495,1.185,-0.2678,-0.75296,-0.70644,-1.3125,0.1548,0.023475,-0.36632,-0.18451,-0.94824,-0.11967,-0.42146,-0.11685,-1.646,-0.54113,0.4701,0.34537,-0.67479,-0.58085,-0.40086,-0.077139,0.40286,0.20125,-0.90851,-0.0315,0.4326,0.08833,0.082473,0.52683,0.66781,-0.052692,0.26645,0.11088,-1.5235,-0.035206,0.12949,0.69621,0.20935,0.95714,0.42452,0.51821,0.33533,0.34008,0.24429,0.13652,-0.47508,0.45748,-0.19493,-0.37126,0.57215,0.56274,1.068,0.59416,0.77125,-0.20045,0.023224,0.98533,1.0578,-0.10882,-0.90565,-0.5749,-0.22109,-0.10397,-0.83081,-1.1634,-0.37121,-0.28825,-0.46631,-0.66106,-1.1649,-1.1399,-1.046,0.12652,-0.59491,-0.38407,-0.14459,-0.3945,0.23097,0.18041,-0.7573,-0.37113,-0.1412,1.6588,-0.24953,0.50924,-0.8114,-1.7856,-0.084416,0.93428,-0.48391,-0.24069,-0.27408,1.1328,0.80208,0.61757,0.58114,1.0288,0.37083,0.1897,2.0812,0.14438,0.50702,0.20969,1.1143,1.2895,1.2793,0.31563,0.89576,0.95805,1.2782,1.2217,0.40148,0.4599,0.4799,0.72517,0.18957,0.89093,0.28759,-0.017959,-0.79,-0.81991,-0.16878,-0.76183,-0.20826,-0.43146,-0.20829,-0.646,0.2868,0.60475,-0.093764,0.46766,0.7764,1.067,0.99357,0.39681,0.54951,0.58896,0.78332,1.1081,1.3253,1.4546,0.89857,0.10007,1.1153,1.0469,0.28038,-0.3968,0.53905,1.2188,0.73602,0.010476,-0.423,-0.27758,0.089981,0.21463,0.27277,-0.30546,-0.81115,-0.62228,0.69092,1.0916,-0.99217,-0.46191,-0.68498,-0.060518,0.95543,0.10212,-0.18352,-0.12865,-0.23591,0.020668,-0.52173,-0.087697,-0.39024,0.78515,-0.76924,-0.44807,-0.55806,-1.3056,0.57812,0.73113,0.062052,0.37725,1.4795,0.39749,0.37811,0.21664,0.35986,-0.76527,-0.64556,-0.61128,0.4042,-0.15837,0.031888,-0.81798,-0.3345,0.43559,-0.081312,-0.92209,-0.73968,-1.145,-0.85337,0.96571,-0.76269,-0.77993,-0.72191,0.02947,1.0003,0.71057,-0.050498,0.64246,0.49322,1.3511,0.27119,0.51701,0.25134,0.7182,0.45325,0.26487,-0.30785,0.30932,0.71072,1.3909,0.77382,-0.20581,-0.3941,0.97008,1.2488,1.1005,-0.39515,0.87284,0.15063,0.93401,0.64794,0.58846,0.49169,0.19689,0.37334,1.8742,1.3927,0.15878,0.53095,0.99016,1.8358,-0.089767,0.04155,0.12483,-0.41699,0.20633,-0.12688,-0.26781,0.51315,1.4892,1.1033,0.95966,0.12684,-0.78715,1.318,0.55053,0.87574,-0.046272,-0.25051,-0.096665,0.52196,1.7093,0.53766,0.59796,1.3744,0.50865,1.288,0.31006,0.4434,-0.50654,0.33435,0.49597,0.9329,0.19259,-0.070136,0.24335,1.2281,0.69166,-0.026555,0.46785,0.30725,1.1003,1.2302,0.59007,-0.099372,0.65445,0.95514,0.96031,-0.43734,0.13813,-0.54514,0.85042,-0.87892,-0.99286,0.78919,0.31843,0.57151,0.71438,0.49403,1.3094,0.73642,2.5751,0.53871,0.18831,0.025877,0.15523,0.77315,0.40292,-1.0161,-0.44021,-0.39472,1.0024,0.23353,0.49788,-0.11924,0.6836,1.0088,1.7247,0.93862,0.59465,-0.90814,-0.58263,-0.051835,0.25587,-0.4257,-0.55099,0.90881,0.12667,-0.31405,-0.38792,-1.0967,0.57338,0.29917,-0.54836,-0.33802,-0.3023,0.31068,0.12614,-0.32196,-0.42803,-0.85083,-0.018223,1.0285,-0.35276,0.46409,-0.24727,-0.54577,-0.44629,0.0029777,-0.31425,-0.82689,-0.42937,-0.021708,-0.24703,-0.76025,-0.70489,-0.55463,0.038688,0.77245,-0.16494,0.11957,-0.19453,0.1979,0.60192,0.19839,-0.40605,-0.6664,0.2523,0.27765,0.0025917,-0.80393,-0.44877,1.1449,0.32489,0.56995,0.56231,0.17278,-0.59878,1.7561,0.58766,0.97086,-0.45875,0.73086,0.7369,-0.17735,-0.12753,-0.76189,-0.25195,0.90819,-0.18198,0.70377,0.14233,0.5363,-0.59498,-0.041871,0.48397,1.0775,-0.097398,0.89418,-0.43542,-0.10437,0.79595,0.35774,-1.0629,0.1386,0.53579,-0.35858,-0.10005,-0.77758,-0.1029,0.66583,0.28926,0.71867,1.5318,-0.40253,0.6924,1.8661,-0.0033488,0.034238,-0.17595,0.14928,0.59831,-0.12785,0.13465,0.60549,-0.27043,0.96528,0.29467,-0.14065,0.2614,-0.24209,-0.49656,0.49119,-1.5596,-0.20048,-1.0537,-0.58987,0.34813,0.17943,-0.42012,-0.31638,-0.30149,-0.066937,0.65628,0.7453,-0.17137,-0.95169,0.017992,1.789,0.19071,-1.4318,0.88388,0.2438,0.76337,-0.43054,-0.49185,0.43106,0.53943,-0.039446,0.20667,0.86834,-0.50982,-0.21644,-0.5549,0.8735,0.1432,-1.2399,0.26114,-0.87626,0.46895,-0.023452,-0.76077,-0.085784,-0.56313,-0.19108,-0.31599,-0.43516,-0.33086,-0.11179,0.0056264,1.2071,0.33947,-0.13608,-1.069,0.48419,1.072,0.15362,-1.0393,-0.82451,-0.4458,0.21367,-0.54569,-0.96021,-0.0029375,0.35514,-0.47211,-0.74653,-1.6278,-1.2935,-0.6735,0.01744,0.23386,-0.94511,-1.4368,0.22274,1.0287,0.29692,0.92063,0.45966,0.37475,0.63236,1.0395,0.64238,0.91801,-1.1141,1.2314,0.49653,0.45554,0.14729,0.28736,-1.0825,-0.21636,-0.067715,-1.3416,0.31586,-0.49721,0.34365,0.35887,0.14548,-0.26131,-0.86538,0.5129,0.32355,-0.98699,-1.3636,-0.41756,0.38113,0.86633,-0.070663,-0.040503,0.12042,0.35151,-0.3698,-0.48321,-0.83059,0.073415,-0.74332,0.15938,-0.12487,0.20132,-0.53958,-0.46032,-0.58077,-0.63843,-0.95091,-1.4186,0.79794,0.15658,-0.31083,-0.25694,-0.088729,0.23337,0.43113,-0.089532,-0.1995,0.26402,-1.2829,0.54211,0.72217,-0.34529,-0.25249,0.58413,0.94761,-0.66186,-0.31694,-0.40957,0.44777,-0.34977,-0.31681,-0.11826,0.74238,0.71747,-0.317,-1.2858,-0.16123,-0.3835,-0.11453,-0.40265,0.023638,-0.54999,-0.35281,-0.45708,-0.21745,-0.47448,-0.67924,-0.73961,0.18088,-0.23262,-0.97767,-1.4061,-0.87466,-0.095926,0.060754,-0.77136,0.089973,-0.015431,-0.2651,-1.3126,0.046706,-0.054488,-0.37025,0.55169,-0.30882,0.2378,-0.37149,-1.011,-0.72251,-0.38824,-0.70618,0.11265,-1.5774,-0.12612,-0.69746,-0.10796,-0.28273,0.37198,0.81429,0.17063,0.034075,0.78423,0.98578,-0.48927,-0.95652,-0.059394,2.1628,0.12119,-0.15255,0.29552,1.1851,-0.015526,-1.0442,-1.0256,-1.1703,-1.3245,-0.45558,-0.4305,-1.3633,-1.5426,-0.68125,1.3433,0.58412,0.077353,-0.0011984,-0.63955,1.4805,0.44046,-0.56393,-1.17,-0.45888,0.061357,-0.72765,-0.61108,-0.71431,-0.16738,-0.59131,-0.79176,-1.4727,-1.6371,-1.062,0.68203,0.53487,-0.17924,-0.77559,0.60515,0.1243,-0.16361,0.052262,0.40027,1.0638,1.0937,-0.26902,-0.16753,-0.49405,-0.25785,0.07573,-0.68662,-0.66366,-0.54316,-0.1129,-0.22215,-0.38659,0.073276,-0.5909,-0.3991,0.40757,0.22238,0.28552,-0.70227,-0.87064,0.10127,0.23795,-0.69698,0.47985,-0.63759,-0.44812,0.47287,-0.15735,-0.13349,0.1262,0.14097,0.031042,0.036634,0.33199,0.87162,0.33616,0.10164,-1.2353,0.038398,0.43634,0.31659,-0.22915,-1.2097,0.34481,0.68296,-0.45284,-0.27132,0.3133,0.13383,-0.022886,0.1024,-0.42686,0.72475,0.34092,1.0649,0.62947,0.19718,-0.15568,1.3519,1.3782,0.81435,-0.0038534,0.90366,0.66432,0.14221,1.241,-0.18915,0.8395,1.1874,0.85737,-0.088727,0.27027,-1.5416,0.35324,1.2329,-0.59599,-1.1195,0.13403,0.71773,-0.30239,-1.7469,-0.23795,-0.99355,-0.29568,0.70639,-0.68632,-0.57138,-0.63923,0.43087,1.105,0.63185,0.41688,0.079341,1.5432,0.31883,-0.43382,-0.56976,0.34922,0.19732,1.3735,1.1469,-1.1212,-0.55262,-0.54897,0.09783,0.58638,-0.67998,-1.3385,-0.19203,-0.37895,-0.60383,-0.71329,-0.85946,-0.20735,0.082263,-0.32959,0.19873,0.27901,-0.14838,-0.76698,-0.84204,0.43526,-0.73466,-0.1894,0.078679,0.42564,-0.0029378,0.89284,-1.0346,-0.23396,-0.37526,1.4255,-0.36329,-0.75252,-0.7592,1.1369,0.81808,0.19381,0.38818,0.39801,-0.2934,0.32448,1.0488,0.40358,-0.15658,0.33167,-0.69204,0.21866,0.42697,-0.13792,-1.3384,-0.40784,0.85686,0.72029,0.2404,-0.13844,-0.23847,1.1532,1.0418,-0.022338,1.1054,0.68359,-0.041704,1.0061,-0.67792,-0.30106,-0.22239,-0.051589,0.3472,0.49962,0.57321,-0.42303,0.55225,0.11162,0.3175,-0.11671,-0.61936,-0.85562,-0.6032,-0.065358,0.019145,0.19897,0.28804,0.2027,0.57311,1.0311,0.73248,0.65214,-0.020418,0.7877,1.6029,0.06884,-0.15154,-0.31003,-0.49314,0.885,-0.4543,-0.61943,-0.21109,-0.29483,-0.13862,-0.67323,-0.34298,-1.5995,-2.2368,-1.2845,-1.8604,-0.90962,-1.1194,-0.91719,-0.45472,-0.32976,-0.65369,-1.5492,-0.97176,-0.89069,0.16779,0.30438,-0.059592,-0.10638,0.42027,1.0431,-0.14775,-0.29234,0.13559,0.83109,1.9313,0.34255,0.53709,0.49807,0.70774,-0.14234,0.1606,-1.0799,-0.31479,-0.42394,-0.55593,0.17653,-0.41414,0.12367,0.87907,1.4853,1.6424,1.8083,0.21395,1.0978,0.53768,2.0003,0.60717,0.63946,0.98065,0.73007,0.33718,0.15151,-0.31979,-0.46445,0.08476,-0.66747,-0.46758,-0.39231,-0.34575,-0.68191,0.094558,-0.81651,-0.7674,-0.65479,-0.23294,0.76145,-0.26836,-1.0388,-1.6177,-0.37366,0.94893,0.46046,-0.10537,-0.22954,-0.32489,-0.82674,0.52361,-0.45712,-0.22275,-0.96841,-0.96608,1.2852,1.0719,-1.0493,0.031455,-0.12419,0.25869,1.1214,1.1732,-0.99692,-0.14851,-0.32976,0.69768,0.57062,0.18499,0.63987,0.29131,0.92278,0.22426,-0.56817,-0.85584,0.73386,0.61995,-0.31764,-0.75277,-0.6042,-0.71646,-1.2859,-0.12708,0.59629,0.29138,-0.37804,0.45656,0.31343,-0.90318,0.34465,-0.4497,0.082842,-0.0028724,-0.44493,-1.3573,-0.27046,0.92827,-1.1002,-1.9213,1.2635,0.58767,1.2059,-0.044996,-0.58772,-0.39657,0.26524,0.33207,0.36423,0.34366,-0.11919,0.059184,0.13097,0.53865,0.19626,-0.39664,-1.4506,-0.2975,0.32644,-0.66626,-1.3057
0.58199,0.67852,1.6289,-0.33464,-0.0018347,-0.1258,0.072618,-0.034568,-0.0227,-0.21107,-0.9749,-0.26376,-0.9746,-0.28146,-1.1112,-0.68315,-1.2109,-0.21897,-0.59503,-0.48721,-0.62704,-0.28034,-0.11095,-1.4855,-0.81928,-1.0096,-1.2791,-1.074,-0.055806,-1.6927,-0.21732,-1.3044,-0.62241,-1.1965,-0.86414,-0.73434,-0.57249,-1.2999,-1.133,-0.25606,-0.79828,-1.0958,-0.6277,-0.9585,-1.7427,-0.54227,-1.2291,-1.4021,-1.752,-1.6985,-0.73424,-1.4817,-0.42366,-0.88566,0.24551,-0.72307,-0.0059546,-0.5479,-1.0491,0.11932,0.57737,0.75057,-0.57329,-0.1823,-0.75882,-0.30442,-0.41806,-0.37442,-0.10956,-0.9039,-0.61869,-0.42105,0.81265,-0.59403,-0.90048,-0.31208,0.25717,-0.60315,0.49362,-0.00056628,1.1906,0.98011,0.96982,0.77852,1.2164,0.76191,0.91872,1.3518,-0.36509,1.3004,-0.051269,-0.10791,-0.5149,0.72472,-0.13907,-1.3901,0.076292,-0.64208,-0.74432,0.309,-0.48261,-0.43949,0.2882,-1.174,0.81218,-0.25399,-0.65235,-0.23121,0.3013,0.26525,0.2139,0.15759,-0.25381,-0.10304,-0.01853,1.0592,0.71476,0.92917,0.66655,1.1476,1.5308,-0.3764,1.2335,0.11476,0.90905,0.28569,0.33597,0.95949,0.26738,0.83331,1.1857,1.4013,0.82251,0.3479,0.593,1.2483,1.4604,1.031,0.16304,0.47888,0.58362,-0.14419,-0.12618,0.026496,0.38798,0.27548,0.65913,0.75587,-0.081587,0.60172,0.287,0.21164,0.50265,0.43105,0.26612,0.46437,-0.083483,0.57002,0.46248,1.1129,-0.035053,-0.43737,-0.032484,0.41217,0.32455,1.5524,0.77061,0.60127,0.17967,0.45974,-0.1931,-0.23685,-0.70198,-0.68211,-0.33204,-0.35741,-0.4107,-0.054207,0.10396,-0.013977,0.35551,-0.14416,0.12856,-0.64734,0.0094043,-0.44197,-0.19382,0.42727,-0.5957,-0.082515,1.3456,0.97584,0.12085,-0.093216,0.19439,0.93633,0.66458,0.89489,0.72374,0.64312,1.0357,0.70844,1.5173,0.75186,1.2376,1.6499,1.4421,0.96537,0.4889,0.07849,-0.52195,0.69736,-0.62298,0.51161,0.14432,0.67733,0.35567,1.062,0.51146,0.29787,0.52732,0.76557,0.98005,0.092114,0.36668,0.80145,0.64103,-0.058446,-0.85411,-1.0215,0.17878,-0.67271,-0.55348,0.069143,0.85536,0.34432,0.47337,0.23909,1.3287,-0.11845,0.53934,2.1682,1.6731,1.4834,1.5816,1.1349,0.41354,0.56048,-0.073395,0.79179,-0.040162,-0.10739,-0.47401,-0.32303,-0.47971,-0.1039,-1.3596,0.48477,1.0342,0.48829,1.1707,0.57685,0.9697,0.25976,1.1189,0.23658,0.44792,0.16146,0.47522,1.6729,1.6822,0.9169,1.0523,1.2269,0.75184,0.20693,0.72358,0.93709,0.44165,0.65951,-0.14739,0.15929,0.086053,0.21192,-0.20966,-0.070078,0.26752,-0.58829,-0.35614,-0.65358,-1.2149,-1.3935,-0.80317,-0.14267,-0.66106,-1.3197,-0.27385,-0.64277,-0.37434,-0.36715,-1.0492,-0.91663,-1.2541,-1.6289,-2.1222,-2.0963,-0.53454,-1.1479,-0.15773,-0.94683,0.27648,0.39767,-0.26356,-0.94973,-0.008642,0.20355,0.47187,0.35602,0.45555,0.64452,0.52704,-0.12728,1.0859,-0.13228,-0.69924,-0.63511,-0.7896,0.2104,-0.51671,0.10286,-0.33226,0.73879,-0.52416,0.44245,-0.74254,-0.85312,-0.4638,0.56097,-0.065306,0.18274,1.2601,0.15484,0.51042,-0.9162,0.36389,-0.32575,0.48141,0.56836,0.65181,0.25485,0.6807,-0.21673,0.73095,0.12138,0.28829,-0.79108,-0.59683,-0.24885,-0.036975,-0.54566,-0.82493,-0.65991,-0.59221,-0.46665,-0.5908,-1.0357,-1.2208,-0.099313,-0.9621,-0.1459,-1.4624,-0.13385,-0.79866,-0.83424,-0.22578,-0.5408,-0.88708,-0.1718,-0.15718,0.5245,0.94726,1.0469,1.1139,0.84872,0.65157,-0.32746,0.75832,-0.5479,-1.0014,0.61742,-0.26048,-0.32072,-0.015121,0.003601,0.23253,0.918,1.0812,0.9273,0.23996,0.76446,0.89227,0.16616,0.030277,-0.053183,0.17481,0.25086,0.99021,1.6428,0.83774,0.86993,0.78195,0.374,0.77952,0.45538,0.21155,0.33428,0.27635,-0.17994,0.23314,0.059512,0.84707,-0.30556,-0.25543,-0.80233,-0.79547,-0.25249,0.80879,-0.4086,0.08824,-0.28922,0.16316,-0.7611,-0.54943,-1.1068,-0.040378,-1.2311,-1.7482,-0.080552,-1.4046,-0.32324,-0.42902,-0.9316,-1.0205,-1.7914,-1.1821,-2.0464,-1.4729,-0.72645,-1.0044,-1.2447,-0.303,-0.53723,0.70823,-0.051647,-0.35965,0.8262,0.67869,1.1601,-0.057725,-0.38217,-0.34299,1.3189,-0.579,-0.043217,-0.48173,-0.44016,-0.23319,-0.23195,0.032201,-0.44202,0.21781,0.6769,0.0086812,0.48087,-0.11842,-0.45852,-0.24949,0.11162,-0.85189,-0.94878,-0.32349,-1.428,-0.29922,-0.36454,-1.5848,-0.022711,-0.45383,0.10833,-0.13945,-1.2048,-0.41215,-0.05799,0.0010207,0.46608,0.096734,0.153,-0.7797,-0.87792,-0.77108,-0.49184,-0.81119,0.30415,1.1749,0.99207,0.28121,0.45941,0.92288,0.29289,0.042429,0.69186,1.4756,-0.57771,-0.2898,-0.066638,0.4337,0.044067,0.4949,-0.16287,-0.68838,-0.40099,-1.1165,-0.5634,-0.34988,-0.37827,-0.35504,-0.047679,-0.28803,0.067116,0.56271,0.35052,1.1169,0.35701,1.5898,-0.76232,0.51243,0.86365,0.15083,-1.3212,-0.0014255,-1.1791,0.21388,-0.1233,-0.40549,-1.1462,0.018743,0.31565,0.34621,-1.2982,0.51017,0.64262,-1.4077,-1.3405,-1.3439,-0.54288,0.72705,-1.2192,0.93331,0.18751,-0.70212,-0.58319,-0.64844,-0.12899,-0.38596,-0.28785,-0.8187,0.088209,-0.67054,-0.19651,-0.7063,-0.43259,-1.2738,-1.2828,-1.125,-2.1979,-0.77108,-1.6256,-0.83367,-0.37378,-0.61354,0.30905,0.15514,0.91697,-0.60626,-0.22023,0.06166,0.73087,-0.046751,0.04781,-0.16391,0.9455,-0.074066,-0.55446,0.18405,1.1432,0.86592,0.41403,1.9228,0.53418,0.8493,0.90301,1.0128,0.65106,1.3446,0.29929,1.3534,-0.2678,1.2527,0.64769,1.1331,-0.066252,0.99155,0.67443,0.33625,-0.89944,0.50895,0.21799,0.45378,0.94203,1.1115,0.16545,-0.031312,-0.9082,0.22115,0.31242,0.32515,-0.15109,-0.28829,-0.093648,-0.29156,0.25292,-1.4085,-0.35225,-0.99196,-0.6168,-0.64129,-0.63626,-0.5067,-0.35784,-0.58474,-0.019708,-0.14452,0.19254,-0.83505,0.78016,-0.18709,0.96918,-0.72928,-0.38404,-0.40573,-0.20406,-0.34913,0.08763,-0.73265,0.91365,0.63176,0.97767,1.4742,1.585,0.29582,0.90625,1.2483,0.5268,0.55114,-0.19766,1.4223,1.4115,0.90919,0.48794,0.85604,1.7272,1.5066,0.78727,0.38495,-0.26861,-0.31378,-0.70507,-0.56533,0.097796,-0.59067,-0.15043,-0.053319,1.0146,1.092,0.55331,1.5674,1.3642,0.96756,2.3599,1.3303,0.8277,0.97232,1.0385,0.83578,0.3916,1.2902,1.1425,1.4041,1.182,0.38632,0.093121,1.2627,0.85327,0.45246,0.42869,0.13516,-0.029529,0.47534,0.026598,1.4421,0.96082,1.2865,0.29953,0.1772,-0.32834,-0.57564,0.093724,-0.28054,0.057952,0.067357,0.34619,1.1153,-0.062827,0.47984,-0.79428,1.5437,-0.5111,0.57845,0.95634,0.53915,0.31944,0.31783,1.0412,0.09546,0.51225,0.023323,-1.0205,-0.24056,-0.79797,-1.1948,-0.60852,-1.4308,-0.31189,-0.47358,-0.92082,0.16961,-0.63245,0.3617,0.97732,-1.3321,0.060797,1.0435,0.39914,0.040446,1.3201,0.44838,0.84066,0.73474,1.0674,1.2758,0.70499,-0.51891,0.3687,0.96524,0.67822,0.75384,0.69169,0.67592,1.0815,0.89987,-0.22043,-0.48014,-0.18249,-0.6432,-0.52819,0.2635,0.062219,0.46577,0.50093,1.3304,1.0689,1.2514,1.1402,-0.59784,0.52335,0.38062,-0.12075,-0.48656,-0.1162,-0.38951,0.48222,0.023135,-0.0061113,0.20921,-1.2272,0.03908,0.6738,-0.56648,0.06854,0.22234,-1.0248,-0.8061,-0.62024,0.45244,0.39096,0.11834,-0.012371,-0.46295,0.43132,0.8283,0.95742,0.24158,0.91399,1.2205,1.6771,-0.86109,1.1108,0.62859,0.10632,-0.13821,-0.61498,0.30624,-0.82533,-0.82939,-1.1152,0.030063,0.38382,0.31009,0.050728,-0.083176,0.32268,-0.021832,0.77783,0.15363,0.75492,0.61358,-0.52132,-0.66092,-0.86837,0.079106,-0.18527,0.11012,-0.40802,-0.31033,0.090258,-0.044476,0.28937,-0.5851,0.47675,-1.0739,0.089612,0.72721,0.4291,-0.18638,0.19857,-0.020992,-0.060653,-0.67032,-0.89175,-0.65433,-0.39128,0.022427,0.55745,-0.21285,0.67129,0.11005,0.15688,-0.090076,-0.2066,-0.78406,-0.27531,-1.0632,-1.293,0.39721,-0.72352,-1.0152,-0.54551,-1.2181,-0.79723,-1.1841,-1.178,-0.29081,-1.5436,-1.0166,-1.1153,-1.2428,-1.3708,-0.080615,-1.5396,-1.2891,-2.0179,-1.4504,-1.2101,-1.6643,-1.6059,-0.36466,-1.5677,-1.0397,-1.2036,-1.361,-0.84093,-1.0743,-1.4279,-1.1868,-0.75699,-0.95878,-0.96977,-1.4708,-1.282,-1.0235,-0.98855,-1.4118,-1.1998,-1.2343,-1.4138,-0.67796,-1.1273,-1.2546,-0.99075,-0.036629,-0.95978,-0.33449,-0.08249,0.19355,-0.54143,0.94673,0.44863,0.32234,-0.62974,-0.14252,-0.48166,-0.72577,-0.62595,-1.9912,-0.29253,0.22101,1.2303,0.48639,0.74161,-0.21312,0.27513,0.064746,0.75109,0.91635,0.49901,0.75589,0.37723,0.73167,-0.56091,0.59688,0.23884,-1.0127,1.4123,1.4882,0.37592,0.27995,1.3008,1.1848,-0.14707,0.40292,0.66754,0.24549,-0.31031,0.61218,0.06834,-0.54687,-0.65009,-1.7968,-1.6334,-0.90259,-0.68799,-0.39711,-0.17082,-0.4701,-0.98011,0.19026,0.16655,-0.21853,-0.27105,-0.37131,-0.080707,0.73315,0.26293,0.65577,0.29417,0.60508,0.70436,-0.010333,0.67497,0.23266,0.84664,0.26092,-0.12571,0.90709,0.21094,0.54628,0.71032,1.2163,1.2166,-0.094248,-0.81233,-1.1325,-0.12227,-0.23538,-0.15959,-0.71388,0.6202,0.87902,1.6388,0.044388,2.1464,0.92756,-0.043345,-0.65975,-0.98079,-0.0068241,-0.36562,-0.52843,-0.14982,0.50436,0.072694,-0.25104,0.49473,0.6517,-0.27244,0.74815,0.3206,-0.40792,-0.68967,-1.0416,-0.077355,-0.61905,-0.33315,-0.25043,-0.89852,-0.43577,0.84195,-1.2153,-0.49454,-0.44274,-0.17642,-0.17911,-0.43549,-0.41039,-0.63892,0.87072,1.1836,1.4179,-0.080753,0.80794,2.0761,1.2102,0.70256,0.24904,0.87885,1.4134,1.2176,-0.028043,-0.62833,0.11641,-0.18053,0.42616,-1.0495,-0.494,0.21276,-0.023782,0.12503,1.3216,-0.086437,0.45551,-0.041079,0.85623,1.5778,0.47779,0.2948,1.4533,0.70108,0.56922,0.68067,0.015709,0.64442,0.8848,0.75407,0.28089,-0.1365,-0.7207,-0.88856,-0.13218,-1.5763,-1.4023,-0.028817,-0.27017,-0.55837,-0.10196,-1.0671,0.30515,-0.25412,0.040189,0.94828,0.59041,0.43804,0.29825,0.76145,0.37209,-0.46967,-0.40707,0.58324,0.12214,-0.05099,0.29564,0.057776,0.37508,1.2656,0.52844,0.67259,0.87061,0.76148,0.40493,1.7088,1.3966,0.85145,1.0767,0.96447,0.54941,0.79534,1.1135,-0.084886,-0.26756,0.23844,0.33224,0.054353,0.18082,0.18974,-0.63401,0.046334,-1.457,-0.65333,-0.037153,-0.35399,0.36385,0.17256,0.1931,0.2877,0.49146,-0.087658,0.14375,0.13118,-0.68026,-0.73618,0.84873,0.017405,0.62702,1.5081,0.82631,-0.10281,0.22984,0.41945,0.34713,1.0749,0.69754,0.053632,0.59531,-1.4113,0.026655,-0.82797,1.0495,-0.308,-0.62553,0.99802,0.24851,-0.30262,-0.47243,-0.64863,-0.4774,-0.46317,-0.51013,-0.2775,-0.95566,-0.00090067,-0.48682,-0.044252,-0.27327,-0.6535,-0.063669,-0.53477,-1.0401,-0.87997,-1.1683,-0.48498,-0.75215,-0.31017,0.28649,-0.33944,0.11999,1.6124,1.236
0.81938,1.2204,1.3122,2.2711,0.55236,1.9453,1.5181,0.26895,-0.34944,-0.73431,-0.62995,-0.38443,-1.5262,-1.4639,-1.12,0.34958,0.056289,-0.3988,0.35164,0.71276,1.0847,0.82322,0.49571,0.86509,1.3441,1.1396,1.3404,1.3703,1.2361,1.6316,1.0745,1.264,1.4036,1.0278,0.15653,1.5594,0.64516,0.71387,-0.25022,0.023204,0.052026,0.82799,1.0704,0.36121,0.051498,0.19225,1.3322,0.78103,-0.027009,-1.1115,-0.63708,-0.003564,-0.06368,0.4628,-0.81539,-0.97225,-0.13264,0.070491,0.49816,-0.17113,-1.6298,-1.9516,-0.60318,0.080396,-0.35738,-0.66024,0.26833,0.014561,0.1897,0.80368,0.35631,-0.12569,0.28122,0.2882,0.30873,-0.10339,0.50062,-0.085965,0.79932,-0.088101,-1.7845,-2.0233,-1.32,-0.66836,-0.70279,-0.57274,-2.3157,-1.2952,-0.40276,-1.0051,-1.2725,-1.6347,-0.16764,-1.0537,-0.50068,-0.71142,-0.64508,-0.61124,-1.6392,-0.82043,-0.6588,-2.199,-1.5248,-1.2052,-0.37177,-0.31294,0.36826,0.16971,-0.6863,0.0052774,0.13408,0.048469,-0.64314,-0.80897,-0.15399,-0.69362,0.41607,-0.8338,-1.6225,-1.3247,-0.43433,-0.87262,-0.12114,0.046452,-0.38516,-0.49035,-0.71001,-0.95214,-2.0145,-1.0511,-0.98468,-1.8923,-1.8762,-2.1314,-1.7605,-1.637,-1.2425,-1.9098,-1.5059,-0.66818,-0.90203,-0.8113,-0.30774,-0.74183,-0.54815,-0.59023,0.17889,0.61224,-0.11622,0.27289,-0.34714,-1.2312,-0.18851,-0.75645,-2.1034,-2.0032,-0.32032,-0.61526,0.36237,0.74845,0.48061,0.14458,-0.47846,-0.86392,-0.92128,-0.60534,-0.25494,-0.46956,1.0076,0.39948,0.98633,0.92465,1.2944,1.2399,1.2038,1.3988,1.6918,1.4052,2.1174,2.6527,2.7335,1.6193,1.7471,1.7012,1.0226,0.59066,-0.12182,0.12175,-0.5658,0.39257,0.12242,-0.47454,0.16902,0.95958,1.4162,0.48604,0.015722,0.39694,-0.13596,0.79285,-0.28509,-0.58639,-0.87787,0.047729,0.46416,0.54156,0.89924,0.25575,0.15706,0.50859,0.34903,0.34199,-0.56628,-0.32489,-0.44835,-0.48904,0.91385,1.0518,0.35895,0.39302,-0.2077,0.2016,0.49349,-0.67491,-0.87164,-0.13597,-0.28335,-0.62465,-1.2942,-1.3013,-0.63925,-0.84757,-1.1395,-0.95754,-1.1811,0.75556,0.56924,0.37121,1.174,1.0453,0.10057,1.0514,-0.40166,-0.79556,-0.32939,-0.17909,1.0501,0.91489,0.85587,1.1333,0.66581,0.97735,1.4044,1.828,0.35411,0.19551,-0.72033,-0.11737,0.11595,-0.44851,-0.78736,-0.68965,-0.13975,0.097834,-0.18062,-1.0563,-2.1659,-1.7839,-1.3181,-2.0038,-2.1235,-1.3197,-1.4039,-0.36279,-1.9329,-1.1297,-1.5392,-1.6465,-0.73324,0.76798,1.8548,0.7436,0.69735,0.42791,-0.32252,0.51663,0.067742,0.30509,1.6398,0.58489,1.2258,0.40107,0.76445,0.32508,-0.65037,-0.32973,-0.11783,0.2403,0.16826,-0.38282,-0.50047,0.018043,0.40049,1.0125,-0.12887,-0.044699,1.1336,0.47648,-0.33515,-2.249,-1.992,-2.078,-1.5797,-0.28376,-1.2698,-1.3018,-1.3193,-0.7735,-0.94292,-0.78271,-0.70416,-0.5793,-0.012917,0.70102,0.62201,0.23168,-0.2096,0.92279,0.34868,-0.85562,-0.50304,-0.65855,0.21361,0.74042,1.2221,0.20767,0.38597,-0.37219,0.81472,0.21356,1.5019,0.653,1.5862,1.5408,2.1681,0.084119,1.2047,0.45936,1.1883,1.1477,1.2371,1.245,0.33386,0.44281,-0.055079,0.85776,0.68867,-0.17147,0.70567,0.94619,1.0373,0.63868,0.14794,-0.39997,0.38511,0.81067,0.77333,0.44235,-0.20285,-0.70222,0.4376,0.94814,0.99128,0.016247,-0.25858,-1.0467,-1.096,-0.31453,-1.496,-1.1938,-0.5518,-0.48,-0.24417,-1.546,-1.4074,-1.5096,0.010294,0.04092,-0.68031,-1.0734,-0.31442,0.5151,1.224,-0.88885,-1.0626,-0.093299,0.12292,0.62288,0.75609,-0.053185,-1.1875,-0.79927,-0.27534,-0.88365,-1.1872,-1.9482,-1.9669,-1.573,-1.5305,-2.0541,-1.6449,-0.62377,0.52802,-0.15567,0.042829,0.29342,0.73996,0.17174,0.91515,-0.43042,-1.3933,-1.3526,0.01818,0.95096,0.18863,0.69292,1.2,0.62044,0.93819,0.75445,-0.38629,-0.6106,-0.55363,0.629,0.35801,0.04719,1.0655,1.2785,1.0582,0.94386,0.093081,0.51626,-0.079055,0.46599,-0.14915,-0.32952,-0.22959,-0.26144,0.51223,0.78057,-0.25365,0.053401,-0.71204,-0.35976,-0.17518,-0.52331,0.1656,0.55193,1.2469,1.5523,1.3187,1.6522,0.99766,1.5704,1.1465,0.77164,-0.46386,-0.0088518,0.50322,-0.0082598,-0.42935,1.0777,0.51756,1.4495,1.0962,0.39939,-0.14313,-0.098602,-0.29454,0.057779,0.52024,0.10667,0.13582,1.6679,1.6759,0.15466,-0.55674,-0.22422,1.243,1.0648,0.72682,0.39768,0.15925,-0.59446,-1.0244,-1.7429,-1.4433,-0.75138,0.12885,0.30544,-0.78965,-0.59842,-1.4113,-1.4529,-0.4749,-0.88575,-0.15814,-0.018866,-0.12653,0.2606,0.28508,-0.2159,-0.026198,-0.71555,0.16185,0.20631,0.27318,-0.40097,-0.70783,0.44984,0.86098,0.81,-0.57794,-0.2059,-0.092968,0.67465,-0.048865,-0.92086,-1.1991,-0.71202,0.009453,0.36202,0.44163,0.028515,0.072597,-0.23825,0.37236,-0.45267,0.22976,-0.67142,-0.16441,0.14597,0.53835,-0.29424,0.2082,-0.29299,0.43229,0.26776,-1.6559,-1.4255,-0.28217,0.37828,-0.71501,-0.4098,-0.60548,-0.034723,-0.08505,-0.45586,-0.46265,-0.72026,-0.28276,0.072315,-0.16175,-0.67329,-0.63964,-0.96159,-0.53976,0.13442,0.37,-0.45434,0.38231,0.6519,1.1875,2.6543,2.6824,2.1422,1.6401,0.54528,1.7536,0.70584,0.49008,0.87469,1.0466,1.55,0.3508,0.34349,1.4938,0.81593,0.93008,0.0042592,-1.8926,-1.8263,-2.2112,-0.51018,-1.5082,-1.6246,-2.1036,-1.3474,-0.81019,-1.023,-1.3165,-0.93547,-1.0894,-0.69452,0.26915,0.085173,-0.3932,-1.2472,-1.3338,-1.3182,-0.45335,-1.2736,-0.89379,0.27623,-0.18745,0.52464,0.73743,0.040774,0.19163,1.5122,1.0265,2.2519,0.77215,0.1962,-0.622,0.73039,1.0498,0.8018,0.64409,1.0387,1.1851,2.1644,1.9971,0.67134,0.62636,0.65278,0.3693,0.43623,0.25909,0.28684,0.35976,1.0431,0.21913,-1.6557,-1.2701,-1.0098,-0.43967,0.18293,0.23023,-0.68819,-0.48976,0.6958,0.9801,0.05892,-1.1137,-0.92281,-0.50887,-0.50585,-0.24578,-0.72987,0.7488,0.87338,0.1344,-1.0891,-0.51977,0.53647,-0.28249,0.99067,0.62522,0.2302,-0.11526,0.84878,0.8899,1.9655,0.17288,0.035997,0.49295,0.41229,0.66676,-1.1107,-1.7738,-1.3252,-0.90588,-0.55722,-1.9391,-0.062749,-1.0058,-0.68455,-1.5725,-1.2125,-0.6713,-1.6321,-0.79249,-0.4366,0.36368,0.22116,-0.34236,-0.76897,0.026153,0.77204,0.12065,-0.30895,-0.89551,0.40532,-0.11187,-0.11148,-0.47551,-1.1601,0.11779,0.25499,-0.3536,0.091884,-0.0050722,0.52102,0.81822,1.0048,0.58981,1.2834,1.245,1.2003,0.84516,-0.68635,-0.11552,0.16909,-0.48525,-0.46273,-0.55174,0.26395,0.99629,1.3408,0.93769,1.6639,1.7674,1.7524,1.4556,0.6658,1.3278,1.1228,0.44759,-0.003913,-0.91499,-0.54441,-0.44657,-0.093713,-0.40588,-1.0963,-1.4322,-0.35205,0.84475,1.0226,-0.37564,-0.98525,-0.19147,-0.17699,0.0093493,-1.069,-0.91243,-0.91306,-0.66404,1.1445,-0.35517,-0.55202,-1.3439,-1.3352,-0.53177,-0.079696,0.95149,-0.36741,-0.76052,-0.86024,-0.20123,-0.16282,-0.29161,0.33901,0.30109,1.361,1.4137,0.11566,0.29963,-0.30278,1.2368,2.2474,1.7844,-0.2572,1.5373,0.13222,0.90671,0.32873,-0.083673,-0.114,0.57605,0.58706,0.46561,-1.2096,-0.91029,-1.6438,-0.24554,-1.4993,-1.4431,-0.47469,-0.1826,0.18846,-0.078586,-1.2863,-0.85683,-1.5094,-0.18034,-1.261,-1.9682,-0.5641,-0.9197,0.002578,0.026778,1.2071,-0.053259,0.072956,0.44492,0.40593,-0.024003,-1.3937,-1.6209,-0.81394,-0.40298,-0.68462,-0.31034,0.29056,0.87467,1.0289,0.20025,0.3435,0.083504,0.25918,0.9477,0.34006,0.48602,-0.69168,0.99954,1.2526,-0.51871,-0.56817,0.29391,0.75705,0.88492,0.73938,0.24933,0.41563,0.56898,-0.076952,-0.29117,0.23062,0.90835,2.2481,1.8446,1.2218,0.82399,0.85148,1.7748,0.89018,0.067506,0.675,-0.091293,1.016,0.62311,0.70841,0.32379,0.4756,0.59628,0.18895,-1.0687,-1.4113,0.32713,0.37952,-0.13222,-0.37661,-0.27324,0.18379,-0.16433,-0.32679,-0.19749,-0.36146,-0.46701,-0.51281,-1.157,-0.8004,0.085747,0.99291,1.2542,0.29932,0.5416,0.43184,1.4446,1.3834,0.24707,0.80819,0.75087,1.1787,0.016058,-0.25869,0.36335,1.0903,0.45318,0.44578,0.39477,0.54393,0.99788,0.55518,0.59744,1.0854,0.99126,1.677,1.4462,0.63168,0.38117,1.4334,1.4455,0.55856,0.082322,0.55022,0.097409,0.47696,-0.73091,-1.9359,-1.8293,-1.4232,-1.527,-1.7787,-1.3702,-0.85711,-2.1009,-0.021205,0.17942,0.064496,-0.11559,1.6782,2.8274,1.9985,2.0277,-0.39074,1.6862,0.74688,1.856,1.6849,2.3455,1.526,0.69405,1.3321,1.4994,-0.023769,0.60174,-1.2994,0.0084385,-1.2708,-2.2891,-1.6373,-2.0883,-1.4981,-0.39527,0.64505,0.95757,0.47935,0.3405,0.26739,0.58292,0.66585,-0.12959,-0.58818,0.086465,0.21598,-0.7294,-0.98809,-0.49388,0.046409,0.74633,0.80779,-0.98511,-1.1666,-0.95936,-0.42081,-0.37697,-1.3857,-1.4906,-1.6412,-0.43335,0.14063,-1.1953,-0.52024,-1.1741,-0.2108,0.461,0.61677,0.27251,-0.6147,-0.49272,0.74207,0.32873,0.10404,-1.5464,-0.80775,-0.43104,0.45041,0.094427,0.13842,0.32434,0.88485,0.79896,-0.79358,-0.45429,-0.76703,1.2474,0.82638,1.2958,0.70617,0.06478,-0.21307,-0.051578,0.49437,0.39695,-0.12303,0.44875,1.3405,1.4066,0.91323,0.90891,1.742,0.63505,1.4054,1.3939,1.8276,1.1488,1.047,0.62159,-0.083046,-0.40631,-1.7906,-0.79173,-0.9302,-0.57302,-0.57458,-0.65985,-1.1648,-1.5103,-0.97137,-1.0768,-1.1497,-2.1226,-1.6661,-1.1011,0.19928,-0.273,-0.30025,0.12057,0.20771,-0.037257,-1.2118,-0.40017,0.17218,0.51885,0.97262,0.5108,-0.5433,-0.18126,-0.3168,0.33618,0.0056513,-0.19034,0.074857,0.36094,0.60031,1.0921,-0.10921,-1.542,-1.4232,-0.99994,-2.1974,-2.5253,-2.2375,-0.84522,-0.52988,1.0882,0.73094,0.21999,0.28476,-0.30054,-0.17288,-0.90158,-1.2891,-1.5562,-0.87305,-0.29086,-0.59542,-1.1189,-1.3298,-1.2054,1.0447,1.1161,0.94606,1.6383,1.3965,2.0713,1.1049,1.614,1.0872,1.4846,1.4324,-1.1451,-1.6354,-1.3192,-0.4967,0.14161,0.57601,0.093584,-0.60313,0.22436,0.82322,-0.35671,-1.4997,-0.87268,-0.74531,-1.2285,-0.80558,-0.56079,-1.1741,-1.0542,-1.0447,-0.082724,-0.10847,-0.37584,-1.0586,-1.2093,0.26611,0.46851,0.83174,-1.2283,-1.2921,-1.6485,0.23281,-0.66232,-0.66485,-0.72376,-1.0815,-0.5672,-0.77886,-0.8762,-0.057297,0.97625,1.1267,0.20823,-0.91867,-1.5214,0.48204,-0.01802,0.55281,0.41797,1.2653,1.416,1.0551,-1.6221,-0.84867,0.0018654,0.2096,1.0876,1.0695,0.69597,0.63356,0.19735,0.51441,-1.1433,-1.7233,-1.4718,-0.92817,-0.53971,-0.79978,0.18717,0.29029,0.26565,0.27794,0.11844,-0.66921,-2.0384,-1.3508,-1.1618,-0.67168,-2.0444,-1.9039,-1.5,-0.20706,0.10725,-0.51439,-0.22589,0.63884,1.324,1.8362,1.0296,1.6873,0.59763
1.5063,1.7977,1.8362,0.39973,1.7619,0.73221,1.4259,0.87834,0.085125,-1.4536,0.86592,-0.019798,-0.28553,1.2407,1.6775,1.4474,0.37971,1.6554,1.3382,0.99594,1.2468,1.6134,1.2986,1.3954,0.6503,1.6536,1.7949,1.6951,1.1514,1.2075,0.86157,1.5868,1.1532,1.1244,1.6163,1.8776,1.8863,1.4138,1.7929,1.6182,1.2715,1.767,1.5016,0.3767,1.2923,1.1592,1.2975,1.9829,1.4071,-0.5313,1.0047,1.7347,2.1548,2.0211,1.5012,1.4967,1.3814,2.4632,2.3646,1.572,0.76974,1.1355,1.0417,1.1224,0.9839,0.92214,1.2247,1.9433,2.2532,1.81,1.8529,1.2815,2.2866,0.76215,1.2361,0.75789,0.78796,0.62074,0.55,0.91522,0.072119,-1.0191,-1.2293,-0.387,1.2578,1.0001,-0.51609,-0.71287,0.65526,0.82195,-0.033318,-0.17212,-0.33129,-0.42926,0.30544,1.6036,3.9151,1.997,2.901,2.6535,2.0892,2.2291,-0.50518,1.0782,1.2163,0.064,1.1657,-0.201,0.55984,-0.6727,1.0849,-0.50758,-0.48184,-0.91748,-0.72267,0.12081,-1.2016,-0.87622,-0.46585,-0.20255,-0.042427,-1.229,-1.1559,-1.7926,-0.2297,-0.92318,-1.0706,-2.2935,-1.5454,-1.5988,-0.89173,-1.0776,-0.81729,-0.72755,-0.35756,-1.1354,-0.26693,1.1585,1.0142,0.46251,1.5035,1.6061,1.3586,0.79831,0.32421,0.020631,0.87309,0.6285,1.1386,1.7691,2.9442,2.1892,2.6326,2.4629,2.7936,1.7784,1.3852,1.4192,0.28842,0.44036,-1.0883,-0.042056,0.84302,1.21,1.2451,0.69958,0.62564,1.9098,1.7199,1.7019,1.63,0.70053,0.031884,-0.67751,-0.47405,-0.61716,-0.7162,-0.58932,-0.25337,0.0099652,-0.82753,-1.5412,-2.1443,-0.74328,-1.4747,-0.86803,-0.8615,-1.3803,-2.1274,-1.0018,-1.436,-1.0393,-1.1454,-1.4952,-1.0084,-2.1612,-3.1849,-2.125,-2.0975,-1.6076,-0.55314,-0.86908,0.088641,-0.30747,-0.41928,0.52316,-0.36752,0.15577,0.24765,0.58741,1.0597,1.179,0.57048,1.2514,0.93365,1.0825,1.0585,0.33489,0.13923,-0.64168,1.1268,0.052512,-0.26161,-0.88593,-0.56108,-0.80837,-0.68218,-1.3839,-0.99755,-0.60301,-0.28818,-0.80958,-1.2099,-1.3214,-1.4863,-1.3153,-2.0452,-0.95748,-2.1798,-1.6346,-1.2847,-2.019,-2.2603,-1.6295,-0.044925,0.12285,-0.15498,0.5239,-0.74751,-0.80701,-1.6276,-0.63285,-1.5041,-1.5511,-1.9497,-1.9916,0.13936,-0.34917,0.22784,-0.8491,-0.46666,-0.69267,0.12156,1.2255,1.2044,0.54315,0.68807,0.13306,-0.74186,-1.2118,-1.5367,-1.0384,-0.042818,-1.0013,-0.5309,-0.84177,-1.6141,-1.7973,-1.0047,-0.98425,-0.30586,0.33713,-0.44325,-1.0023,0.25355,-0.29159,-0.44472,1.192,0.76688,0.85412,0.85356,1.6147,2.7988,1.9991,1.2056,1.1444,1.1024,0.92946,0.39963,0.13434,-0.62603,0.22694,0.98004,0.35364,0.060054,0.93672,0.60454,0.049473,0.051445,0.036742,-0.38336,-0.3659,-0.4495,-0.21671,-0.99462,-1.074,-1.0156,-1.3396,-0.81713,-0.66665,0.080913,0.17067,-0.20672,0.16554,0.49495,0.32881,-0.32174,0.053128,0.47047,0.64448,0.33634,0.37886,1.7274,0.52319,-0.12876,-0.56335,-0.9449,-0.87679,-0.92528,-1.276,-2.6268,-2.195,-1.1125,0.82899,0.14967,-1.3707,-1.1253,-0.68634,-1.7251,-0.79232,-0.73231,0.074954,-0.090759,0.005522,0.35424,0.48501,0.081798,-0.60079,-0.026204,0.19473,0.31525,-0.18314,-0.14457,-1.9589,-1.74,-1.3459,-0.98575,-2.0544,-2.4022,-1.5721,-0.36475,-0.074011,-0.32987,-1.0731,-1.5605,-1.6943,-0.97384,-0.95203,-1.0852,-0.65759,-0.74154,-0.76879,-1.1766,-0.84098,0.064373,-0.47212,1.015,-0.012468,1.2661,0.32503,1.4972,1.0937,0.23365,-1.452,-1.1583,-1.364,-0.2665,0.25163,-1.1517,-0.061315,-0.44852,0.4512,-0.98319,-0.58765,-0.77911,-0.70849,-0.15057,-0.85663,-1.5763,-1.8147,-2.7491,-2.2487,-1.5094,-2.2769,-1.8151,-2.5442,-1.6792,-0.39732,0.12864,-1.0177,-0.8535,-0.21636,0.71115,0.040222,-0.094549,-1.128,-0.12631,0.60166,1.1459,1.4912,2.6179,3.2805,3.1915,1.2136,1.6758,0.90216,0.61901,0.50661,0.38114,0.28063,0.71181,1.1424,1.3426,1.7387,1.4699,1.1041,0.93028,0.048906,0.4714,-1.109,-1.7185,-1.743,-1.5581,-0.19271,-0.13004,-1.0915,-2.2535,-1.0078,-0.22881,-0.48902,-1.5454,-2.0112,-1.7665,-0.75614,-0.9353,-1.4449,-1.5464,-2.3194,-1.0621,-1.4158,-1.6057,-1.0611,-1.4507,-0.79431,-0.65165,0.44888,-0.076307,0.67466,0.87251,1.2167,-0.22445,0.36789,-0.085079,0.24559,-0.46594,-1.162,-1.123,-1.7871,-1.7941,-1.5579,-0.87081,-1.2317,-1.1819,-1.433,-0.40396,-0.66825,-1.904,-0.3202,-0.064026,-0.2724,-0.94764,-1.7345,-1.7573,-1.4891,-1.3261,-1.3469,-0.41381,-0.24237,0.76408,0.75091,-0.054424,-2.0729,-2.3088,-1.9498,-1.6104,-1.6058,-1.56,-0.82772,-1.1202,-0.61915,-0.41187,-1.3427,-1.8442,-1.7515,-1.1229,-0.80414,-1.9494,-2.5103,-2.4587,-1.5919,-0.68754,-0.48355,-0.59307,0.96642,1.1747,1.8139,0.98618,0.063861,-0.85395,1.3966,-0.24818,1.6395,0.19634,0.14604,-0.24701,0.17627,0.55351,-1.366,-1.3498,-0.029518,0.26086,0.34555,0.3342,-0.33319,-0.24835,0.60965,0.79844,1.804,2.1666,2.5461,2.7458,2.1596,1.9972,2.1262,1.0644,1.1168,1.3313,1.7116,0.78148,2.0273,1.9313,2.467,2.5001,1.3606,1.9749,-0.099281,0.12006,-0.33102,-0.050931,0.53101,1.1604,0.31289,-0.058817,1.0542,0.41721,-0.30116,-1.4012,-1.1952,-1.3265,-0.94133,-0.60681,-1.0023,0.56126,0.54922,0.91174,-0.067733,-1.023,-1.0985,-0.9566,-0.98843,-1.1917,-1.542,-0.99806,-0.68903,-0.74781,-0.088505,-1.7984,-0.84373,-0.48033,-0.34782,1.2293,1.0704,0.1556,0.87125,0.99894,0.54021,-0.056944,-0.5106,-2.2577,0.08437,0.0065733,-0.46791,0.18131,0.13251,0.72586,-0.59363,0.52013,0.82642,1.4991,1.0888,1.5097,0.70735,-0.33357,-0.22866,-1.4352,-1.044,0.38576,0.0056723,-0.72666,-0.57762,-0.2479,-0.78467,-0.22088,-0.76415,-0.6081,-0.70002,-1.0296,-0.10333,-0.14584,-0.29787,-0.8051,-0.51554,-0.38868,-0.41911,-0.79023,-1.5913,-0.98425,-2.0685,-2.0258,-2.0728,-0.97666,-1.0546,-0.014392,-1.8311,-1.4858,-1.3461,-0.91654,-0.50404,-0.19017,-0.44888,-0.21969,-0.10349,0.063628,0.85378,-0.2595,1.5258,1.8161,1.6097,0.93337,2.1216,1.366,0.71883,-0.094087,-0.11407,-0.58167,-1.7747,-2.0621,-2.0903,-2.0084,-1.7436,-1.8167,-1.9607,-0.23964,-0.67991,-0.54918,-0.92667,-1.1688,-1.2055,-0.16782,0.76801,1.09,1.4242,0.46634,1.1137,0.041129,-0.53459,-2.1931,-0.90772,-0.8586,-0.69298,-0.78663,-1.0575,-0.26117,0.44995,-0.61769,0.071442,-0.50188,-1.2121,-1.3663,-1.2156,-0.73358,-1.6721,-0.064166,0.01056,-0.61271,-1.0375,-0.60032,-0.81783,-1.1598,-2.5947,-2.2335,-1.4734,-1.1135,0.58011,0.29255,0.99898,0.15378,-0.17659,0.40132,0.86297,0.87623,1.0198,0.33276,0.79979,1.0784,0.37573,0.31852,0.87417,0.27158,-1.071,-0.52323,-0.50672,-1.9101,-2.4343,-1.9666,-0.7047,-2.0747,-1.262,-0.79974,-0.51275,0.026484,-0.52474,-0.84718,-0.45315,-0.74043,0.77661,-0.6245,-0.38915,-0.088935,0.60104,0.4073,-0.44609,-0.67254,-1.4978,-1.6979,-1.1526,-1.2611,-1.2641,-2.0651,-2.5427,-1.1821,-1.6304,-0.68628,-0.646,-0.51017,0.21871,1.262,-1.0154,-2.3963,-2.8873,-2.2789,-1.8072,-2.1079,-1.4405,-0.45994,-0.46634,0.53862,1.1739,0.20023,-0.063264,0.3905,1.1866,0.073655,0.34632,0.63825,0.95986,0.38109,0.24542,-1.3939,-1.5512,-2.2995,-1.5726,-0.85176,-1.681,-1.6556,0.23901,0.24706,0.15457,0.54634,-0.16794,-0.54253,-1.0879,-0.11024,-1.8016,-1.0511,-1.5919,-1.8636,-1.5511,-1.4284,-1.2025,-1.9523,-1.2213,-1.3442,-1.3064,-1.4302,-0.55428,-0.34708,0.49028,0.15357,-0.2279,-0.71515,-0.18079,-1.1337,-1.7518,-2.2952,-0.97064,-0.80914,-0.93045,-2.2624,-3.0283,-1.3762,-0.83651,-0.3072,0.20643,0.22529,-0.28967,-0.79482,0.38196,-2.4303,-1.3743,-1.4477,-1.4791,-1.2688,-0.86802,-0.27905,-0.46267,-0.23216,0.32674,0.49588,0.62064,0.84398,1.146,1.1951,1.0667,1.9739,2.3847,2.2985,2.2106,2.3886,2.3858,1.5258,0.70987,0.74661,1.0889,0.51949,1.3367,0.24661,0.34375,0.30629,0.52392,0.29942,1.0055,0.93811,1.3684,1.4511,1.9185,1.8732,1.2814,1.605,1.6931,1.7279,1.7542,0.58853,1.2792,1.0945,1.8043,1.1514,1.4621,1.0799,0.70961,0.94909,0.95695,1.7636,1.2548,1.76,2.0583,0.85997,1.4428,1.5642,1.6452,1.974,1.1901,0.72407,1.3349,1.2369,1.2438,-0.7515,-0.76304,0.28091,0.52759,1.0461,0.76119,-0.23323,0.33328,-0.71371,0.24436,-0.40658,-0.4395,-0.38212,-0.056253,0.17663,0.15021,-0.54486,-0.77035,-0.68599,-0.56632,-0.58809,-1.3002,-0.46363,1.6488,-0.072313,0.87666,0.19286,0.45393,-0.37603,1.2936,0.051327,1.383,1.0723,0.98596,1.2105,1.3341,1.9014,1.7296,1.5877,1.6192,0.6124,0.47757,0.78786,0.72989,0.32392,0.75918,0.36733,0.58021,-0.56452,-0.94981,-1.8973,-0.60626,0.14737,-0.13542,0.46588,1.0714,0.90202,-0.14451,-1.2395,-0.92837,-0.6329,-0.52124,-0.63403,-0.79774,-1.4157,-0.73209,0.22898,0.079724,0.052229,1.0721,0.63472,1.3761,1.3009,1.2851,0.29579,-0.13303,0.38294,-0.21796,-0.72079,-1.2253,-1.6445,-1.0532,-1.9176,-0.67506,-0.28683,0.19152,0.80038,0.86282,-0.073426,0.066993,-0.28252,-0.84566,-0.77035,-1.6296,-0.29386,-0.49559,-0.53888,-0.50797,-0.25664,0.80406,1.8969,2.2822,3.1237,3.0929,3.2602,1.6601,0.95883,-0.21879,0.12036,0.81201,1.3627,2.3845,1.1414,1.2294,1.2416,0.65867,1.3573,0.13406,-0.48424,-1.0063,-1.2242,-0.99455,-0.66805,-0.97061,-0.76816,-0.53103,-0.062967,-1.4284,-0.95654,-1.5093,-1.7964,-0.38746,-0.47664,0.081567,0.55406,-0.1454,0.5781,0.62118,0.087383,-0.72553,-0.73417,-0.24857,-0.10586,-0.46646,0.14626,-0.21019,-0.49251,0.86732,0.030774,-0.62511,0.93737,-0.52982,0.060366,0.79147,0.96493,1.3127,1.4149,2.1343,1.7304,1.8659,1.8835,2.0132,2.3895,2.7876,2.3016,1.9696,2.0436,1.6245,0.55071,-0.35815,-0.45077,-0.92687,-0.57269,-0.5885,-0.93532,-0.18,0.17784,0.65771,0.89321,0.41817,0.78289,-0.7004,-0.076,0.44685,-0.40826,-0.45772,-0.65071,0.28783,-0.74248,-1.7961,-2.4811,-1.6589,-1.4048,-0.92061,0.4706,0.70767,0.5926,1.5297,-0.090385,-0.66492,-0.86534,-1.447,-1.3747,-1.3479,0.67169,1.5145,1.7241,1.6802,1.1445,-0.03853,1.4686,0.58,0.90931,1.4181,0.11645,-0.10557,-0.40164,-0.061168,-0.56986,0.28931,-0.84545,-0.55865,-0.41727,0.20762,0.75824,-0.57481,-0.48654,-0.0045772,0.25447,0.63769,0.43733,-0.73594,0.05611,-1.6696,-1.0105,0.52837,0.31196,0.58822,1.4379,1.7413,2.2676,3.3351,2.1911,1.9534,1.9236,0.72822,0.2003,0.52612,0.42431,1.4606,1.0946,0.41403,1.9806,0.65878,0.85439,0.89303,0.59011,0.16974,-0.35935,-0.4309,-0.40022,-0.54543,-1.0048,-1.2003,-0.35558,-1.1607,-1.4837,-0.65825,-1.0123
0.36473,-0.13974,0.6172,1.2547,0.68156,0.11597,0.73028,1.3044,1.7555,0.024831,1.2157,1.2459,1.7124,0.59706,0.97098,0.22787,0.41634,0.10322,0.60905,0.91333,-0.11874,0.6803,1.2607,0.22317,0.14509,-0.2015,0.76666,0.73973,-0.17476,0.19533,1.0997,0.11422,0.20881,-0.3068,0.58764,-0.19972,-0.14268,0.33677,0.44656,1.1522,1.4201,0.49695,-0.094182,1.0243,1.8017,1.3318,0.71853,0.16664,0.93854,1.9235,2.3076,0.96807,1.0067,0.57752,-0.28967,0.46611,0.59267,0.57067,-0.089852,0.40703,0.74002,1.0536,1.3999,-0.57596,0.54067,-0.031712,1.5763,1.2337,0.62872,0.4496,1.0325,1.0955,0.84292,-0.127,1.1498,1.439,0.47338,2.2306,0.35588,1.4175,1.1582,0.29288,1.7859,1.0646,0.8516,2.077,1.3366,2.1577,-0.024781,0.5468,-0.35821,0.30675,0.67745,-0.27576,0.39973,-0.31813,-0.36047,-0.38066,0.1417,1.16,-0.14273,-1.0352,0.53548,1.454,-0.12153,1.252,1.4495,-0.6594,0.31889,0.18299,-1.1071,-0.46963,0.60609,1.2828,0.25414,-0.46588,-0.61662,0.24267,0.93039,0.16693,0.079015,-0.42665,-1.1961,-0.062957,-0.15556,-0.29164,-0.074164,-0.4899,0.94243,0.38459,-0.24097,0.27515,-0.74168,-0.17498,0.56617,0.62253,1.4788,0.67153,-0.39651,-0.94715,-1.4451,0.43416,0.45023,0.8242,-1.2374,0.25862,0.56797,0.11002,0.85992,-1.6822,-1.7176,-0.45472,0.77196,0.90886,-0.89626,-1.0588,-0.33339,0.93841,1.0851,0.15792,-0.65327,0.11647,-0.18417,-0.19045,-0.031048,-1.4194,-0.58082,-0.15984,0.2487,-0.65917,-0.39951,-0.38906,-0.98104,-0.91929,-0.10193,-0.26556,-0.59141,-0.38134,-0.68924,-0.70359,-1.7143,-0.60434,-0.97065,-0.34609,-0.46385,-0.27658,0.073579,-0.40203,-0.35565,-0.24156,-0.054887,-0.35326,0.61218,0.067979,-0.34761,-1.089,-1.1071,-0.096517,0.22529,0.29225,-0.81097,-0.29947,-1.5943,-1.6533,0.086337,0.39204,0.35442,-0.32698,0.17561,-0.36959,-0.12894,-0.35148,0.3344,0.23703,0.12066,-0.36563,-0.701,-0.43911,0.25633,-0.50363,0.54932,0.90433,-0.94281,-0.11966,-0.94986,-0.54989,0.46034,-1.0977,-0.56158,-1.308,0.20192,0.979,-0.46889,-0.77731,-0.33466,-0.79177,-0.87938,-1.3243,-1.0923,-0.75893,-0.54379,-0.22662,0.18406,0.33252,-0.74715,-0.92378,-0.4561,-1.9335,-0.35807,-0.4236,-0.81413,-0.03345,0.53952,-0.10318,-0.34414,-0.80449,0.26018,-2.0398,-2.4652,-0.3701,-0.99533,0.85849,-0.56544,0.98805,0.22231,-0.89124,-0.39116,0.17646,0.39436,1.0959,1.0999,-0.27284,-0.25596,0.71951,0.82458,0.12859,-0.013758,-0.29605,0.67951,0.35534,-0.12237,0.56737,0.40236,0.64712,-0.38394,1.2304,-0.99309,0.53417,-0.38425,-1.0262,-0.9722,-0.53808,0.37394,-0.067534,-0.78096,-0.13664,0.091654,1.2095,1.1206,-1.1425,-0.60087,-0.68599,0.029435,-0.56557,-1.6154,-0.49931,-2.1334,-0.16327,-1.1639,-0.5047,-1.3073,-0.69452,-1.2129,-0.1964,-0.80155,-0.46474,-0.31703,-0.93714,-0.42728,-0.070813,0.19966,0.61227,-0.11759,-0.21868,-0.015702,-0.1324,-1.2958,-0.76594,-0.48568,-0.67552,0.57461,-0.37093,0.043801,0.21935,-0.46905,-0.68429,-0.93529,-1.2443,-1.9395,-0.8197,-0.18647,0.35984,-0.52445,1.1506,-0.69629,0.42288,-1.7106,-1.1988,-1.0712,-1.1272,-0.32738,-1.0077,-0.036707,-0.26252,-0.75754,0.31659,-1.1378,0.05036,0.17907,-0.96217,-0.48767,-1.2728,-0.3408,-0.96376,-0.93156,-1.3639,-0.23463,-0.62211,0.032951,-1.1073,0.42865,-1.1881,-1.4654,-0.30478,-1.9359,-0.31746,-0.88657,0.14215,0.25386,-0.69592,0.16584,0.28832,0.47917,1.4012,0.69542,1.0976,0.17004,0.12215,0.39362,0.11825,-0.06289,-0.015565,0.32892,0.9239,0.187,-0.31751,1.3919,-0.18449,0.24083,-0.46851,0.96043,0.23469,-0.12798,0.17903,0.57257,-0.0052683,-0.20705,1.3056,-0.42172,-0.019338,-0.47363,-0.41901,-0.73697,0.24376,-0.30566,-0.91471,-0.76074,-0.28593,-1.4869,1.7456,0.58629,0.36268,0.79435,1.9551,-0.17833,0.098489,0.15754,-1.6823,0.33934,0.015778,-0.98605,-1.1551,0.42494,-0.59376,-0.080475,-0.038552,-0.16842,0.090899,0.17624,0.040573,-0.12731,-0.13675,0.51719,0.038649,0.18691,-0.0027915,0.24812,-0.45105,-0.62527,-1.0902,-0.93171,-1.3224,-0.85125,-0.43119,0.63997,0.11929,0.36644,0.15331,0.45548,-0.81519,0.0011185,0.43816,-0.13194,-0.15708,-0.64822,-0.62977,-0.52654,0.81897,-0.37491,0.8915,0.6067,2.0545,-0.65794,0.64725,0.17018,0.86219,0.36828,1.0173,0.80547,0.094015,-0.17498,0.14565,0.72462,-0.71092,-0.90215,-0.54828,0.044884,0.62644,0.89181,-0.28719,-0.4809,0.13124,0.39072,0.35621,-0.92627,-0.15093,0.06058,-0.14502,-1.3513,-0.70198,-0.21622,-0.53568,0.019268,-0.14672,-0.38841,0.031259,0.12411,0.63219,-0.40781,0.54765,0.85753,-0.53556,0.13669,0.73302,0.7036,-1.1764,-0.20036,0.66809,-1.0165,-0.43581,0.1394,-1.145,-0.36162,-0.71077,-0.01681,-0.29413,0.35697,-0.048085,0.52064,-1.6763,0.77625,-1.3438,-0.16365,1.0176,-0.50345,0.85335,0.34878,-0.30022,0.46928,1.9976,-0.36034,-0.45858,0.1499,1.6211,-0.27131,0.86209,1.2224,0.49559,0.040207,-0.34115,0.50653,0.20214,0.16032,0.69156,0.6531,1.0348,1.1457,-0.13545,-0.5635,-0.15934,-0.18005,-0.09925,0.41678,0.039737,0.69698,0.68858,0.27075,-0.042867,-0.3998,0.095747,0.47477,0.38072,0.012693,-0.11173,0.25365,0.8912,-1.4431,-0.32475,-1.4002,-0.35584,0.20462,-1.5035,-1.7841,-1.0933,-0.17614,-0.025791,-0.89254,-0.24012,-0.43553,-0.10433,-0.82771,0.96146,0.36377,-1.2961,-0.5043,0.052871,0.47281,1.1354,0.83005,-0.16561,0.045284,-0.23113,0.6394,-0.03285,-0.45785,0.53803,-0.83548,0.41704,0.35256,-0.29256,0.09734,0.06096,0.17782,0.88607,0.76947,-0.52373,0.056776,-0.31789,0.54167,0.056773,-1.3391,0.10761,-1.9411,-1.7346,0.58547,1.084,0.11821,0.2388,-0.27994,0.51894,0.32295,-0.32095,-0.22599,-1.311,-1.4644,0.89859,-0.37457,-0.822,-0.13415,-0.93453,-0.25671,-1.5214,-1.7239,-1.1739,-1.3746,-0.11918,-0.11077,0.46079,-0.69596,0.14694,0.043506,-0.35074,1.0739,-1.4282,-0.95013,-1.5821,-0.10847,-0.1874,-1.0478,0.61441,0.25862,0.58343,-0.53857,-0.14008,0.10047,-0.24617,-0.1181,-0.64449,0.46549,-0.26743,-0.57987,0.50495,-0.45507,-0.79887,-0.33469,-0.070791,-0.32066,-0.029466,0.25642,-1.6578,-0.49645,-0.54984,-1.0291,0.52173,-0.49022,-1.5125,-1.3481,-0.97687,-0.93425,0.19331,-0.019146,-0.027991,-0.58887,-0.27283,0.26927,-0.30338,0.34121,0.22114,-0.098938,0.00023923,-0.51339,-0.040878,0.49819,0.30965,-0.42158,-0.3922,-0.45841,-0.19561,-0.34846,-0.5131,-0.097016,-0.15846,-0.11706,0.27165,-0.71075,-0.60028,-1.2073,-0.095349,-0.090692,0.15647,-0.20561,-0.49125,0.97608,-0.29188,0.21486,-0.091462,-0.042012,-0.39844,0.32009,0.24481,-0.76789,-1.1174,-0.67493,0.43379,-0.3864,-0.56224,-0.19861,-0.81472,-0.85574,-0.3694,-0.22602,-1.0504,0.18725,0.62115,0.02387,-0.25538,0.53869,0.82861,-0.061659,0.069585,-0.41765,0.043575,0.37253,1.0608,-0.011644,-0.40519,0.0014708,0.7912,-0.27733,0.77801,0.25528,0.21075,0.88777,0.19487,0.085564,-0.2004,0.79834,-0.43569,1.2756,0.10058,1.143,0.058843,0.53183,-0.35998,0.27918,0.089747,0.032328,0.54736,-0.18109,-0.041365,0.74337,0.20382,-0.44786,-0.40392,0.39042,0.22465,0.55896,0.052078,-0.059736,0.95484,1.4362,0.33203,0.6038,-0.17345,0.76904,1.2006,0.22986,0.72665,1.0162,1.3275,0.71057,0.23833,0.48511,0.88212,1.3703,0.59486,0.063106,1.4285,1.5327,1.1432,1.3765,1.0777,0.76421,0.054017,0.43554,0.22505,1.4086,1.1715,-0.15531,0.9904,0.53674,-0.46294,1.0393,-0.62226,1.1065,0.1326,-0.025527,-0.46224,-0.54593,0.49928,0.21837,0.36568,0.14433,-0.16723,-1.5687,-0.24397,0.64892,0.25925,0.20977,0.13918,-0.45952,-0.34428,0.34434,-1.7291,-0.42516,0.26845,-0.11855,-0.22654,-0.43143,1.2297,0.9607,0.2385,-0.83969,0.67937,0.61798,0.73368,0.24921,-0.76344,0.626,0.22284,0.97178,0.37768,0.5809,0.10979,0.30157,0.40953,0.5125,0.68902,1.1029,0.72765,1.3418,1.2616,-0.83648,0.60686,-0.20553,-0.41695,-0.1468,-0.40819,-0.38959,0.63852,0.44783,-0.020514,-0.72886,0.55144,-0.40407,0.14222,0.29035,0.07352,0.83987,1.2578,-0.1573,1.1354,0.16098,-0.33208,-0.051207,-0.35727,-0.98681,-0.41513,-1.0293,-0.23467,0.034715,-1.3861,-0.026299,0.3538,0.23779,-0.15366,0.043083,-0.82923,-1.4526,-0.41449,-0.6336,-0.71863,-0.43234,-1.5161,-0.64758,0.31229,-0.4472,-1.333,-0.11417,-1.2067,-0.41912,0.60273,0.66805,1.073,-0.14733,0.41598,-0.14902,0.66978,1.8477,0.10935,0.23921,-0.44209,0.61456,-0.11298,0.40197,-0.58332,-0.062959,-0.37151,0.42095,0.82651,0.18052,-1.219,-1.0841,-0.01786,-0.26467,-0.094932,0.6759,0.18072,0.21194,-0.025091,1.4704,-0.024215,-0.23947,-0.77616,0.27358,1.0671,0.78858,-1.5045,-0.25447,-0.16539,-0.81563,0.23897,0.0053639,1.0228,-0.094454,0.10566,0.39968,-0.40276,0.73859,-0.13666,-0.16504,0.75691,-0.30836,-0.65834,-1.0225,-0.42676,0.925,0.46605,0.081928,0.14237,-0.22979,0.224,-0.18572,-1.0938,-0.40743,-0.47901,-0.31851,0.063669,0.17854,-0.56311,-1.8649,0.33761,0.045276,0.52384,0.51581,-1.5783,0.5173,0.5356,0.35688,-0.13511,0.30022,-0.54121,0.55896,-0.02391,-0.40062,0.89178,0.89892,1.4084,0.25238,-0.41746,0.71186,-1.1082,0.038088,-0.13743,0.58828,0.46332,0.82164,-0.79596,0.40848,-0.18854,0.22585,-1.4412,-1.0471,0.16957,-0.13551,0.037282,0.48075,0.49077,-0.13046,-0.67384,-1.0669,0.16007,-0.25238,-0.023737,-0.40966,0.75629,0.23279,0.96744,-1.1004,-0.62957,-0.20879,0.53573,0.7132,0.028436,2.8019,0.060185,1.3462,0.87856,-0.14817,-0.88773,0.12884,0.91099,0.57187,-0.88203,1.1888,0.29538,0.044452,0.96995,0.97016,-0.40597,0.39388,0.62995,0.44883,-0.75219,-0.77581,0.51177,-0.0058389,0.027278,0.052142,0.64463,0.098999,0.96549,0.95257,0.41844,1.0802,2.0641,1.0101,0.93911,0.3285,1.3639,-0.86139,-0.03989,-0.97318,0.16294,-0.061212,-1.2399,-0.067347,0.03425,0.33341,0.074704,0.20676,0.70098,0.34339,0.20915,-0.99484,0.17811,-0.56462,-0.21925,0.50337,-0.23274,-0.9947,0.52303,-0.076826,-1.1206,-1.0084,1.245,-0.61908,1.1414,0.55481,0.28864,-0.45545,0.20565,-0.47786,-0.038443,-0.9086,-0.70105,0.34146,-1.0645,-0.42175,0.42905,0.096766,0.33445,-0.014445,0.33363,0.10122,0.79574,-0.17642,0.90664,-0.028859,-1.1009,0.99629,-0.40583,0.10027,0.4697,0.0018546,0.45812,0.27878,0.41721,-0.20228,0.31637,-0.28799,-0.32653,0.16758,-1.442,1.2633,-0.34362,-1.0216,0.41521,0.18316,1.1283,0.28507,0.10128,-0.70254,0.44311,0.20291,0.25495,-0.029345,-0.80253,-0.40987,1.6567,0.97513,-0.4089,0.95358,0.44358,1.3481,1.6247,-0.0016577,-0.39743,0.018143,-0.0082087,-0.36769,-0.78723,0.24007,0.21485,0.76066,0.32076,-0.32401,-0.82043,-0.20867,-0.50772,-0.084383,-0.62098,-0.27524,-0.69401,0.54262,-0.44374,0.023688,-0.3809,0.28083,0.53619,-0.81761,-0.63076,-0.11054,-0.54332,0.74457
2.3926,1.8645,0.79703,2.1221,2.0468,2.6885,2.6274,1.1421,0.62568,0.4399,0.11548,0.021905,-0.77749,-1.095,-0.58887,0.67209,0.81608,1.42,0.76679,1.3019,1.7131,1.7882,2.0118,2.071,2.1971,1.9688,2.4743,2.0514,1.3715,0.92961,1.5785,1.4048,0.89678,0.50689,1.3092,1.1163,1.3341,1.0641,0.9337,0.48707,0.54286,0.94385,0.3527,0.60682,-1.0167,0.77756,0.97168,1.1248,0.056598,0.65245,0.75381,-0.12916,0.22706,-0.5107,-1.0608,-0.72286,0.027137,0.48212,1.5124,1.152,-0.81727,-1.8405,0.66694,0.96548,-0.017235,-1.3658,-0.22863,0.28648,1.2448,0.58992,-0.38885,0.57913,-0.3775,0.72008,0.99899,0.63362,-1.0756,0.46592,-0.38692,0.41219,0.095875,-1.0735,1.6365,-0.078679,-0.11029,-0.34286,-3.0863,-0.25677,-0.079759,0.11203,-0.89008,0.24753,0.65067,0.49668,-0.87488,-0.71729,-0.88471,-2.4421,-0.026035,0.069111,0.75036,-0.68842,-1.517,-2.2986,-0.41616,0.15153,-0.46924,-2.0093,-0.28013,0.82609,0.48275,1.7531,0.19304,0.59502,0.9492,1.044,1.0417,0.84993,-0.12574,-0.087274,1.0025,0.98725,-0.64544,-0.13758,0.46422,0.49222,1.6011,-0.66414,-0.24334,0.39642,-0.87146,-1.0674,-1.81,-0.80151,-0.98302,-1.6854,-2.4279,-1.7018,-1.4246,-1.8803,-1.5008,0.40431,0.49527,0.38626,-3.1231,-0.99299,0.93824,0.51963,1.8248,-0.1499,0.34705,1.5024,1.051,1.3187,-0.68879,-1.6406,-0.035787,0.59759,1.0128,0.65956,-0.80497,-0.26457,-1.268,-1.4826,-0.65187,-2.39,-2.0459,-1.6232,-0.63416,-0.17193,-0.77739,-1.8865,-1.2833,-0.69855,0.55587,0.19425,-0.77113,-1.0726,0.17943,0.83709,0.48464,-0.56636,-0.69997,0.34846,-0.50133,-1.0268,-1.2905,-0.3289,-0.31648,0.47046,-0.79923,-1.2927,-0.76565,0.59339,1.2645,-0.82718,-0.12495,-0.12455,0.42011,-0.1579,-2.0042,-2.0043,-1.0325,-0.95162,-0.79665,-0.11738,-1.0438,-0.90634,-0.15648,-0.79914,0.73568,0.03082,-2.017,-2.1292,-0.97058,-0.77697,-0.40404,-1.2911,-1.9639,-1.935,0.87254,1.1543,-0.38835,-1.5839,-1.6202,0.28406,1.4189,0.076092,-0.64,-0.99811,-0.19642,0.86433,-2.0735,-1.7615,-2.0968,-0.76988,-0.28629,-1.7966,-1.3149,-1.2267,-0.82175,-0.096429,-0.28035,-1.2386,-1.6712,-1.1269,0.78825,-0.87116,-0.85901,-0.33604,-0.90898,1.0694,2.0264,0.016598,-0.28191,-1.4437,-0.37452,0.60669,0.75668,-1.1584,0.40823,0.030172,1.0128,1.9536,1.3323,-1.604,-2.781,-1.4572,-1.705,0.84963,-0.48148,-0.48124,0.01376,0.39334,0.84132,-2.0081,-1.416,-0.95614,0.35211,0.6881,1.5966,1.1504,-0.64284,-1.3288,-1.2676,1.013,-0.61189,0.44497,0.23049,-0.51871,-0.33874,0.34404,0.16698,1.0867,0.26184,-0.29435,1.8248,3.17,1.799,1.0991,0.88994,1.0215,1.5342,1.5017,0.98123,0.55946,0.7181,2.4475,1.8787,0.59625,0.37278,0.56705,0.19306,-0.059518,-1.6386,-1.8646,-2.0935,-1.421,-1.1938,-1.5812,-1.6749,-1.4139,-0.58097,0.25869,-0.46595,-0.4489,-0.32315,0.18962,1.6729,0.10177,-0.90715,-1.2854,-0.59282,0.3687,0.93482,-0.61495,-0.66322,-0.38087,0.77361,0.92238,1.7905,0.81919,0.32857,1.7745,1.0624,-0.85541,0.14558,0.59096,1.019,1.3839,1.7022,-0.26614,-0.62246,-0.4994,-0.35976,-0.48911,-0.6901,-1.1814,-0.1156,0.68796,0.54879,0.84555,0.26288,0.36263,0.57664,1.133,1.7859,0.41382,-0.82217,0.32476,-0.60903,0.53741,-0.46606,-1.0744,-0.70874,-0.76232,-0.68723,-0.97566,-1.0488,-1.59,-0.59585,-0.38257,-1.2437,-2.8486,-2.2538,-1.7696,-0.39172,0.091292,-0.83927,-0.71788,-0.89521,0.94086,-0.22274,-1.6742,-1.2778,-1.7158,-0.19809,-0.022545,-0.13055,-1.2949,-1.5616,-0.76425,-0.99447,-2.3772,-2.439,-2.3996,0.079453,0.31619,0.80047,-2.0504,-1.3436,-0.41383,-0.30829,0.070353,-0.34219,0.87173,0.45132,1.4038,1.1638,-0.88164,-0.38152,-1.182,0.30425,1.273,-0.32704,1.0168,0.034743,0.83902,1.1686,0.907,-0.27043,0.27914,-0.090156,0.80296,0.16613,-1.5761,0.31353,-0.07439,1.206,0.83264,0.82171,0.92667,0.98514,1.947,0.593,0.57844,0.47476,1.2606,1.4071,1.6149,0.39109,0.75053,0.080394,0.027193,0.25245,0.56344,-0.16269,0.70866,2.143,1.8048,0.93233,0.17383,0.69049,2.2361,1.3378,0.25364,1.3241,1.9416,1.7163,0.6145,-0.42533,-0.35819,0.64688,1.2635,1.0759,-0.66486,-1.2744,-0.75261,0.27837,0.37742,-0.71748,-1.2618,-0.55984,1.1919,0.77103,-0.85584,-0.92973,-1.1282,1.1364,1.4149,-0.14105,-0.34746,0.23577,-0.24456,-0.078114,-0.99884,-1.246,-1.1291,-1.2197,-0.51892,-1.8515,-2.3508,-2.5091,-1.7565,-0.92533,-0.76163,-2.2162,-1.6567,-0.54305,-0.065293,-0.72125,-0.723,-1.0196,-0.81715,0.72166,0.31344,-0.10521,-0.61581,0.23553,1.5439,1.0404,0.74425,-0.51204,0.36232,0.96899,0.62888,-0.30212,-0.68568,0.0042895,0.24021,1.0567,0.86136,-0.41096,-0.15936,0.01081,1.4473,-0.41942,-1.255,-0.86728,0.93338,1.9031,1.3779,0.83594,0.6459,0.3961,-0.39537,2.3,-0.4713,-1.1276,-1.0373,-0.0023105,1.4654,-0.4082,-0.23698,-0.2957,0.41271,-0.31462,0.3874,0.63001,-0.065141,-0.74518,0.30587,1.4752,1.1113,0.094148,0.81952,0.70611,0.80001,1.6148,0.9601,0.39798,1.8652,2.2083,2.928,0.93875,0.11214,0.38829,-0.059016,0.21331,-0.67822,-1.2765,-0.16709,0.98895,0.65299,-0.96417,-0.48544,-0.075769,0.63572,0.80659,-0.5384,-1.4882,-0.40814,-0.78009,0.56411,-0.1171,-1.0861,-1.1721,-1.7032,-0.81849,-0.39086,-0.75777,-1.2943,-0.11953,0.80634,0.59354,1.1045,0.17631,-0.23546,0.62183,0.51732,0.60009,-0.99269,-1.124,-0.8602,-0.40619,-0.14297,0.015796,-0.36793,0.61345,0.68386,1.436,1.5692,0.77746,-0.2125,-0.28567,1.029,1.3959,0.44146,-0.28087,-0.30105,0.9049,1.3056,0.65712,0.028514,-0.50858,0.29681,0.9511,0.099824,0.38565,-0.22599,0.013019,0.46047,0.90846,-0.70339,-0.41862,-0.76827,-0.05145,0.25518,0.3414,-0.57954,0.34138,1.2466,1.1011,0.26078,-1.4124,-1.2864,0.30481,0.29555,0.072393,-0.32031,0.013108,0.12987,-0.55088,-0.85595,-1.0548,-1.3668,-0.98285,0.51478,-0.48601,-1.0969,-0.67414,-0.60645,0.6363,-0.31497,-0.69259,-0.5079,-0.1255,-0.024814,0.26179,-0.12097,-1.036,-0.73217,0.36204,2.0523,-0.10384,-1.6682,-1.6285,-1.8665,-0.19622,-1.4576,-2.2302,-1.6905,-1.3742,0.37458,0.69294,0.18145,-1.4002,0.015475,0.69559,0.33077,-0.53203,-1.8574,-1.5237,-0.34942,-0.080496,-0.48711,-0.8019,-1.0913,-0.88712,-0.43246,-0.74191,-1.7727,-1.1051,1.7054,1.4249,0.62533,0.77473,0.96662,1.8833,1.6244,0.22564,0.22758,-0.10707,0.17991,-0.93807,-1.8514,-1.0533,-0.24708,0.52839,0.30713,-0.23448,-0.11927,1.3804,1.5476,1.0757,-1.3037,0.030194,1.1445,0.53872,-0.21,-0.74679,-0.67518,-0.49183,0.38119,0.015134,-1.0055,-0.19533,-0.20885,1.3388,0.39096,-0.57681,-0.63953,-0.09384,-0.61031,-0.82457,-0.77995,-1.3332,-1.9674,-0.63196,0.13144,-0.38602,-1.0118,-0.75545,-0.32856,-0.58007,0.30198,0.35523,0.08539,-0.47497,-0.82247,0.15375,-0.20907,-0.84237,-0.89836,-0.91769,0.47648,0.11134,-0.49205,-0.35188,0.63733,1.0696,1.4333,1.6684,1.1843,1.1379,1.3345,2.1395,0.38498,0.2317,0.48914,0.99103,0.93431,-0.29828,-2.0444,-2.4885,-0.83552,0.29048,-1.6076,-1.615,-1.0237,-1.0208,1.5409,0.11091,-1.6203,-1.8054,-1.4373,0.046375,-1.271,-1.3763,-1.3493,0.14857,0.83484,-0.034968,0.026661,0.035096,0.72563,0.97978,0.91951,0.12298,-0.47286,-0.85281,0.57115,0.9686,0.13051,0.27673,0.39961,1.5417,1.7933,0.9585,0.7696,0.46043,2.4952,1.6629,0.7311,0.57704,0.39159,1.9872,1.2424,0.548,0.1453,0.4771,1.5757,1.7803,0.78888,0.96791,0.54429,1.3267,0.87801,1.1408,0.35407,1.5478,2.1801,1.0808,-0.32088,-0.19731,-0.29314,0.9081,0.92067,0.66216,0.26029,0.1317,1.6651,0.057738,-0.55518,-0.44476,-0.031824,0.54021,-0.46446,-1.5085,-1.8771,0.71798,0.88672,-0.12112,-0.12407,-0.10946,0.2118,0.55071,-0.56938,-0.018339,-0.70764,0.66044,0.33162,0.17831,-0.72791,0.71417,1.3078,0.70978,-0.65008,-0.029197,1.1645,1.2461,1.0583,0.27106,0.53764,0.88235,0.9835,1.1811,0.38613,1.0513,1.1011,1.3391,0.35731,0.41294,0.85111,0.79674,0.26566,0.18404,0.64663,1.6924,1.0867,0.54799,0.57583,0.59761,1.8104,1.4579,0.48469,0.9603,0.039635,0.51718,0.3669,0.33134,-0.27725,-0.27236,1.0343,0.74261,1.4975,-1.6121,-1.5296,-1.3471,-0.75016,-0.886,-1.569,-1.5214,-0.57026,0.41395,-0.27347,-0.06521,-1.1699,-0.40114,0.85287,1.5653,0.17699,-0.40822,0.35955,0.68694,1.5648,1.123,-0.26977,-0.89375,0.80212,1.1861,1.3666,-0.29256,-1.4323,-0.82118,-1.1733,-0.50277,0.85844,0.34446,0.35941,-0.37355,0.37447,1.0393,0.8913,0.015089,-0.336,0.80212,0.72462,0.69062,-0.57395,-2.0067,-0.8067,0.57368,0.28623,-0.70478,-0.946,-0.45505,0.90076,-0.34053,-1.3217,-1.3509,-0.82391,-0.23621,-0.0096823,-1.4821,-0.34864,0.036954,-0.2018,0.51084,-0.16248,0.02478,-0.77754,-0.71862,0.14513,0.018408,-1.2008,-1.6945,-1.0635,-1.5884,0.3292,-1.0262,-1.5041,-0.96834,0.31302,0.64816,-0.5872,-1.2027,-1.024,-0.31553,-0.23193,0.4582,0.044595,-0.79946,-0.91121,0.65371,0.63638,-0.15809,-0.5268,1.6203,3.2044,1.9108,1.71,1.8525,3.1978,0.64255,0.90854,1.0171,0.37781,-0.53735,-0.36374,-0.27211,-0.26976,-1.2567,-1.8466,-0.7932,-0.045861,0.9762,-0.13914,0.23772,-0.79964,0.28299,-0.12498,0.21099,-0.57838,-1.1902,-1.099,-1.0468,-0.18793,-0.3674,-0.58234,-0.18143,0.28881,-0.18701,-0.67759,-1.6688,-0.41307,0.28882,0.42131,0.32941,-0.54826,-1.069,-0.10213,0.6311,1.2624,0.24351,1.5893,1.6534,2.0339,1.5662,1.2835,0.20955,-1.6654,-0.0010803,-1.7701,-2.32,-1.6407,-2.0103,-1.4214,-1.3391,-0.60776,-1.9269,-2.0578,-1.343,-1.0306,-1.8171,-1.6144,-2.3016,-0.9689,-0.3094,-0.82389,-1.4039,-1.0193,-1.2802,1.0686,0.5019,0.77525,1.1923,1.9398,1.8067,1.4637,1.5165,1.1333,1.4522,1.7068,-0.91979,-0.38836,-1.3851,-0.77407,-0.18351,-0.29498,-0.064244,-0.96756,-0.096759,0.38243,-0.011005,-0.62721,-1.372,-1.3083,-1.5498,-0.70999,-1.3504,-2.4457,-1.8578,-2.1396,-1.5131,-1.7601,-1.8035,-0.83479,-0.59009,0.2988,1.3799,0.0046824,-0.8807,-0.78444,-0.78791,0.40478,-0.024128,-1.5665,-1.4746,-0.63349,-0.01077,-0.064196,-1.8319,-0.72471,0.0832,0.34792,0.27967,-0.79354,-0.8425,0.21184,-0.65177,-0.25303,0.84314,0.7357,2.0214,0.88168,0.59838,0.31979,0.92277,1.1504,1.4517,1.4727,0.66313,1.9404,1.0625,1.9174,0.80128,-0.69888,-0.2489,0.40243,0.15014,-0.61857,-1.2819,-1.1508,-0.47288,0.14735,0.47198,-0.71098,-0.32928,-0.40235,0.45097,0.26532,-0.54283,-1.3214,-0.49343,1.1839,1.3616,0.40527,0.52268,0.28538,1.7048,1.9782,0.91159,1.4973,1.4325
0.5976,2.1301,1.9429,0.92727,0.79274,1.404,2.6088,0.84599,1.6804,1.4794,1.1672,1.4171,1.4742,0.15033,0.3418,0.80958,1.2509,1.445,1.062,1.0921,0.35407,0.38397,1.1776,1.3558,0.33824,0.060253,1.233,1.2124,0.74267,0.18058,0.15466,1.1258,0.74992,1.5688,1.5732,0.24308,0.35128,0.69045,0.97282,0.38278,-0.93306,-0.20885,0.18688,1.281,1.005,0.73276,-0.71491,0.47915,0.27814,0.82791,-0.26613,-0.79501,0.051716,1.0029,0.71878,0.51,-0.39678,-0.06793,1.1822,0.98569,1.1626,0.50194,0.89398,0.75509,1.0531,1.1291,0.78004,0.62836,-0.099251,0.53889,0.32271,-0.18147,-0.48378,-0.26321,-0.17417,0.21458,0.81287,0.34961,-1.2447,-0.65206,1.3167,0.15164,1.2627,-1.5672,0.67304,0.66225,1.3146,-0.15047,-1.719,-1.4352,-0.60521,-0.60831,0.77229,0.052427,0.81028,1.4161,1.2277,-0.13524,0.022831,-0.11764,0.62995,0.21617,0.48682,-0.18522,0.71083,0.40494,-0.31644,-0.55058,-1.2368,-0.42318,-0.48401,-0.28106,-0.37318,-0.19449,-0.82142,-0.16964,0.48254,0.54112,-0.93122,-0.50793,-1.0172,-0.017119,-0.22701,-0.6528,-0.2333,-0.063298,0.044588,-0.010642,-0.41193,0.01721,1.0151,0.36799,-0.26229,-0.3141,0.17167,-0.45988,0.2404,0.38949,1.09,1.3,0.019848,1.1109,0.7974,0.48925,0.59332,0.0042929,0.54513,1.978,0.49477,1.4243,0.1463,0.66001,1.5936,0.87772,1.0082,0.21828,0.69936,0.95444,1.0496,1.0415,0.60857,1.0056,0.61515,0.61986,-0.0030024,0.59399,0.25988,-0.45942,-0.31684,-1.0006,-0.049511,-0.02903,-1.4371,-1.9708,-0.44887,-0.44442,-0.27032,-0.54648,-0.83936,-0.56301,0.050512,-0.053578,-0.48899,-0.90515,-0.15245,0.68486,-0.62067,0.034067,0.12909,0.44008,-0.080169,0.55204,0.24116,-0.06278,0.47694,-0.013015,0.35397,-0.49315,-0.12086,0.6199,0.38671,-0.16491,-1.0467,-0.023518,-0.4395,-0.34916,0.97494,0.25012,0.062397,-0.27684,-0.80188,-0.2437,0.04549,-0.36677,-1.2762,-0.73858,-0.61436,0.74002,-1.3831,-1.2193,-1.3407,0.18354,-0.80487,-0.87058,-1.4155,-1.4,-0.52609,-0.27649,-1.1574,-0.93309,-1.1224,0.0061546,-0.43919,-0.84659,-1.4102,-0.74704,-0.51911,0.039568,-0.65586,-1.1392,-0.8526,-1.1677,-1.1899,-0.79599,-1.0959,-0.46818,-0.88322,-0.58602,0.22707,-0.5741,-0.43849,-1.4712,-0.1833,-0.54643,-0.30196,-0.95161,-1.636,-2.3154,-0.69914,-0.058656,-0.97863,-0.35082,-1.1262,-0.3523,-0.43951,0.23858,-1.2512,-1.3123,-0.55035,0.033327,0.80198,-1.8349,-0.42369,-0.98064,-1.2062,-1.0634,-0.64406,-0.22887,-1.2033,-1.1853,-1.4853,-0.095512,-0.067968,-0.57733,-1.8016,1.2795,-0.15158,-0.25854,0.3757,-0.272,1.003,-0.55995,-0.2942,0.60484,0.68814,-0.20747,0.44691,1.2893,0.1475,0.58075,1.2759,0.025564,0.81245,0.7219,0.93255,0.022571,0.044539,-0.61545,0.78373,0.32859,-0.19385,-0.34525,0.58953,0.74554,0.2646,1.1202,0.059889,0.21476,-0.11114,0.46625,-0.0091118,0.58351,-0.09274,0.1572,-0.58671,-0.27387,0.1201,-1.0011,-0.27834,0.45742,0.36931,-0.18624,-0.52967,0.058159,0.49326,1.443,-0.27996,-1.9275,-1.1063,0.50817,0.00073531,-0.3591,-0.32135,-0.26983,-1.4921,-1.2329,-0.23678,-0.82805,-1.1178,-0.6819,-0.5512,-0.17639,-0.55609,-1.3019,-1.3155,-1.4282,-0.17065,-0.23027,-1.7812,-1.1943,-0.61108,-0.48275,-0.78628,0.43003,-0.42422,0.26477,-0.52325,-0.1363,-0.05536,-1.0053,-1.6941,-1.1984,-0.44781,-0.55623,-0.86434,-1.2151,-0.81763,-0.83438,-0.17912,0.24915,-0.13711,-0.44386,-0.32855,-0.089253,-0.42028,-0.74807,-0.68202,-0.0077915,0.51591,0.0061393,0.32234,-0.57399,0.85562,0.56888,0.08237,-0.30416,0.29283,0.11271,0.10365,-0.36326,-1.2878,-0.85635,0.98317,-0.40154,0.31962,-0.11933,-1.2082,0.51189,-0.46358,0.39662,-1.3583,-1.0478,0.022773,-0.1426,-0.071897,-0.55214,-0.34872,-0.54087,-0.48296,0.26352,-0.34054,-1.0044,-0.11224,-0.59403,-0.34192,2.3063,-0.39512,0.81493,0.59823,1.0365,1.0764,-0.2805,-0.60255,0.59921,0.58436,0.28342,-0.055177,0.53288,1.3722,1.1316,1.1231,0.25386,0.96429,0.70423,0.63715,1.077,0.83042,-0.71131,0.14888,0.31036,1.2797,0.25667,-0.19377,-0.23998,0.67259,1.4804,0.41228,0.38973,0.52015,-0.47372,0.49206,-0.57431,-0.8204,-0.44705,0.71092,0.48378,-0.85672,0.98077,-1.0649,1.0914,-0.13108,-0.466,-1.9814,-0.78688,-0.10839,-0.23235,0.13019,-0.84811,-1.0784,-1.0141,0.050307,-0.20717,-0.02096,-0.69734,0.049978,0.47111,-0.37365,-0.62175,-0.14558,0.3332,-0.15916,0.35489,-0.68618,-0.71733,-1.1012,-0.3836,0.054134,-0.44128,-1.6611,-0.45654,0.18493,-0.92208,-0.53995,-0.61196,-0.11913,0.23851,-0.11402,-0.58296,-0.80805,-0.82103,0.036887,-0.48917,-1.2557,-1.311,-0.24637,-0.43255,0.086477,-0.20082,-0.84382,-1.9436,-0.41082,0.54341,-0.26977,-0.68578,-1.3155,-1.4609,0.12296,-0.54713,-0.93288,-0.88959,-0.30249,-0.76212,-0.21433,-0.75312,-0.63731,-0.24514,-1.0491,-0.4837,-1.7792,-0.88416,-0.47267,-0.66391,0.95082,-0.27481,-0.75039,-1.6359,0.78154,0.19009,-0.55232,-1.4722,-2.1109,-0.89548,-0.1163,0.68662,0.90177,1.2001,0.098132,1.2399,0.29215,1.3114,0.41169,0.58681,0.14774,-0.1155,0.50003,0.99346,0.29855,0.86105,1.2418,0.94007,0.010125,0.13006,-0.51724,-0.020933,1.6366,1.2385,-0.97738,-0.7193,-0.43197,0.63253,-0.7053,-1.2253,0.0036696,-0.62682,-0.053674,-0.41612,-0.4067,-1.0615,-0.027202,-0.32607,0.31905,-0.018845,-0.80406,0.66471,0.61054,-0.12046,0.26716,0.01281,0.082828,0.4109,0.59373,0.12162,0.7648,-0.48632,0.56146,0.73735,1.4343,0.57135,-0.13827,1.0264,0.59167,0.065936,-0.84434,-0.9029,-0.10958,0.27386,-0.15173,1.038,-0.63701,0.42247,0.49672,0.93696,1.4209,0.27591,0.32625,0.067881,-0.015275,-0.16979,-0.45863,0.28186,-0.87473,-0.094777,0.3657,0.19681,0.11429,-0.41389,1.3168,0.30698,0.7182,0.94781,-0.85712,-0.28367,0.040057,1.0096,0.40606,0.58312,0.49346,1.0798,0.811,0.8282,-0.010919,-0.77347,-0.52061,1.131,1.3988,0.33822,-0.0094455,0.92369,1.6569,0.53482,-0.10241,0.32943,0.36697,0.40261,0.41893,0.42379,0.23395,0.25314,-0.024596,-0.058506,-0.77912,-0.73706,0.67823,1.849,1.5603,-0.77824,-0.38594,0.13185,0.29494,1.185,-0.50357,-0.082498,-0.23143,0.70985,0.74108,1.5169,0.25017,1.3149,0.39073,0.8937,0.63667,0.25875,0.11936,-0.35485,0.066754,1.2368,0.40204,0.503,-0.47493,0.56492,-0.10401,-0.76947,-1.1804,-1.2907,-2.0589,-0.41047,-0.27076,-0.91816,-0.46754,-0.46834,0.23605,-0.99756,0.1118,-0.052305,0.28797,-0.89025,-1.3727,-0.28453,-0.96284,-1.5389,-1.1643,-0.9456,-2.1096,-2.1418,-0.21558,0.72518,-0.10472,-0.66126,-0.79051,-0.3634,-0.84952,-0.32613,-0.10187,-0.24874,0.085537,-0.96027,-0.70773,0.34582,0.85731,1.0013,0.47395,0.65273,0.29825,-0.04259,1.8679,1.4018,1.7139,-0.40943,0.88524,1.8091,0.95674,1.9509,0.69692,0.57908,1.5032,1.9219,0.72465,0.045234,-0.072563,0.41412,0.0037362,-0.15896,-0.86543,-0.84301,-0.55507,0.30457,0.029176,-0.3518,-0.51067,-1.2729,-1.4147,-0.26875,-0.98329,-0.036448,-0.90139,-0.41977,0.047474,-0.35984,0.1323,-1.4202,0.2021,-0.38441,1.9379,0.52665,-0.85876,-1.9016,-1.1409,-0.19925,-1.0357,0.13881,-1.2086,-0.42801,-0.38434,-0.011732,0.26762,0.33791,1.1784,0.22449,0.1198,0.015874,0.10112,-0.19455,0.71423,1.1197,-0.18103,0.096262,0.10286,1.8596,0.58901,1.3185,0.4829,1.2204,-0.47391,-0.55959,0.56844,0.30774,-1.2866,0.58344,-1.0046,-0.25674,-0.51405,-0.34602,0.28031,1.3972,-0.69077,0.45228,-0.87402,-0.51678,0.13682,-0.70421,-0.72869,-1.0067,-0.16141,0.97316,0.40013,-0.57313,-1.1313,-0.17429,-0.2468,-0.18414,-0.59873,-0.86226,0.42847,0.32502,-0.10742,-1.0022,-0.37685,-0.39641,-0.66121,-0.44079,-0.89246,-0.79383,0.19948,-1.0284,-0.43909,-0.66528,-0.38133,-0.58386,-0.73778,-0.19495,-0.048786,-1.2844,-0.80443,-0.79069,-1.122,-0.050417,-0.84932,-0.99014,-0.53921,-0.44314,0.057419,-0.23328,1.1113,0.56528,0.082075,0.6514,1.1293,1.1786,0.82042,-0.011495,0.52642,0.98345,1.4276,0.99891,1.0963,0.046349,0.63382,1.7962,0.39194,-0.088454,0.40239,0.78048,1.2697,0.21418,0.23171,0.74969,1.0171,0.94318,1.0338,0.88547,1.212,0.15363,0.49038,0.4449,0.10121,0.26852,0.11342,0.70759,0.93341,1.7236,0.25538,0.13444,-0.64198,-0.38887,0.08095,0.79471,-0.24336,0.31146,-0.83087,-0.46103,0.77168,1.1089,0.94076,0.36356,0.79421,-0.10002,0.33923,-0.72163,-1.5974,-0.10707,0.53617,-0.67684,-0.73825,-1.8231,-0.98782,0.69866,0.95104,-0.11537,-1.2811,-0.61386,-0.30542,-0.96362,-0.48757,-1.8549,-0.95447,-1.0966,0.3585,-0.20538,0.093718,-0.96739,-1.1055,-0.42476,1.1474,0.19121,-1.224,-0.11632,-0.93712,-0.74073,-0.41308,-0.51291,-0.51792,-1.2386,-0.76182,-0.64377,-0.9156,-0.71889,-0.42773,-1.3878,-1.0755,-0.70681,-1.016,-0.97291,-0.16944,-0.014278,0.44275,0.10342,-0.67641,-0.36192,-0.38357,0.15028,-1.2444,0.16637,-1.1597,-0.71473,0.54834,-1.4507,-7.1616e-05,-0.024663,0.58574,1.0574,0.15249,-0.91062,-0.8648,-0.35367,-0.92302,-0.21371,-0.75664,-0.81322,-2.4491,-0.9606,-0.96053,-1.2307,-1.6606,-2.3954,-1.1666,-1.0156,-1.2013,-1.246,-0.60065,-0.38638,-0.33688,-0.075573,-0.95909,-0.91018,-1.2621,-0.52822,-1.0239,-0.8175,-1.9527,-0.85496,-1.4513,-0.52624,0.35202,1.4146,0.1517,0.7636,0.81196,0.58003,-0.75772,-0.13747,0.30434,0.36273,2.0245,2.3735,1.3469,0.035953,0.81349,1.0535,2.3681,1.6655,0.56201,0.28127,2.3479,2.098,1.2475,0.77225,0.058283,0.76095,2.0032,-0.30308,0.9796,0.45502,0.96643,0.93747,0.44902,0.4352,0.6904,0.21489,0.18959,0.68593,1.2332,0.016605,0.33377,1.0318,0.083689,0.89212,-0.096482,0.44863,0.46812,0.9945,0.49663,0.47879,0.65603,-0.048446,1.8106,1.4683,-0.49859,0.66777,0.013332,1.2379,0.70157,0.31545,0.40973,-0.52603,1.0262,0.99603,0.49448,1.2087,0.83213,1.1509,1.7238,1.129,0.95035,1.3263,1.9015,1.8801,1.422,0.34553,0.56549,1.2713,1.2027,1.5883,0.47865,1.2095,1.3523,-0.095992,0.15008,0.042323,-0.20435,0.41294,-0.31988,-0.45305,0.53055,-0.81655,-0.44986,-0.38498,-1.3574,-1.1963,-1.4834,0.11421,0.010225,0.35597,-0.18526,-1.1383,-0.98966,-0.74573,-0.13887,-1.2504,0.73708,-0.72166,0.26236,0.77285,-0.64111,-0.16494,-0.90507,0.68782,0.27699,1.1641,0.45485,-0.73349,-0.10692,0.88699,0.46034,-0.43735,0.64833,-0.61657,-0.02865,0.47984,-0.2133,0.4262,1.1382,1.0297,1.6173,0.22638,0.16284,0.070803,-0.82263,-0.62981,-0.95645,-0.069771,-0.047222,-0.17073,0.60543,0.13999,-1.0329,-0.29031,-0.52785,-1.0773,-0.76505,-0.40263,-1.2821,0.50284,-0.26838,-0.35516,-0.75037,1.2812,-0.38361,-0.065267,-0.51925,-0.22073,-0.45817,1.149,0.35076,0.017111,-0.78947,-1.0709,0.035724,0.26785,-0.58454,-0.72943,-0.49156,0.75473,0.66601,-0.077287,-0.3249
1.7117,1.9736,0.88041,-0.10265,0.31993,0.59294,0.81958,-0.29196,-1.2472,1.298,1.0519,0.904,0.12059,0.8539,0.4861,0.69183,0.40538,0.71107,-0.22975,0.28259,0.1763,0.83487,-1.0324,0.11236,0.092816,-0.62148,0.51854,0.53019,0.052012,1.2604,0.3649,1.471,0.020005,-0.22138,-0.35193,0.38813,0.39133,0.30603,0.091196,-1.2237,-1.1854,0.34928,0.15303,-0.017739,-1.7557,-1.2332,-0.29786,1.1202,0.35362,-0.15951,-0.18135,0.57914,0.37448,0.68906,0.75645,-0.309,-0.8448,-0.89321,0.64072,0.61799,0.64881,0.78905,-0.32479,0.27955,1.0091,0.25295,-0.32732,-0.61451,-0.22891,-0.50309,-0.24679,-0.29318,-0.99745,1.0891,0.94197,0.20888,-0.9127,-0.62546,0.55543,0.79837,-0.14553,-0.30398,0.80845,0.98296,1.2646,-0.079415,-0.48629,-1.7825,-1.627,-0.27,-0.82513,-0.40416,-0.10086,-2.1075,1.1084,2.1016,1.006,-0.076197,-0.028356,-0.67043,-0.32911,-0.21172,0.47516,0.16738,-0.68884,0.45676,0.2146,-0.093897,-1.2629,-0.90805,0.67542,-0.44158,-0.36914,-1.0258,-0.79209,-0.63228,-0.2489,-1.2095,-0.74034,-1.1285,-0.17402,0.18469,-0.26485,-0.061692,-0.46847,0.25305,0.0020466,0.06512,-0.16289,0.082815,0.68729,0.79684,1.3279,0.50063,1.445,1.4233,1.1236,2.2036,1.2088,1.0794,1.0276,0.56938,0.72261,0.49078,0.90654,-0.36846,0.87641,0.43829,1.4369,1.3899,1.1971,1.002,1.4521,0.8808,2.072,1.6481,1.0505,0.92174,0.73355,1.9408,1.3629,1.9316,0.40742,0.74398,0.92737,1.1149,0.80916,0.96636,1.0578,0.24802,-0.43674,-0.29875,-1.1917,-1.094,-0.81497,-0.48275,-1.0406,-0.7408,-0.18931,0.3987,0.017271,-0.23801,-0.40005,0.1618,1.0461,0.36088,-0.59052,-0.22723,-0.48712,-0.27627,-0.50067,-0.82204,-0.43886,-0.13823,0.23491,0.62375,-0.12123,0.89259,1.3459,2.4961,0.70389,1.086,0.54055,0.43269,0.12907,0.43464,0.23143,1.0998,-0.16624,0.75139,0.71269,0.37025,0.10676,-0.13999,0.35672,-0.24547,0.4273,0.50338,-0.25599,0.073458,-0.092915,-0.31398,0.12469,-0.27849,-0.095143,-0.43176,-0.66286,0.18627,0.34767,0.60697,-0.37586,0.31175,-0.17639,0.29025,0.10939,0.14072,0.68898,0.33468,-0.25816,0.0042407,-0.35813,-0.27056,-0.68071,-0.64229,-0.34099,0.64343,0.29333,0.10533,-0.18031,-2.3242,0.32659,-0.25649,-0.44602,0.0036629,-0.6937,-0.075584,-0.16493,0.44094,0.29239,-0.024832,-0.12917,-0.069704,-0.38939,-1.0845,-0.77328,-0.84429,-1.0927,-0.13372,0.56267,0.51998,0.79983,0.6004,0.12728,-0.64999,-0.21011,-0.55403,0.29649,-0.31143,0.16036,-0.11351,0.052743,0.35416,0.34675,0.0097144,-0.62121,-0.26318,-0.85276,1.7579,1.6313,0.21933,0.24914,-0.20621,0.29905,0.28104,0.39227,-0.48129,-0.40459,-0.48035,0.29045,0.86008,-0.27902,1.0212,0.34405,0.46372,0.54361,0.11592,-0.23665,0.24448,-0.054008,0.015104,-0.89104,1.0378,0.039976,1.5617,0.71163,0.88353,1.9937,1.7365,1.3559,1.1949,0.77542,0.99818,0.66476,0.27544,0.87748,0.20383,1.0603,0.89757,1.3959,0.64927,-0.61464,0.27832,-0.1864,-0.6515,0.42728,-0.45288,-1.5345,-0.80816,-1.0008,0.27832,0.69358,0.36961,0.85106,0.32343,1.4811,0.016301,-1.0009,-0.071709,-0.95354,0.075265,0.62311,0.9231,0.74342,-0.40011,-0.23311,-0.71184,-0.76278,-2.3386,-1.5618,-0.86452,0.51573,-0.11728,-0.17814,0.27339,-0.58813,0.85381,0.80026,0.019045,-0.23775,-0.94786,-0.73547,-1.4698,-0.042965,-1.3916,-0.90988,-0.13395,0.28242,1.3913,0.91765,0.28358,0.13547,0.24476,0.68478,0.69264,0.49918,-0.85771,-0.64766,-0.56642,-1.3259,-0.86909,0.45682,-0.48139,0.71926,0.79782,0.70631,0.36006,0.59539,1.2838,0.51286,0.55413,0.10055,-0.61643,0.1708,0.69704,0.67744,-0.29038,0.4584,1.1919,1.1692,1.1467,0.82974,-0.30188,0.81246,0.50874,-0.15816,0.72068,0.60225,0.75549,0.97135,0.58278,-0.9924,0.42681,-0.55772,-0.67801,0.36394,-0.027597,-1.6312,1.8182,1.9419,0.48115,-0.43548,0.19419,0.36759,0.66446,0.42219,0.20133,0.63049,-0.23467,0.46384,0.29524,1.0549,0.85295,0.64521,0.52455,0.45565,-0.066556,0.21083,0.55847,-0.52236,0.60065,0.23941,0.063508,0.28643,0.70116,0.74904,1.0859,0.2513,0.94082,0.72864,0.22106,-0.40456,-1.5152,-0.44353,-0.52427,-0.046505,-1.3264,-0.43292,-0.24548,0.036606,-0.47221,0.37196,-0.28228,-0.3555,-1.0802,-0.25743,-1.0746,-1.4061,-1.851,-1.6834,-1.1257,-1.8335,-2.0992,-1.9606,-2.003,-0.51008,-1.5567,-1.5588,-1.8956,-1.2193,-1.1758,-1.1261,-1.3592,-0.36722,-0.32009,0.40015,0.35018,-1.3988,-0.87372,-0.64562,-0.21158,-0.78805,-0.57482,-0.12078,-0.077125,-0.82858,0.16304,-0.46734,-0.93487,-0.88977,-0.71986,-0.86543,-1.1088,-0.60656,-1.2629,-1.4285,-1.4458,-1.3552,-1.0552,-1.7356,-0.93201,-0.34034,-0.45109,-0.62071,-0.66954,-1.5398,-0.59079,-0.82137,-0.77202,-1.4635,-0.11157,0.68999,-0.53565,-1.6063,0.57138,-0.7139,-0.33578,-0.80821,-1.285,-2.1407,-1.8832,-2.1386,-2.5078,-1.8033,-1.1152,-1.3754,-1.2202,-1.3258,-0.65073,-2.1033,-1.9228,-1.7593,-0.11246,-1.4456,-2.4029,-0.72156,-1.5892,-1.8063,0.9259,0.2298,-0.1035,-0.36203,-0.99841,-0.68766,0.33039,-0.58051,-0.90487,-1.0133,-0.26873,-0.11011,-0.35683,-0.62459,0.09898,0.085434,-0.25042,-0.40483,-0.73499,-0.13132,-0.015786,0.71647,-0.53501,-0.78341,0.051743,-0.56429,0.20918,-0.74275,-0.64565,-0.39548,-0.5613,0.3628,0.93068,0.88449,0.47139,1.0168,0.79959,1.6357,1.4882,0.37259,0.63225,0.46703,1.1368,2.2902,0.84903,0.71321,0.92752,1.067,1.1736,1.0876,1.3376,1.1097,1.2488,1.2292,0.6933,0.16657,0.079483,0.00068436,0.67011,0.28277,-0.12713,0.59099,0.6866,0.38722,0.91511,0.88899,0.23926,0.36416,0.64026,0.35483,1.1628,0.1955,-0.23087,-0.31899,-0.40373,0.08367,-0.4611,0.99824,0.12039,0.18339,0.2662,0.86854,-0.79743,-0.15736,-1.0934,-0.41935,-0.18444,0.28275,0.23444,0.26232,0.24831,-0.34973,-0.038291,-0.44944,-0.41789,0.17823,0.5665,-0.2515,0.62589,0.59594,-0.069814,1.4403,1.041,1.1442,0.68182,1.6009,1.7147,1.1978,-0.51703,0.74707,0.47995,0.16016,-0.10186,-0.65185,-0.92247,-1.4905,-0.84146,-0.96892,-0.85013,0.13397,-0.62673,-0.56004,-0.41962,-1.1535,-0.56991,0.02413,0.21367,0.24708,0.17504,0.51619,0.6984,0.44016,1.1933,-0.87895,0.29575,0.65189,0.028195,0.94215,1.1885,0.59192,0.65377,0.36665,0.47236,0.27582,-0.58247,-1.4264,-0.23832,-0.50022,-1.4024,-1.445,-0.16331,-1.8219,0.082761,-1.4361,-0.343,-1.8478,-0.021378,-1.0196,-0.68822,-1.7059,-0.8479,-1.2993,-0.63317,-0.18594,-0.70876,-1.3274,-1.5075,-1.7771,-1.7354,-0.95925,-0.23913,-0.33092,0.52069,-0.06844,-1.1552,-0.14477,0.38493,-0.52209,-0.84501,-1.8536,-1.1047,-0.39677,-0.2543,-0.72238,-0.37767,-0.61096,-0.32052,0.71526,0.2969,-1.0937,0.39282,0.70798,0.29013,0.30015,1.2175,1.4118,0.50801,0.4445,0.3203,-0.12106,-0.17727,-0.067752,0.25949,0.54619,-0.788,0.096467,-0.25043,-0.13229,0.040207,-0.54299,-0.56076,-0.87639,-1.2789,-0.63664,-0.76915,-1.1044,-1.528,-1.8364,-1.8262,-0.339,-0.12391,-0.95956,1.0192,-0.18931,0.79477,0.47437,-0.44007,-0.70043,-0.56745,-0.67239,-0.57987,-0.32944,-0.63089,-1.6269,0.057375,0.30256,-0.49854,-1.2026,-0.47975,-0.12313,0.19207,-0.21282,-1.547,-0.77373,-0.33078,0.45816,-0.95847,-1.3139,-0.91137,0.40611,0.20857,0.7431,0.58645,0.46586,1.4067,0.82732,0.97969,-0.65949,-0.095686,0.64372,-0.38962,-1.32,-1.1685,-1.902,-0.98505,-1.3799,-1.3043,-1.1935,-0.53661,0.016402,0.12456,-0.34185,-0.58005,-0.3535,0.091049,0.87825,0.57549,-0.1017,0.15643,-0.78677,0.36285,-1.538,-1.2701,-1.4653,-1.3456,-1.0312,-0.54884,-0.84846,-1.0479,-0.0046262,-1.2427,-1.8555,-0.028127,-0.63043,-0.31908,-0.59892,0.27424,-0.6871,-0.8626,-0.78483,-0.73466,-0.59768,-0.18495,0.19279,0.8645,-0.2302,-0.20336,-0.027213,-0.81992,0.12875,0.10993,-1.0454,-1.3322,-1.588,0.083829,0.20898,-2.3413,0.41532,0.64119,0.10287,0.18217,-0.94537,-0.36225,0.10702,0.25592,-0.17669,-0.2599,-0.056731,0.62675,0.28809,-0.19456,-0.12481,0.097593,0.10874,0.21963,-0.022919,-0.29464,-0.68098,-0.2533,0.82179,-0.097225,-0.18155,-1.0604,-0.51367,-0.13453,-1.0106,-0.47389,-0.64689,-0.32912,-0.88117,-0.34256,0.080573,-0.50815,-0.28986,-0.5897,-0.63902,-0.34691,0.30962,-0.40164,-0.2724,-0.93819,-0.17237,-0.38502,-0.3923,-0.56008,-1.7915,-0.82533,0.86326,1.6715,0.22695,-0.051062,-1.1199,-1.0466,-0.54133,-1.1495,-0.92147,-1.6634,-0.33433,-0.43707,-0.25716,-0.73076,-1.0698,-0.098552,0.14613,-0.91933,0.045804,-0.13507,0.28051,-0.21559,0.014656,-0.089983,-1.1489,0.84059,-0.13666,0.40653,-0.52501,-0.46961,0.61756,-0.56247,0.1503,0.50173,0.73109,0.1575,-0.40836,0.59242,0.47024,-0.92654,-1.2073,-1.4779,-2.0034,-1.2551,-1.4115,-1.0123,-1.5431,-2.0875,-1.9437,-0.41204,-2.2655,-1.2606,-1.3532,-0.90016,-1.3506,-1.2861,-0.90164,-0.77266,-0.21553,-1.1276,-0.47009,-0.87567,0.98274,-0.085996,0.3535,0.57653,1.7834,1.6155,1.0683,0.21978,0.66493,-0.10307,-1.469,-0.40103,-0.95582,-1.044,-0.77443,-0.9685,-2.322,-1.3998,-0.95329,-1.1094,-0.24913,0.18475,0.22703,0.45644,1.0481,0.87799,0.97803,-0.11311,0.79446,-0.42554,0.36577,-0.53246,-0.54857,-0.65985,-0.65736,0.14448,0.57225,-0.046109,-1.2611,2.1355,2.1716,1.259,-0.43614,-0.07671,0.32638,0.71545,3.2103,1.4227,1.188,1.8681,2.1023,1.9252,0.94558,1.1081,1.4243,1.4104,2.3816,2.7647,2.3296,2.2208,1.9748,2.1175,0.42405,1.0004,1.1983,1.5062,1.9086,1.0284,1.407,0.1125,-0.019367,1.3576,0.6001,0.39893,-0.80862,0.24063,0.36161,0.51757,-0.017396,0.60977,-0.20323,0.91304,1.1302,0.25058,-0.14904,0.88832,1.7052,2.4117,0.33731,1.779,1.0646,0.96582,1.1311,1.3811,0.60396,1.4417,0.22036,-0.071298,0.020672,-0.091697,-0.25893,0.04345,1.0378,0.33897,0.24181,0.7422,0.11335,1.5953,1.556,0.84736,0.98519,2.001,1.0004,2.1198,1.7731,1.733,1.7808,1.7116,1.1016,0.78946,0.52263,1.1562,1.9348,1.0232,0.42066,-0.087315,-0.46982,0.37517,-0.073195,0.11811,-0.43845,0.13515,0.84275,0.63121,0.1503,0.26013,-0.38428,-0.75411,0.0024103,0.63896,-0.25334,1.4814,0.90937,0.18221,1.0567,0.35684,0.16407,-1.104,-0.18588,0.82958,0.87265,0.17595,0.51474,0.6664,0.47559,0.10703,-1.3832,-0.37746,-0.88767,0.59084,0.37343,0.55814,1.3575,1.2846,1.2121,1.7017,0.30622,1.3391,1.4379,1.5061,1.2888,0.71934,0.58993,0.34293,1.3746,1.2494,0.24995,0.2155,0.20492,-0.84986,-0.26875,-0.89962,-1.963,0.23472,0.46309,0.43499,-1.0129,-0.7411,0.85531,0.24281,0.064614,0.17166,-0.26019,0.29648,1.1092,0.4053,-0.36562,-0.25262,-0.10074,-0.51711,0.90466,-0.64574,0.50366,-0.62058,0.60781,1.2602,1.2558,0.78696,0.70378
-0.18803,0.12636,-0.59774,0.048909,0.26635,0.0095951,0.43593,-0.85784,-1.012,1.3239,-1.3225,-0.34776,-1.8415,0.75232,-0.45035,-0.41303,0.060887,0.11171,-0.74528,-0.31773,0.067861,0.30078,-0.45552,0.48208,0.2477,0.69771,-0.70977,-0.003101,-0.12441,-0.72937,-0.9078,0.31536,-0.026649,-1.0046,-0.66677,-0.33862,-0.41396,-0.98181,-0.91214,-1.7615,-1.1642,-0.043227,-0.53877,-1.5994,-1.4983,-1.0519,-0.27437,-0.56765,-0.51491,-0.87364,-0.50976,-0.0074928,-0.27061,-0.56566,-1.2667,-0.66492,-0.58507,-0.8343,0.10864,-1.3193,-0.12942,-0.68701,-0.96121,0.39072,-1.516,-1.7543,-1.2884,-1.2777,-0.11493,-0.66854,-1.4711,-2.7216,-1.4269,-1.3509,-2.0163,-1.9205,-0.59653,0.14652,-2.1305,-0.56753,0.13181,0.44436,-0.44317,-0.66602,-0.34109,-1.7588,-0.84996,-1.4774,0.10498,-2.0662,0.70879,-0.1343,-0.15693,-0.20291,0.31501,-0.055468,-0.73445,-0.66748,-1.0853,-1.3394,-0.54496,0.23915,0.20678,-0.84798,-1.2048,-1.9152,-2.6064,-0.35657,-0.31743,-0.19966,0.73571,0.0030711,-0.069418,0.47531,0.76954,1.1333,0.61181,0.41233,0.046775,-0.89837,-0.21037,-0.86726,0.14856,0.5526,0.73094,0.10496,0.2772,0.75538,0.33392,0.018736,0.50236,0.52388,0.89986,0.86613,0.76272,1.0518,0.38993,-0.39218,-0.19596,-0.41269,-0.26874,-1.1508,-0.89121,-0.053819,0.23307,-0.47112,-0.37867,-0.20964,-0.79148,-0.19226,-0.47657,0.011548,-0.70541,-0.66125,0.35304,0.13101,-0.093213,-0.39914,-0.82894,-1.3862,-0.33738,-1.2063,-0.22672,-0.61523,-0.78753,-0.065677,-0.46535,-0.87486,-0.75575,-1.2513,-0.36321,-0.20703,-0.93711,-0.2178,0.12285,0.26622,0.77329,0.19747,0.79927,0.88356,0.010457,0.055834,0.10688,0.57399,0.76633,-0.14445,0.22887,0.32399,-0.2493,-0.22342,0.42588,0.61153,0.89409,0.92272,1.5699,0.88206,0.020339,1.3403,-0.3724,-0.19086,0.55226,0.33191,-0.14783,-0.58417,-0.71234,-0.36516,-1.4075,-0.045724,0.079134,-0.20474,0.19719,-1.0649,0.1415,0.80508,0.66485,-0.29839,-0.26021,0.7048,1.0272,1.1464,-0.11141,0.24227,1.0013,1.1993,0.6802,0.27127,-0.25798,0.12227,1.1629,1.1583,0.64612,0.52265,0.57758,0.64666,-0.13575,0.23596,-0.19156,0.63705,0.99078,1.2021,1.4914,0.76824,-0.12941,0.2353,-0.27536,0.64681,0.71836,-1.2999,0.32757,0.92488,0.65118,0.91526,0.76133,0.73811,0.6976,1.2739,0.91119,1.1483,-0.52181,1.0961,1.8939,0.4669,1.3187,-0.84034,-0.14211,0.49087,0.62843,-0.25809,0.23264,-1.1204,0.26944,1.0622,1.0369,0.28786,0.59092,0.6348,0.34354,0.63681,0.77449,0.15079,-0.72599,-0.66518,-0.11642,-1.0355,0.28865,0.2218,-0.88669,-0.82361,-0.91508,-0.5264,-1.5342,-0.17415,-1.0876,-1.3929,0.45207,-0.0056819,-0.64618,-0.40142,-0.70997,0.41093,0.22504,0.41515,-0.62252,-0.13821,0.45641,0.15148,0.47561,0.090885,0.44026,0.62127,0.93429,0.0845,-0.4294,-0.12425,0.61697,0.65843,-0.17502,0.67878,-0.44216,-0.71556,-0.98629,-0.49563,-1.1082,-0.63378,-0.25993,0.49391,1.5497,-0.31784,0.83306,1.289,0.26975,0.49424,-0.92607,-0.51314,-1.0193,0.86927,1.3003,2.0095,1.1367,0.61614,0.1446,0.88189,1.1573,0.46811,0.25724,0.95257,1.4009,2.4138,1.256,0.96873,-0.46004,-0.15215,-0.31525,-0.37537,-0.96335,-0.055776,-0.45115,-0.23285,0.48175,0.79098,0.79187,1.1218,0.073515,0.92612,-0.010666,-0.69954,-0.045445,0.39334,-0.34591,-0.013296,-0.64569,-0.19056,-0.73196,-0.027576,0.47261,0.06088,-0.14036,-0.48116,0.074521,0.30501,0.42759,-0.097415,-1.2245,-0.36132,-0.92921,-1.0673,-0.93036,-1.5811,-0.15594,0.0036826,0.42591,0.15943,-0.0071749,-0.54111,0.92162,-0.39713,-0.82417,-0.69503,-0.79949,0.14912,0.36187,0.53086,0.13198,-0.98177,0.92655,0.48647,0.58178,1.1269,0.2086,0.9137,0.47133,0.93592,-0.76735,0.08558,0.7567,0.73078,1.5971,-0.053593,-0.14066,-0.16881,0.9257,0.67414,1.2318,0.46111,0.15827,1.459,-0.92372,-0.31574,-0.63585,-0.80515,-0.32364,-0.18294,-0.2374,-0.34192,-0.61933,-0.057048,0.32052,0.51779,0.1123,-0.21198,0.75676,0.32481,0.37045,0.56352,0.52936,0.62615,0.31902,0.47128,0.63251,0.24919,0.33576,1.3706,0.083705,1.017,-0.093224,-0.57745,0.80402,-0.076034,1.3558,0.068671,-0.71856,-0.28634,-0.44322,0.7114,-0.16918,0.24964,2.1536,1.0322,1.1507,1.5143,0.36284,-0.29646,0.80715,-0.82435,-1.2341,-1.0246,-1.2638,-0.48437,-0.095368,-0.32945,-0.40356,-0.18729,-0.84272,0.75932,-0.058334,-0.12333,-0.32276,0.38864,1.2818,1.3072,0.53576,1.0634,0.47552,0.77817,0.65837,0.86304,0.40922,0.96402,-0.1025,0.11323,0.6116,0.81765,0.92846,0.27572,0.33632,-0.42031,-1.1116,-0.43012,-0.059662,-0.63379,-0.67845,0.21972,0.38273,1.1018,0.063856,0.63091,0.67817,0.59367,1.3403,0.67874,0.98814,1.3938,1.3802,1.2942,1.1051,0.60518,1.0183,0.65946,0.51753,0.63333,1.1567,0.35332,0.16303,1.2344,-0.27267,-0.31427,-0.59219,-0.72416,0.04353,-0.19446,0.61507,-1.2511,-0.10663,-0.67954,-0.033297,-0.32089,-0.32398,-0.78507,1.3598,0.26744,-1.519,0.010651,-0.74689,-0.61551,-0.86396,0.17354,-1.0255,-0.26733,-0.68139,-0.15167,-0.40127,-0.60531,-0.53731,-1.3136,-0.89221,-0.8743,-0.22587,-0.68275,-0.70505,-0.39593,-1.0399,0.25384,-0.25739,-0.41193,-1.4432,-1.0646,0.64719,-0.528,-0.39291,-0.45566,0.24432,-0.12086,0.33561,-0.49507,-0.65204,-1.2262,-0.29088,-1.0462,-0.41379,-0.20235,0.11732,-0.17115,0.61855,1.4903,0.3145,0.17983,-0.35179,-0.45423,-0.21153,-0.47227,-0.13759,0.26646,0.52148,0.31203,-0.44253,-0.13121,0.15861,-0.06257,-0.5499,-0.43201,-0.56009,0.47962,-0.68724,-0.47585,-0.68371,-0.4609,0.146,0.07279,1.1846,-0.57905,0.6642,-0.31383,1.9805,-0.17464,-1.1611,-0.75654,0.27245,-1.1716,0.059913,-0.70541,-0.28483,-1.1435,-0.57344,0.11779,0.66094,-0.259,-0.16573,0.67665,-0.12755,0.81174,-0.82355,0.18919,1.1015,0.17589,1.0032,-0.11026,-0.5385,-0.48741,-0.29623,-0.48854,-0.22291,0.71488,-0.084309,1.5289,-0.11825,1.3161,1.5339,0.75808,0.96544,0.79262,0.17034,-0.67569,1.2222,0.25861,0.83758,-0.46025,-1.2548,-0.024351,-1.0937,-0.18245,0.81111,0.14989,-1.3903,0.31128,0.34424,-0.26949,0.095491,-0.73986,0.31502,0.6518,-0.11063,1.7939,0.77953,0.35277,1.2724,1.3248,0.11302,0.10829,0.99334,-0.010965,0.53537,0.28071,0.32709,0.14837,-1.4324,-0.15344,-0.132,-0.3348,0.30198,-1.2173,-0.18854,0.8526,0.070941,-0.14072,0.29727,0.66126,0.96064,1.9528,0.9141,0.90025,-0.3046,1.2361,0.39335,0.85827,0.19723,0.22221,0.873,-0.018486,0.61453,-0.055453,-0.076407,0.83062,0.74397,0.28136,-0.69787,0.69422,0.58233,1.357,1.0413,0.72037,0.64416,1.6906,1.4072,0.047446,1.0223,-0.22329,1.1961,1.0064,0.68532,0.3295,0.3111,0.96167,1.4865,0.82573,0.57854,1.5793,1.9001,1.1349,0.38489,0.9908,0.72055,1.1865,1.5176,1.1328,0.44078,0.90376,1.376,1.5498,1.9849,0.77788,0.56726,1.5967,1.0388,0.69627,0.84074,1.1765,0.80991,0.75154,-0.55677,-0.22841,-0.39957,-0.74486,-0.29121,0.49798,0.9005,0.72355,1.4723,0.74987,0.95642,0.96542,0.60876,0.58475,0.138,0.83523,-0.42141,0.82934,-0.11091,0.23215,0.18705,-0.72918,0.23327,-1.1105,-1.3852,0.052046,-0.54283,0.6249,-0.048728,0.40638,0.000641,-0.16466,0.045454,-0.29111,0.88215,0.614,-0.2487,0.81312,0.029842,0.17727,0.87834,0.53581,1.8558,0.58544,0.95363,0.7299,0.58143,0.52243,0.62699,0.077654,-0.11389,0.24377,0.4497,1.0761,0.73073,1.4368,1.3215,1.2657,0.96315,1.7678,1.6646,1.1355,1.7844,1.372,1.1918,1.7602,1.7837,-0.095028,0.29295,0.85888,1.0705,1.7303,1.7266,1.023,2.3495,1.9028,1.7426,1.5429,1.2541,1.895,2.9136,0.87253,0.38744,-0.17708,-0.67145,-0.67446,-0.87302,-0.28288,-0.49939,1.5241,0.71769,1.2051,1.6814,1.1348,0.11892,0.2148,0.027976,-0.20928,0.45789,-0.64372,-0.19692,-0.95094,-1.1953,-0.87609,-1.0887,-0.93816,-0.69857,-0.83402,-0.59835,-0.60213,-0.33823,-1.2526,-0.63691,-1.106,-0.065333,0.24767,-0.39199,-0.59312,-0.98675,-1.202,-0.35122,-0.44929,0.051345,-0.75814,-0.20791,-0.20357,-0.047748,-0.44166,-0.39458,0.58631,-0.31802,-1.2611,-0.38473,-0.24329,-0.02985,-0.46336,-0.41181,-0.5517,-0.85172,-0.32938,-0.29716,-0.8364,0.074447,0.21939,-0.50178,0.93325,-0.49785,-0.37407,0.52886,0.71523,0.25396,0.62991,0.44265,-0.83831,0.010858,-0.29514,-0.035148,0.88632,1.0752,0.82283,-0.17423,-2.6408,-1.3251,-1.6042,-0.34712,-1.2918,-1.0534,-0.62435,-0.52322,-0.86896,-1.1002,-1.0192,-0.068234,-1.3168,-0.19007,-0.18281,-0.041678,-0.63762,-0.5212,-0.64518,0.81037,1.4987,0.89077,0.35886,0.11034,0.098339,0.41932,-0.13267,-0.3058,0.33115,-0.8968,-0.6915,0.23226,0.15933,-1.2209,-0.35942,-0.92497,-0.91134,-0.82652,-0.72758,-0.73629,-0.49442,0.11664,-0.96312,-1.07,-0.6988,-0.49318,0.16224,-0.28233,-0.53311,-0.32493,-0.41911,-0.18379,-0.13208,-1.027,-0.73011,0.25147,0.1382,-0.65469,0.12414,-0.24535,-0.50082,0.79063,0.77256,-0.37853,-0.66585,-1.0184,-0.44463,-0.0093548,-0.77259,-1.0479,-0.11419,-1.0542,-0.57192,-0.92337,0.69649,-0.97192,-0.020497,-0.19929,-0.28165,-0.62626,-0.98884,-1.0722,-0.222,-0.61972,-0.35235,-0.77271,-0.27388,-0.052702,-0.028841,-0.66738,0.82689,0.66806,1.2117,1.227,1.2865,0.051162,-0.3717,-0.29575,-0.2619,-0.66946,-1.6457,-1.3489,-0.76062,-0.81521,0.44899,-0.66565,0.12812,-0.21231,-0.6812,0.19757,0.593,-0.085009,0.69767,1.3213,-0.11079,-0.089351,0.61416,-0.001937,-0.061945,0.53403,-0.34442,-1.276,-0.47273,-1.1702,-0.56527,-0.96175,-0.71774,-1.2412,-1.0814,-1.2256,-0.29351,-1.1823,-1.7907,-1.6162,-0.49512,0.0075971,0.15675,0.26019,-0.19957,-0.73133,-0.51893,-0.73738,-1.2212,-1.1052,-1.5196,-0.74633,-0.53379,-0.15832,-0.52435,-0.97735,-1.1352,0.0089373,-0.58249,0.41986,-1.104,-1.5846,-0.90688,-0.69802,-1.0192,-0.73956,-0.80753,-0.077471,0.36414,-1.3423,-0.084546,-0.8047,0.24266,0.36317,0.21068,-1.0112,-0.58545,0.40538,0.13479,-0.2867,-0.064956,-0.66935,0.0151,-0.70618,-0.26934,0.069542,-0.31089,-0.099468,0.69864,0.11876,-0.11102,-0.14274,0.49198,0.36911,-1.0857,-0.1396,-0.75577,-2.3707,-1.3247,-0.51098,-0.99741,-0.32172,0.43851,1.1208,0.62228,0.1291,0.50797,0.10172,-0.77402,-0.058793,0.63039,-0.61938,-0.24404,-0.34785,0.29695,0.22627,-0.85063,-0.016558,-1.4401,-1.5689,0.41838,-1.0356,-0.6206,0.19252,0.44888,0.51949,-0.29079,-0.068322,0.88474,-0.20997,-0.48688,-0.042975,-0.72826,-0.27892,-0.76055,0.58042,-0.15212,-0.21946,-0.13667,-0.51464,2.07,0.90384,-0.32266,-0.33649,0.046633,1.2176,0.73188,0.45102,-0.72125,-0.8273,-1.1872,-0.81004,-0.36867,-0.38125,-0.40539,0.80309,0.14049,-0.15478,-0.51411,0.23301,-0.01336,-0.021305,-0.21184,-0.38608,0.32816,1.0053,-0.313,1.087,0.63785,0.54951,0.39633,0.099439
0.48973,-0.01017,0.34744,0.32156,0.67131,1.6093,1.5471,0.84689,0.5828,2.0105,0.89921,-0.039123,0.33611,-0.71986,0.96575,0.64081,0.5439,-0.3142,0.39091,0.52647,0.14007,0.14177,0.3059,1.0143,0.45467,0.84444,0.67356,0.70415,1.3295,0.589,1.0965,1.2541,1.4588,1.9425,1.0114,1.9578,1.1826,1.096,1.1732,-0.126,0.8063,0.034638,0.47638,0.1277,-0.55957,0.20764,0.78715,0.3592,0.39083,0.039747,0.40591,-0.15649,0.12199,0.34739,-0.85045,0.93635,0.74015,0.50484,-0.34096,-0.02735,-0.187,0.48366,1.0828,1.3729,2.0872,1.4717,1.8912,2.1055,2.1844,1.7077,1.4925,0.59453,-0.061403,0.043649,-0.84511,-0.37944,-0.38762,-0.48334,-0.94313,-0.7648,0.97762,-1.7196,-0.16163,0.62096,-0.33946,-1.1683,-0.78047,-1.6673,-1.2591,-1.0098,-0.8062,-0.58877,-1.1795,-0.84433,1.0144,0.45302,0.88264,0.14743,0.4165,-0.25174,-0.93744,-2.1544,-1.0149,0.027095,-0.38907,1.2007,-0.38177,-0.52951,-0.39033,-1.0656,-0.70785,-1.5125,-0.17498,-0.94883,-0.76587,-1.0501,-0.73819,-0.82487,-0.72605,-1.1513,-0.65076,-0.48633,-1.2076,-0.82043,-0.87343,-0.1496,-0.69413,-0.40601,-1.0709,-0.65255,-0.538,0.2016,-0.69771,-1.0572,-1.3676,-0.37682,-1.0515,0.21388,0.8381,-0.039936,0.32117,-1.0573,-0.35557,-0.11188,-0.50819,-0.82983,-0.23036,-0.48133,-0.62667,-0.87913,-0.17819,0.15613,-0.19331,0.66783,-0.79309,0.22448,-0.06966,0.23076,0.53646,0.92008,0.90061,1.5188,1.2462,0.13474,0.60886,0.30921,0.53643,0.86716,0.43842,0.71146,0.3689,-0.21625,-0.58133,0.3405,-0.072662,0.057572,-0.65583,-0.2348,-0.72274,-0.78623,0.27022,-0.20319,0.077529,-0.3038,0.19179,0.42673,-0.82552,-0.69969,0.26105,0.30859,0.64737,-0.46558,-0.45213,-0.79131,-0.48858,0.0018175,-1.1047,-0.57412,0.07285,0.1569,0.23763,-0.28633,0.23888,0.075303,0.6322,0.76368,1.2325,0.82859,0.40325,1.1238,0.45603,0.022929,0.42719,-0.30565,-0.69737,-1.3627,-1.2292,-1.5577,0.42759,-1.06,-1.3379,-0.58768,-0.49074,-1.182,-0.80823,-0.49279,-0.63672,-0.70642,-0.96604,-1.1331,-0.42203,-0.83117,-0.71056,-0.92691,-1.3902,-1.2277,-1.7905,-0.89335,-0.89812,-0.79031,-0.59197,0.38638,0.14991,1.2408,1.7247,0.30447,0.12696,0.23753,-0.14841,-2.1761,-0.97505,-1.0709,-0.37366,-0.4808,-1.3711,-0.57275,-1.398,-2.0097,-0.47116,-1.5672,-0.83552,0.16139,0.84092,0.99782,1.09,0.90761,-0.91167,-1.1183,-0.32127,0.37672,-0.46022,0.054567,0.3893,0.46612,-0.64789,0.06085,-0.45304,-0.31638,-1.2279,1.2787,1.1051,1.4504,1.397,0.26122,-0.28612,-0.9484,-0.34337,0.109,0.063609,0.44185,0.70435,-0.21307,0.36286,0.39881,-0.039851,0.68495,0.46928,0.43697,0.90745,0.30129,-0.19402,-0.65666,0.62692,0.47626,1.0009,0.27272,1.3729,0.47329,-0.21087,0.35433,-0.20508,-0.56548,0.071184,0.70673,0.28306,0.38389,0.31889,0.62544,0.6342,0.4137,0.47533,0.042596,0.20585,0.71794,0.69348,0.48142,-0.8447,-0.050786,0.51798,-0.34973,0.16226,0.22499,0.11721,-0.068536,-0.05231,-0.11213,-0.044402,-0.68271,0.0088511,0.80895,1.2936,1.5553,1.3478,1.4629,0.23266,-0.86589,-2.1799,-0.99683,-0.047572,0.081459,0.59248,0.62552,1.2061,0.36894,-0.41285,0.41195,-0.77746,-0.81461,-1.1679,-1.4608,-0.027453,-1.0865,-1.0538,-0.59608,-0.64603,-0.39037,0.010804,-1.1177,-0.82279,-0.24276,-0.6589,-0.24917,-0.8885,-1.0794,-1.5968,-1.2739,-0.73868,0.22659,1.1153,0.80856,0.81527,0.54315,-0.054876,0.16417,-0.17762,-0.31738,1.0192,0.51029,1.26,-0.48709,0.34757,-0.46718,-0.70715,0.03522,0.055136,0.93584,0.64581,0.34989,0.69311,-0.11268,0.10957,-1.077,-1.485,-0.30415,-0.96476,-0.16943,-1.2408,-1.0104,-1.5137,-1.599,-0.67931,-1.1298,-0.95287,-0.29326,-0.025172,0.22223,0.38276,1.189,0.40061,0.43509,-1.4699,-2.1494,-2.8344,-2.0167,-2.0562,-1.7909,-0.94659,0.43061,0.61929,-0.25329,-0.36355,0.46417,0.56735,-0.46355,-0.87273,-0.49789,-0.16248,-0.67107,-0.11408,0.52713,1.0101,0.99122,1.1088,1.6943,0.83819,-0.030467,0.099009,0.54737,0.29971,-0.57519,0.73016,1.6293,0.78461,1.6532,1.1143,0.83769,0.18936,0.98917,1.1842,0.085086,-0.07657,-0.5647,-0.10666,-0.049247,-1.1811,-0.91876,-0.033147,0.0096743,-0.54517,0.52828,1.4625,1.296,1.0096,0.7435,0.95651,1.2089,0.33006,-0.24858,0.098197,-0.56516,-0.51054,-0.49164,-0.4233,-0.022128,-0.32631,0.072853,-1.332,-0.46474,-0.74225,-0.37925,-0.40919,-1.3686,-0.88825,-0.8265,-0.48548,-0.38204,0.036193,0.38208,-0.096195,-0.6354,0.22782,0.38619,0.67067,0.22536,1.008,1.5679,1.5623,1.6117,0.83698,0.49979,-0.47231,-0.77859,0.018998,-0.11597,-0.24081,0.23327,-0.286,-1.3715,-0.98995,-0.23895,-0.48311,0.05057,-1.0717,-0.42712,-0.98415,0.029754,-1.1436,-1.2308,-0.52572,-0.94944,-0.28366,-0.69218,1.0352,-0.28931,0.087675,0.28233,-0.095225,-0.85195,-0.57355,0.077826,0.18745,0.10812,-0.88202,0.18466,-0.12831,0.23813,-0.045548,0.31884,-0.43067,-0.24893,-1.7776,1.681,0.73446,0.28399,-0.013624,-0.041363,0.46883,1.0934,0.99294,1.199,1.0049,0.96565,0.5286,0.17921,0.57579,-0.36471,-0.39471,0.52765,0.13639,0.16365,0.23094,0.45543,0.77289,-0.87109,0.00045804,-1.7072,-1.139,0.11489,0.1271,-0.029313,-0.47129,-0.83224,0.15376,0.48932,0.32127,0.48406,-0.3675,-0.74836,0.61339,-0.53892,-0.10356,-0.97627,-0.26252,0.65561,0.19525,-0.55787,0.10384,-0.20057,-0.3018,0.061889,-1.0554,-0.7828,-1.6859,-0.75475,-0.63885,-1.0942,-0.6801,-0.97569,-0.068711,-0.097541,0.35385,0.26817,-0.75785,0.23469,0.63364,1.2399,0.48109,-0.010055,0.32364,0.13064,0.47331,0.55808,1.4459,1.3494,-0.25166,0.2793,0.6775,0.32293,0.24503,0.36827,-0.73663,-0.19756,-0.28313,0.36732,-1.091,-0.55051,-0.19696,0.31187,0.019237,0.096254,0.91974,-0.75123,-0.43022,-0.89571,-0.6012,-0.57133,0.006522,0.69132,0.57115,0.02612,-1.7201,-0.78172,0.15466,-1.2238,-1.037,-0.98226,0.056857,0.17177,-0.36007,-0.14863,0.27588,1.0168,0.51151,0.028998,-0.28694,0.588,0.96591,1.0704,-0.43854,-0.81003,-1.0078,-0.33506,-0.60481,0.19612,0.74522,0.59953,1.4988,1.6269,1.7659,0.86615,-0.34068,-0.82357,-1.5381,0.21951,-1.8586,0.85474,0.024512,-0.69891,-0.18612,-0.28045,-0.14429,-1.239,-0.23558,0.36681,1.2243,1.3262,0.53013,0.22811,0.42791,0.88958,0.27707,-0.97145,-1.2829,-0.61919,-1.1206,-2.0028,-1.4424,-0.92865,-1.5383,-1.9612,-1.7738,-1.4244,0.011151,-0.5237,0.34662,0.65489,0.49252,-0.29614,1.1109,2.1327,0.7834,-0.3992,-1.0406,0.25975,-0.38209,0.2063,-0.87198,0.12373,-0.13918,0.84163,0.58796,-0.23875,0.2118,1.273,0.013176,-0.28028,0.25224,-0.585,0.67033,0.35145,0.17872,-0.62299,0.18749,0.027703,0.65874,0.47131,0.13741,-1.1658,-0.57782,-0.65244,-1.0094,-0.16893,-0.29156,-0.321,0.34159,0.69537,0.8735,0.13738,1.1009,1.2491,1.1272,0.31367,0.17924,-0.63603,-0.095122,0.78167,0.41796,0.33996,-0.036543,-0.2654,-0.22907,-0.72656,-1.0993,-1.8663,-1.8795,-1.2672,-0.44041,-0.99005,-0.56038,0.051978,0.80341,1.3009,1.5373,0.75611,0.5694,1.2345,0.98069,0.29603,-0.35051,-0.095863,0.98678,0.12318,0.10782,-0.09314,-0.62537,-1.3289,0.028162,-0.51953,-1.189,-1.8116,-0.16422,-0.58513,-1.1389,-0.67426,-0.76809,-0.084942,-0.28532,-0.54659,-0.94442,-0.7316,0.48495,0.39119,0.86207,1.0256,1.4869,0.63836,0.0058161,0.78238,1.1047,-0.41767,-0.42914,-0.37701,-1.0437,-1.4287,-2.1249,-1.2353,-1.5654,-1.4651,-0.59416,-0.70722,-0.83753,-0.31416,0.14451,0.58643,-0.12323,0.72274,0.52157,-0.10754,-0.43159,-1.2538,-0.85914,-0.71943,-0.96365,-0.52763,-0.97654,0.07173,0.56849,-1.1663,-0.2366,-0.17265,1.3002,1.4783,1.138,0.42791,0.38512,0.54878,0.45913,0.4254,0.25529,0.54135,1.3215,0.36232,0.97291,0.5494,0.20428,0.94506,0.84704,0.49754,0.21272,0.2594,-0.18058,0.16253,-0.24664,0.49626,1.0087,0.60549,1.2245,0.78177,1.3077,0.86369,0.48561,0.2244,0.061907,0.61461,-0.44837,-0.49399,0.21152,-0.059208,0.22191,-0.29716,-0.10772,0.9256,0.83461,0.70591,0.90946,1.5335,0.67425,0.55378,1.0759,0.79653,1.5,1.5915,2.2084,1.3781,1.6915,2.0605,2.1114,2.2535,2.3044,2.1379,2.45,2.0499,2.3059,1.8035,1.3803,0.84549,0.39751,-0.19225,-0.092257,-0.181,1.1634,1.1397,1.5984,1.4186,1.1887,-0.33393,-0.3711,-0.32337,0.3057,-0.25475,0.86938,-0.36709,-0.92305,-1.2767,-0.83549,-1.6293,-0.99804,-1.1973,-0.85024,-0.66291,0.71077,-2.0241,-1.2405,0.083406,-0.53215,-0.2442,-0.72719,0.24337,-0.68506,-1.6537,0.41719,-0.81463,0.64565,0.50355,0.591,1.5089,0.21904,1.6817,0.84913,1.4592,1.3559,1.1627,0.86232,0.61697,0.97238,0.6298,0.21273,-0.48284,-0.35113,-0.95015,-0.87447,-1.045,0.11042,-0.64679,-0.69836,-0.17891,-1.0388,-1.5695,-0.5241,-0.88009,-0.75369,-1.4928,-1.1528,-1.253,-1.2436,-1.3298,-0.40097,-1.0593,0.94658,-0.27807,0.59895,0.16319,-0.14197,0.79701,0.58824,0.92199,-1.0212,-0.3689,-0.58103,0.3254,0.82746,-0.084479,-0.74851,1.256,0.17079,-0.15092,-0.60442,-0.33703,0.066659,2.0647,1.4463,1.2023,0.65169,0.31454,-0.758,-0.18076,-0.66501,-1.0073,-1.99,-1.3435,-1.6259,-1.2819,-0.86286,-1.1818,-0.38155,0.62456,0.41393,0.93277,0.09336,0.17988,-0.37091,0.064928,0.16359,-0.12031,-0.87345,-0.17029,0.072499,-0.85716,-1.0635,-0.78792,-0.82856,-1.1481,-0.53601,-1.1275,-1.7266,0.64952,0.21165,0.023897,0.41582,0.51827,0.39352,0.6014,0.049238,-0.50714,-0.89106,-0.89274,-0.65588,0.43953,0.10254,-0.1094,0.077678,-1.8666,-0.0013261,0.014453,-0.78335,-0.88897,-0.25912,-0.097207,-0.099261,-0.45995,-0.50076,-2.1164,-0.76842,-0.56568,-0.82674,-0.014703,-0.14932,-0.20557,1.9982,1.0861,0.81375,0.21773,0.59411,0.34542,0.6391,1.1428,1.2577,0.69532,1.8101,1.4167,0.78621,0.046039,-0.23784,-0.10937,-0.47753,-0.80886,0.018054,-0.031459,-0.05913,0.37546,1.064,1.0446,1.9854,0.73045,-0.34703,-0.55,-0.22337,0.54145,0.69972,0.012922,0.11449,-0.35251,-1.3413,-0.77867,-1.7273,-0.57041,-1.5103,-0.0012794,0.058203,0.27111,0.013913,0.37092,0.25773,-0.57357,-1.035,-0.8413,-0.55483,-1.127,0.04454,0.36151,0.90504,1.3116,0.53163,-0.8396,-1.8953,0.34915,-1.1964,-1.0475,-0.54983,-0.56897,0.40856,0.12151,0.49419,0.42416,0.2038,-0.75686,-1.7712,-1.016,-1.0857,0.44009,0.094252,0.49891,0.72115,1.0871,0.86737,0.2388,0.71128,0.2618,0.016659,0.057605,0.25694,1.0348,1.2194,0.23081,0.51606,-0.10724,-0.45714,-1.0636,-0.93087,-0.56695,-0.059621,0.30638,0.048921,-0.15541,-0.38036,0.84851,-0.18229,-0.79502,-0.54394,0.10564,0.44063,0.0019656,-0.31384,-0.54704,-0.72296,0.61475,-0.45629,-0.59237,-0.83096,-0.80689,-0.75652,-1.3169,-0.83318,0.50207,-0.52195
-0.60911,-0.74682,-0.23021,-1.2848,-1.4094,0.70707,-0.48616,-1.5342,-0.92605,0.0086705,0.27327,-0.25704,-0.21966,-0.72911,-0.40352,-0.36451,0.19329,-1.3001,-0.72768,-1.381,-0.48625,-0.75711,-1.29,-1.6983,-1.4816,-1.274,-1.0321,-1.0748,-1.2752,-0.84807,-0.95795,-0.55871,-0.47857,-1.3398,-1.3738,-0.059409,-0.20408,-0.49422,-1.8299,-1.3603,-1.0913,-0.3765,-0.41822,-1.1982,-0.7109,-0.62935,-1.019,-1.1489,-1.414,-1.899,-1.3013,-0.26664,-1.1987,-0.011378,-1.0402,-1.4114,-0.84086,-0.683,-0.77496,-1.007,-0.81475,-1.0406,-1.6274,-0.56632,-0.34047,-0.9805,-1.4789,-0.85023,-0.58246,-0.58244,-1.0305,-0.82743,-0.98378,-0.97882,-0.10944,-1.5258,-0.52184,-1.2914,-0.94877,-0.19905,-0.97573,-0.81899,-0.40441,1.4964,0.50967,-0.69723,-2.1824,-2.3015,-1.1724,-1.6077,-1.094,-1.3446,-2.4437,-1.3034,0.33861,0.43151,-0.74115,-0.92867,-1.0728,-1.7221,-0.42048,-0.77787,-0.83141,-0.3578,-0.46737,-0.34921,-2.1449,-0.76153,-0.89366,-1.1151,-1.4402,-1.1096,-1.4159,-1.2171,0.22084,0.50026,-0.26578,-1.5234,-0.92929,-1.3025,-0.57319,-0.98868,-1.4985,-0.99742,-0.84739,0.24378,-0.94816,-0.095418,-0.014677,-0.95338,0.41393,0.33736,-0.26305,0.25371,0.72412,0.21718,-0.078447,0.57717,-0.10837,-1.0051,-0.46122,-0.70423,-0.96022,-0.70947,-0.84023,1.3735,0.26252,1.4681,-0.17406,-0.094277,-1.2294,0.3663,-0.65183,-0.70642,-0.56867,0.61671,0.42411,0.5282,0.61735,0.43246,0.89736,0.95031,1.6909,0.48588,1.246,0.3141,0.17387,-1.0629,-0.57601,-0.088458,-1.1106,-1.7544,-0.30502,-1.2085,-1.3985,-0.60875,-1.6203,-1.2272,-0.87262,-0.52556,-0.89628,-0.76674,-0.39593,-0.55942,-0.42382,-1.215,-0.56302,-0.66711,-0.85476,-0.1101,-0.37897,-0.88166,-0.46851,-0.17977,0.18332,-0.65135,0.22296,-0.033808,0.27842,0.95747,0.052497,0.93851,-0.58433,0.89012,1.3041,0.96226,0.11759,-0.034651,0.057738,0.27872,0.97423,1.1168,0.90831,0.92088,0.82411,0.66623,0.28543,0.52085,0.38497,0.88207,-0.19726,-0.22729,-0.19405,-0.79805,-0.97733,-1.3961,-2.0214,-1.4479,-1.396,-1.0016,-1.1122,-0.33502,-0.95386,-1.4521,-1.098,-0.36424,-0.89,-1.0269,-1.3955,0.37933,-0.35439,0.030463,-0.35079,-0.28294,-0.51697,0.69263,0.026694,0.58475,-1.4885,-1.0179,-0.6202,-1.1099,-0.11764,0.10921,-1.1541,0.056507,-0.20105,1.4192,1.0173,-0.68708,0.14662,-0.62028,0.43153,0.6386,0.7138,-0.56907,-0.079185,-1.4208,0.34479,0.20666,-0.28297,1.4352,1.0463,1.2549,0.68547,-0.15075,-0.39302,-0.25022,0.33571,0.12512,0.55491,0.17556,0.4628,0.14112,0.86507,-0.96084,0.7601,0.0059466,0.37343,-1.219,-0.55072,-0.34259,-0.11394,-0.31335,-1.2701,-0.65237,0.013864,0.12313,0.049671,-0.71049,0.054502,0.72823,-0.16511,0.015914,-1.0246,0.054105,0.12539,0.34713,0.17168,-0.62357,0.96583,0.18262,1.2257,1.7411,0.98,1.7903,2.3524,1.6006,1.6614,1.2722,1.5437,1.9344,1.8577,1.205,1.1531,0.37843,0.2298,1.0588,0.88069,1.1639,-0.27312,-0.31836,-0.0061452,0.55628,-0.15108,-1.3959,-0.52716,0.34946,-0.56985,1.1593,1.3425,1.3144,1.2367,1.8704,1.4503,0.80544,-0.52051,0.43073,1.2685,1.7132,0.87177,1.7696,0.9088,1.0478,-0.17971,0.254,0.54775,-0.70319,-0.77265,0.08172,0.28304,0.70059,0.59591,0.60809,0.25958,1.9294,0.8542,0.2622,0.88622,0.25326,0.28529,1.1758,0.64865,-0.38276,0.3563,0.42741,1.628,2.4072,0.83227,1.9112,1.3868,2.3382,1.7407,0.53494,1.2173,1.2524,0.39256,-0.31403,-0.66295,-0.61814,0.82543,1.7497,2.2832,0.94824,0.85901,1.704,1.1999,1.0497,0.68607,1.1906,0.84425,1.7895,2.0879,1.977,0.42896,1.3725,1.1,0.88033,1.631,-0.82382,0.16749,0.48152,0.21566,-0.29724,-0.91767,-0.093038,0.72976,1.1818,1.3993,0.49928,0.23877,0.58539,1.4981,2.5574,1.2933,0.24748,1.3736,1.1893,0.77176,-0.3989,-0.13115,0.039478,-0.74198,-0.78735,0.39632,-0.1976,0.90107,1.8284,1.6752,0.6085,-0.13727,0.46458,0.16361,0.94347,0.59048,-0.081576,-0.7826,0.0067799,0.14505,1.9804,0.73592,2.0022,2.1988,1.6227,2.1946,2.2126,2.7259,2.7153,2.136,2.8165,1.794,0.46559,0.048208,1.085,2.0435,0.22518,0.70894,2.0387,2.8444,1.9729,0.63951,1.3531,2.2104,2.4617,1.4923,1.2784,0.50122,0.9012,-0.24017,-0.76294,-0.63283,-0.73364,-0.76718,-1.0188,0.53556,-0.49046,-0.21205,-0.4176,0.30283,0.042811,-0.033785,-0.90232,-0.02553,-0.3792,-0.035453,-0.19249,-0.79438,-1.186,-0.35855,-0.25074,-0.80257,-1.0082,-0.26261,0.12259,-0.12509,0.92807,0.65985,1.103,0.84396,1.1553,0.51511,0.48618,1.0539,0.90699,0.36977,1.0893,-1.0682,-0.71716,-1.449,-1.1569,-0.28241,-1.2341,-1.0069,-0.19381,-0.46949,0.51001,0.53101,-0.15325,-0.57049,0.73383,0.27325,0.47307,0.92226,0.36174,0.081022,0.28624,-0.0083822,-1.1321,-0.4586,-0.34048,0.16582,-0.38357,-0.0056605,0.25146,-0.8965,-0.13974,0.069744,-0.89888,-0.4941,1.0244,0.69625,0.12574,0.096184,-0.45877,-0.61658,-2.1854,-0.16838,0.017743,-0.52347,-1.1578,-1.036,-0.59419,-0.83253,-0.67674,-0.66636,-1.6087,0.20467,-0.055324,-1.0959,-0.59861,-0.87716,0.2347,0.39649,1.1503,-0.25626,-0.38873,0.0047841,0.079044,-0.4394,-0.57289,-0.072349,-0.74083,0.89195,0.018619,-0.059223,-0.76421,0.46852,-0.26097,0.6276,-0.18951,0.1235,-0.59212,0.28312,1.6557,0.55379,0.34352,1.0166,0.37298,1.3642,0.92689,0.54163,0.93172,0.079518,0.73461,2.2452,2.196,0.85522,3.3346,0.93111,1.1636,1.0992,1.1465,1.0439,1.1838,2.1188,1.0804,0.92632,0.42309,1.3878,1.1529,1.7163,0.96887,0.23549,0.093909,1.4272,0.39861,0.72931,1.0691,0.23737,0.040564,-0.046295,-0.24636,0.77563,-0.11483,-0.073846,1.6304,1.9736,1.3946,0.69892,0.31933,0.70695,0.069517,1.5323,0.025354,0.95145,0.40252,0.71589,0.41379,0.46369,-0.89492,-0.33826,0.51375,1.0173,0.48755,0.38001,0.2233,1.1632,1.8491,0.79741,0.85838,2.3057,1.744,2.3752,2.9983,2.1059,2.5584,2.5232,2.1823,1.785,1.2766,1.505,2.064,1.3194,-0.11283,-0.46375,0.1542,0.68494,0.78632,1.4519,0.14763,-0.17545,-0.9752,-0.048969,0.018952,0.57002,0.53294,1.5249,0.54597,0.67326,0.29363,0.98033,-0.18804,1.0653,1.1546,1.3909,0.80369,0.96833,0.90216,1.3205,1.1595,0.24947,0.045169,0.2632,0.1626,0.47508,-0.76257,-1.4743,0.73051,0.57165,0.16359,0.013083,0.42937,-0.10491,-0.1074,-1.7503,-1.1564,-0.89541,-0.0094295,0.48484,0.44299,0.73432,0.31933,-0.063597,0.34931,1.6428,0.27579,-0.1403,1.16,2.3767,0.35826,1.1835,0.36055,0.46076,0.32182,0.031034,-1.36,-1.8673,-0.56019,-1.4042,-1.4623,-1.8511,-1.7075,-0.94069,-0.46422,-0.7169,-0.97663,-1.0257,-0.66617,-0.81239,-0.016447,-0.77466,-0.50285,0.76263,-0.94787,0.178,-1.226,-0.33013,-0.037356,0.75962,2.1003,0.89946,-0.52364,0.43081,0.9956,0.38654,0.78736,0.12536,1.0497,-0.39223,0.41347,-0.058417,0.94685,-0.27983,0.37799,1.0758,0.20945,0.47142,-0.68888,0.70376,0.23949,0.81142,1.6227,1.4817,0.25768,1.8446,0.48901,1.0587,-0.85762,0.16552,0.49318,2.0676,1.5821,1.4789,0.37988,0.29424,0.18629,0.60292,0.80946,-1.257,0.12712,0.21538,0.99505,-0.30651,-0.78407,0.31059,-1.0105,0.33152,-0.25891,-1.1888,1.0684,1.9652,1.9076,1.8646,1.1373,1.647,1.314,1.7698,1.8031,0.00096956,0.82358,0.0059426,-0.26719,-0.025284,-0.7782,-0.30646,0.29904,0.2177,0.71195,-0.16341,-0.6338,-0.13909,0.5167,0.70821,-0.56323,-0.17998,-0.6889,-0.16775,-0.30905,-1.3696,-1.5712,-0.17085,-0.33868,0.19379,-0.74029,0.12701,1.1905,0.73344,1.223,0.53431,1.9992,1.6511,1.6785,1.8936,1.0069,0.98815,-0.013884,0.38905,0.45524,0.50983,1.5859,1.8057,1.9557,1.7321,0.46064,0.5788,1.4894,0.58359,0.26453,-0.74118,-0.17592,-0.7569,-0.53062,-0.45315,-1.0874,-0.49232,-0.47558,-0.55288,-0.93832,-1.0633,-1.3277,-0.44944,0.19804,-0.57239,-0.27993,-0.43662,-0.076117,-0.32216,-0.9848,-1.3656,-0.75843,0.25265,0.1545,-1.7358,-1.1128,-0.73498,-0.37895,-0.5824,-1.3982,-0.76507,-0.63242,0.26411,-1.0178,-0.62747,-1.2525,-0.40355,-0.62594,-1.6023,-0.69784,-0.99038,-1.1278,0.096755,-0.50757,-1.1923,-0.45082,-0.54437,-1.3755,-1.4366,-0.74874,0.318,-0.056267,0.67625,-0.48452,0.54123,0.64281,1.6221,1.0427,1.6698,0.83375,1.316,0.43089,-0.51999,-1.3434,-1.7208,-0.87776,0.73647,-0.53274,-1.093,0.53008,-0.10506,0.24525,-0.30236,-1.2662,-0.8888,-0.84364,-0.16332,-0.8995,-0.50356,-1.0547,0.0096078,1.4163,1.0103,1.7675,-0.25728,0.46055,0.72725,0.045759,-0.27635,0.85262,0.37626,-0.48698,0.10388,0.15278,0.45075,-0.081058,-0.71499,-0.50927,-0.26013,-0.29796,-0.22642,-1.1223,-0.27749,0.14315,0.33612,-0.8367,-0.92993,-0.6119,-0.38512,-0.36997,0.25696,-1.1218,-0.88856,-0.014088,-0.64757,-1.6769,-1.3062,-0.96181,-0.9592,-0.93856,0.099151,0.86728,-1.026,0.21315,-0.036589,0.064459,1.1412,0.5114,0.26401,0.099625,0.39581,-0.37863,0.016259,-0.75075,-0.56814,-0.069625,-0.098759,-0.17068,-0.88368,-0.12405,0.74848,0.18364,-0.24467,-0.010289,-0.46427,-0.93721,-0.48081,0.20584,-0.10886,-0.097374,0.42437,0.058662,0.96073,0.4086,0.38796,-0.3777,0.72728,0.47558,0.91211,-0.9153,-0.74099,-0.42689,-1.3373,0.036176,0.32977,-0.89791,-0.33383,0.15154,-0.14679,0.26043,-0.22488,-1.1869,-1.0565,0.37104,0.8733,-0.30606,0.4039,0.94847,1.12,1.167,0.53266,0.70561,0.33731,1.02,0.7035,-0.3906,0.80477,1.3224,1.9413,1.1038,0.07807,0.42924,0.12489,0.76189,0.055946,0.057305,-1.0481,-0.4289,0.45341,0.85046,0.55556,-1.0293,-0.79296,0.060966,0.049755,0.22292,-1.26,-0.014215,1.1655,0.9745,0.74295,-0.2244,-0.47805,-0.39241,-0.72131,-0.49301,-1.1633,-0.81508,-2.0097,-0.98434,-1.7574,-1.2091,-1.4014,-1.8989,-1.024,-0.72249,-0.90777,-0.68647,-1.2948,-0.81024,0.46542,0.074209,-0.13369,0.094889,0.68039,0.40208,-0.96404,-0.62284,-0.03591,-0.20795,0.40231,0.92353,-1.3901,-0.67503,-0.86088,-0.21712,-0.18607,0.9879,0.63209,0.35506,0.84958,0.21213,0.33537,-0.84204,-1.0822,-1.0217,-0.87812,-1.1105,-1.0161,-1.044,-0.97641,0.3518,-0.50246,-1.8553,-1.9551,-1.89,-0.91385,-0.11151,-0.57171,-0.55945,-0.52892,0.89609,0.11065,-0.27346,-1.9186,-0.85288,-0.71137,-0.056477,-1.0469,-0.86021,-0.59372,0.10512,0.96768,-0.016757,-0.25332,-0.086078,-0.18043,-0.33949,-0.52583,0.51942,-0.29803,0.19804,0.83374,0.71688,-0.53503,0.12454,-0.82688,-1.1264,-1.7053,-1.8612,-1.6831,-2.3619,-1.4404,-1.5736,-1.7506,-1.5213,-0.96538,-1.324,-1.315,-1.8292,-1.3204,-1.1477,-1.075,-0.66674,-1.4273,-2.0475,-1.1675,-1.5015,-1.4529,-1.2046,-1.1314,-0.83711,-0.55831,-0.78234,-1.8622,-1.0159,-0.51825
0.65038,0.55913,0.54557,-0.058991,0.13833,0.40629,-0.21626,0.15108,-0.64347,-0.28691,0.69864,-0.031448,0.45662,0.38635,0.38476,0.4885,0.29515,0.81514,-0.46056,0.39315,1.1843,0.91534,0.44854,0.55701,1.4265,0.50934,0.92214,0.91154,0.78515,1.5993,0.24835,0.97069,1.0858,0.79462,1.0143,-0.20168,1.0442,0.89343,0.038779,0.67085,0.26235,0.47825,0.66865,0.16031,0.30303,-0.30026,-0.28708,0.48941,0.23107,0.32566,-0.43548,1.267,0.50788,0.42285,0.69102,-0.30509,0.45958,1.7184,0.083944,-0.51592,-0.47196,0.088167,-0.11435,0.25354,0.82317,0.92786,0.71268,-0.038215,1.4318,0.13825,0.14043,0.1936,0.0086365,-0.93808,-0.10688,-0.31363,-2.0834,-0.11969,-0.33055,-1.5061,-0.78969,-1.5156,-1.3728,-1.6096,-0.99283,-1.2919,-1.2652,-1.1897,-0.68982,0.046951,-1.3554,-1.0209,-0.048339,-1.3429,0.61986,1.434,0.4662,-0.076434,0.68269,0.00064457,0.12141,0.34698,1.5877,0.91545,1.2187,0.94575,-0.47496,0.14521,-1.1535,-0.42647,-0.062732,-0.13655,-0.4593,-0.26816,-0.13014,-0.92098,-0.19458,-1.8226,-1.8193,-1.3015,-0.21167,-1.0443,-0.96164,-1.409,-0.88032,-0.30173,-1.4925,-0.22961,-0.57505,0.10464,-0.82569,-0.65435,0.018949,-0.20065,0.32499,-0.3442,-0.079315,-0.17843,0.81366,1.2107,0.80641,0.47681,1.3371,0.19963,0.56863,1.0741,0.19349,0.71208,0.4728,-0.28675,0.025317,1.2184,0.18918,0.14591,1.4806,0.27324,-0.21725,-0.98936,0.16256,-0.25815,-0.56798,0.009575,-0.79859,-0.83305,-0.45861,-0.85618,-0.22269,-0.39815,-0.1508,0.37441,-0.71375,0.067315,-0.88912,-0.21558,-0.078913,-0.37729,-0.42371,-0.13873,0.061536,0.11206,0.068845,0.37448,-0.018177,0.58198,0.69975,-0.02379,0.13062,0.067087,0.36956,0.47147,0.030782,-0.1741,0.15418,-0.24319,-0.16739,-0.59984,0.55091,-0.0043738,0.91346,0.35987,0.22577,0.18765,-0.10217,-1.3145,-0.27953,-1.3585,-0.9669,-1.1921,-0.63732,-0.79955,-1.03,-0.0098958,-0.77199,-1.0199,-0.32464,-0.43588,-0.61509,-0.60584,-1.1328,-0.72641,0.023887,-0.71393,-0.24781,0.14156,-0.14828,-0.67748,-0.37342,-0.28258,-0.88445,-0.20211,-0.3681,-0.14425,-0.56956,-1.0672,0.19336,-0.24244,-0.47282,-0.88461,0.62049,-0.35842,0.03095,-0.34907,0.55983,-0.64973,-1.1336,0.44212,0.35497,-0.99738,-1.9553,-1.3873,0.30437,0.14667,0.12553,-0.16099,-0.0013992,-0.1674,-1.2487,0.83914,0.13739,-0.66507,-0.46933,-0.47017,-0.96464,-0.72613,-0.60431,-1.3533,-0.95303,-1.2631,-0.58968,0.45271,-0.17129,-0.67345,-0.27361,-0.50863,-1.0113,-0.7175,-0.22461,-0.68371,-0.59723,-0.24693,0.80145,-0.76725,-1.6577,0.23037,-0.46395,0.11152,-0.22501,-0.0089608,1.5615,0.95339,1.0486,1.6649,0.94919,0.7761,1.248,0.88961,0.44365,1.2681,0.78226,0.85194,1.2817,1.0818,0.26954,1.9094,1.4854,0.29507,1.5523,0.41617,1.1337,-0.083088,-0.11559,0.20345,0.15235,0.92447,-0.29103,-0.055066,-0.30495,0.049381,-0.20371,0.24807,-0.31086,0.1762,0.3917,0.34483,0.74385,1.1168,-0.72054,0.75723,-0.075126,0.77922,-0.63828,-0.33143,0.041416,0.14991,0.41089,-1.6927,-0.23844,-1.4879,-0.55851,-0.85977,-0.18537,0.44636,-0.57043,0.099285,0.036168,-1.371,-1.1611,-0.67307,0.0493,-0.5755,0.1837,0.034909,0.10345,0.5009,-0.67586,0.10922,-0.077804,-0.41576,0.31494,0.29534,1.1957,0.64848,0.017178,-0.2646,0.52128,1.0666,0.7832,0.012904,0.36608,0.31613,-0.52772,0.13481,0.7173,-0.7928,0.034945,0.15849,0.29477,-0.22383,0.17652,-0.27561,-0.21848,-0.44922,-0.97393,-0.20646,0.63766,1.0106,0.82101,-0.022356,-0.003765,0.86836,1.1422,-0.097038,-0.45014,1.1082,0.61856,-0.14566,0.052921,0.36262,-0.47095,-0.64704,-0.3666,-0.64751,0.24894,-0.26016,0.47487,-0.36827,0.31717,-0.087265,0.033074,-1.1086,-0.49383,-0.058948,0.083232,-0.2368,-0.40996,0.60321,0.50621,-0.78355,-0.28352,-1.2261,-0.0033147,-0.48293,-0.98982,-0.0075806,-0.34562,0.37768,0.053911,1.236,1.3234,1.3418,1.3413,0.98166,1.1779,1.5297,1.0268,-0.42913,1.0703,0.44414,-0.176,0.65927,0.69787,1.9607,1.2583,0.45234,1.3342,0.60754,-0.10642,0.43669,1.1085,0.24645,0.40506,0.50222,-0.17379,-0.41477,-0.30874,-0.2519,-0.43891,0.39087,-0.13763,-0.61682,0.77135,-1.0881,-0.018496,-0.87757,-0.020567,0.055178,0.15057,-0.0036537,-0.86834,-0.2283,-0.28255,-0.42098,-0.49271,-1.7353,-0.52094,-0.73848,-0.34609,-0.29873,-0.45089,0.27019,-0.65936,-0.10421,0.085675,0.65835,0.65291,0.13782,-0.12251,0.43548,0.24131,0.85479,0.29118,0.43645,0.36818,0.3737,0.35481,0.23021,-0.21517,-0.18852,-0.74744,-0.30091,0.095552,0.0070494,-0.14679,0.66462,-1.4909,-1.0211,-0.94383,-0.044449,-0.466,-0.29022,-1.0283,-0.93904,-0.7142,-1.91,0.041285,-0.49627,-1.3419,-0.41032,-0.43217,-0.52433,0.14827,0.38484,0.48361,0.25028,0.38105,0.38877,0.77645,-0.45447,0.81433,0.77797,0.97507,0.14145,-0.35987,-0.85777,-0.068875,-0.26789,-0.32743,0.22373,-0.58991,0.43945,0.3582,0.68926,-0.51426,-0.28132,1.1563,-0.30252,-0.11734,-0.75067,0.14938,-0.52979,0.36789,1.1094,1.2825,0.25341,0.61179,0.6207,0.67277,1.619,1.2455,1.1666,0.93809,1.1515,0.83666,0.36165,1.2277,0.99177,0.82717,0.22152,1.0028,0.56939,0.57834,1.049,0.49471,-0.63383,0.28223,-0.41464,-0.98931,0.49826,-0.026426,-0.47756,-0.34026,0.89006,-0.2422,-0.7687,-0.73402,-0.65008,-0.09914,0.12846,-0.6493,-0.81571,-0.22473,-0.51979,-1.225,0.1115,-0.95202,-1.4734,-0.10451,-0.29482,-1.269,-0.80402,-0.32124,-0.20846,-0.2426,-0.81997,0.26875,-0.23102,-0.35222,-0.26862,-0.85559,0.94666,-0.45796,-0.70378,-0.47595,0.17569,-0.33205,-0.86757,-0.35142,-0.32357,-0.41174,0.37777,-0.70555,0.78501,0.22538,-0.63893,-1.2868,0.094361,-0.85215,-0.249,-0.31407,0.25163,0.87944,-0.16031,0.74877,-0.074554,0.76545,-0.40538,0.71632,0.17768,0.10549,0.49329,-0.6581,0.37044,0.68493,-0.6065,-0.15543,0.03198,0.37321,0.58215,0.47713,0.539,0.26595,0.15222,-0.4406,0.67143,0.083589,0.57433,0.86601,0.36677,-1.1903,-0.38606,-1.2369,-0.57069,-1.5525,-1.6761,-0.96565,-0.30001,-0.38751,-0.59169,-0.18847,-0.53167,-0.88533,-1.3451,-0.82113,-0.25316,-0.78019,-0.20616,0.25454,1.2313,0.60148,0.88382,0.20523,0.50497,1.0915,-0.72803,-0.10962,-0.11231,0.23012,-0.90282,0.092541,0.018264,-0.94538,-0.56566,-1.2818,-0.25375,0.13213,-1.5257,-0.072343,-0.78774,-0.62413,-0.2613,-0.9786,-1.4938,-1.0789,-1.1735,-0.56155,0.10355,-0.88272,-0.46905,0.030074,1.1089,-0.015945,-0.065565,0.17253,-0.8862,0.1792,0.18826,-0.85837,-0.044883,-0.57895,-0.64096,-1.6218,-1.3242,-1.0173,-0.36014,-0.82516,-1.6029,-1.382,-1.5527,0.43208,-0.1504,-1.3852,-0.93695,-0.81206,-1.5122,-0.78513,-0.53438,-1.1633,1.353,1.0055,0.81732,0.14792,1.0661,0.20156,1.0578,1.0244,1.9094,1.8755,0.96634,1.2889,1.0897,0.50731,1.1445,1.6223,0.42784,0.47723,0.50625,0.13324,0.84447,0.60909,-0.23326,-1.2671,-1.6218,0.090385,-1.0527,0.44164,0.010095,-0.77606,-0.28069,-0.70821,-0.49481,-0.53061,0.4263,-0.29057,-1.5429,0.84242,0.52191,0.025664,-0.94894,0.64555,0.25713,-0.60969,1.1238,0.96182,-0.48519,-0.078719,-1.0426,0.1318,-0.94993,-1.2311,-0.59363,-0.60455,-1.0159,-2.1261,-1.478,-0.43592,-0.4768,-0.2236,0.2162,-0.44069,0.75391,0.022683,-0.26647,-0.010676,-0.49518,-0.42748,0.79312,2.0476,0.098054,0.38626,0.71661,-0.29111,0.039447,0.54529,-0.10097,-0.17085,-0.47194,-0.91379,-0.10485,-1.6913,-0.97843,0.0062394,0.13419,-0.78046,-0.24166,-0.5898,-0.33823,1.0643,0.82199,-0.20551,-0.09063,0.79455,0.86204,0.48747,0.3416,0.68659,0.33482,-0.20857,-0.0873,-0.46827,-0.78575,0.19411,-0.092874,-0.30626,-0.68283,0.089954,-0.77374,-0.71337,0.099433,-0.094475,0.26536,-0.87001,0.2371,-0.23449,-0.29626,-0.39303,-1.1239,0.37222,-0.71082,-0.15982,0.31322,0.76398,-0.24617,0.33816,-0.63493,0.39634,-1.0532,-0.42641,-0.033148,-1.055,-0.96142,0.055418,0.18113,1.047,0.61902,1.9245,1.9126,1.4653,1.5068,0.83241,0.96748,1.2479,0.9347,0.74475,1.0228,0.65214,1.1297,1.4903,0.51001,0.081576,0.19159,1.688,0.76322,0.41717,1.3939,0.18148,1.1551,1.3137,1.0724,0.67158,0.65321,0.46479,1.6542,0.94476,1.7574,0.40483,0.69898,1.342,0.89944,0.50163,0.85508,0.31463,0.6657,0.7679,0.72883,-0.10749,-0.60685,1.0421,-0.07375,-0.84166,-0.64682,-0.69168,0.69068,-0.058097,0.30915,0.63567,-0.051594,-1.3384,-0.76239,-1.3025,-0.12714,-0.26952,-0.75917,-0.74608,-1.5564,0.069138,-0.52487,0.52582,0.14169,0.66597,1.137,0.99839,0.6185,0.25422,-0.053589,0.81052,-0.40895,-0.61242,-1.0754,-0.62884,0.39839,-0.44216,0.7192,-0.09857,0.32069,-0.2843,-0.42304,0.12415,-0.38926,-0.24269,-1.0085,-0.24425,0.013156,-0.28961,-0.34767,-0.38524,-0.24513,-0.29718,0.40072,-0.39661,-0.18594,0.50946,0.59832,0.15213,0.045465,-0.26675,0.60873,1.3733,0.76627,0.16607,0.91142,0.61041,-0.25807,1.7961,0.050099,0.61527,-0.22926,-0.067284,0.73526,-0.3083,-0.14835,0.15252,0.65075,-0.2403,-0.15427,0.28358,-0.94242,-1.8394,-1.5073,-0.9379,-0.90821,-1.1319,-1.1572,-1.5562,-1.7296,0.050253,-1.1939,-1.122,-1.5513,-1.2553,-0.28576,-0.83105,-1.3821,-1.0529,-1.2172,-1.4916,-0.7663,-0.1543,-1.0698,-0.46174,-0.72408,-0.83297,-1.384,-0.31344,-0.13764,-0.85103,0.22553,0.76246,0.62188,0.14413,1.4349,1.1282,0.25685,-0.13198,0.33561,1.6348,-0.23098,2.2237,1.1983,0.80095,1.5738,0.32537,0.93036,0.061831,1.1827,0.061668,-0.61466,0.5377,-0.18278,-1.4002,-1.0614,-0.45268,-0.2335,-0.61401,-1.1679,-0.67818,-0.50456,-0.81468,-0.43902,-0.21249,-0.55626,0.051708,0.081829,-0.18531,-0.019038,0.26994,0.52582,-0.25224,-0.31838,0.88505,0.45904,0.13943,-0.16211,1.4178,-0.066212,0.70032,0.35099,0.2884,1.3406,-0.12812,0.27161,-1.2944,-0.63107,-1.1083,-0.38368,-0.094448,-0.51236,0.42594,0.22628,0.43657,0.42321,0.99552,0.15868,0.174,0.093828,0.59978,0.84485,0.53945,0.49333,1.0447,0.523,0.91074,0.75828,1.3721,-0.58737,-0.76586,-0.38311,-0.41429,0.090213,0.011465,-1.1967,-1.2253,-1.5102,-0.06832,-0.873,-1.4587,-1.0415,-0.07852,-0.29754,-1.1035,-0.61386,-1.1731,-0.72712,-1.2054,-0.42164,-1.3983,-0.32834,-0.27815,0.27881,0.49975,0.439,0.28425,-0.28199,-0.28902,-1.3072,0.48415,0.86854,0.61497,0.17893,0.69452,0.70155,1.345,0.14865,0.014863,-1.9677,0.27053,-0.095503,-0.16416,0.1047,0.63094,0.24816,0.76654,0.3918,0.20664,0.015112,0.99784,-0.31536,-0.68007,-0.27982,-0.66265,-0.91069,-0.73257,-0.3372,-1.9178,-1.8205,-0.38698,-0.53201,0.30947,0.19358,-0.31236,-0.25145,0.81656,0.071965,0.96961,-0.36366,0.32654,0.50873,0.43166,0.47817,-0.032981,1.1046,1.4158,0.84509,0.46167,1.1318,0.92072,-0.15424,0.23075,-0.6196,0.17493,-0.70386,0.25362,0.064134,0.46304,0.049961,0.34895
-0.14502,-0.23688,-0.16886,0.40491,0.40004,0.50284,-0.088241,-0.2598,-1.0067,0.34652,-0.33884,0.2431,0.36186,0.24461,1.1544,0.1733,0.6268,0.26013,0.01352,0.34005,1.231,0.096137,0.088316,0.79087,1.0819,0.88378,0.81739,-0.19941,0.72654,0.76109,-0.1918,0.0509,0.4137,0.097791,-0.06615,0.43797,0.13479,-0.32509,0.15339,-0.22566,-0.53463,-0.38635,-0.57727,0.29305,0.019058,-1.1338,-0.36594,-0.63707,-0.31417,-0.090649,0.1828,0.18821,-0.23274,-0.34527,0.10041,-0.79792,-0.32054,-0.014294,-0.41805,-0.50248,-0.53255,0.2456,-0.014362,0.50819,-0.25372,-0.50362,-0.32111,-0.30958,-0.24315,-0.35326,-0.73242,0.013236,-1.05,-0.37049,-0.92471,-0.45994,-1.0472,-0.85663,-1.6441,-1.2932,-0.063483,0.42813,-0.23312,0.55361,-0.19366,-0.78954,0.0072122,-0.37984,-0.19334,-1.0135,-0.2701,-1.1007,0.16239,0.27868,-0.097706,0.25647,-0.72887,-0.62822,-0.1305,-0.83343,-0.62442,-0.39729,0.46796,0.15544,-0.62332,-0.36476,-1.6642,0.11736,-0.28767,0.60775,0.32119,-0.7904,-0.20441,0.30119,0.2091,-0.39247,-0.13064,-0.59036,-1.7731,0.25426,-0.40109,-0.45031,-0.10948,-0.14177,0.5536,0.071497,-0.033384,-0.22822,0.56758,-0.34857,-0.67963,0.076738,0.65885,0.82222,-0.24718,1.0985,1.5383,1.0076,1.4397,0.65463,0.95563,-0.10344,-0.03124,-0.41339,0.33078,0.10317,0.0082244,-0.73656,-0.059604,0.30489,0.12465,0.23145,0.29344,0.033647,0.22078,0.52408,0.74078,-0.052147,-0.13307,0.13956,-0.045628,0.30548,0.45993,-0.44249,-0.31133,-0.62814,-0.16773,0.11346,-0.85965,-0.43303,-0.88508,0.17364,-1.0412,-0.79756,-1.0686,-0.33065,-0.86558,-0.49897,0.24541,0.20188,-0.92574,0.19617,-0.75693,0.41377,0.27868,-0.31831,0.31418,0.23214,0.24836,0.44468,-0.43718,0.013814,0.39333,0.13544,-0.092038,-0.26376,0.4393,-0.0747,-0.36177,0.43391,1.6213,1.0885,0.78063,-0.01059,0.088867,0.27992,-0.40104,0.16034,0.19289,0.2386,-0.4801,-0.57659,-0.22377,-0.6226,0.10418,0.50119,0.7419,0.88994,0.46222,0.31817,-0.79729,-0.2688,0.66281,1.0146,-0.11307,-0.10829,-0.1906,-0.016642,-0.33141,0.18031,0.65143,0.64729,1.0221,0.33305,0.74011,0.35634,0.69952,0.16871,0.71653,0.61006,1.0774,-0.32847,0.65002,0.04089,0.20332,1.0438,0.031771,-0.86093,-0.094048,-0.42476,1.0789,-0.35051,-0.07446,0.68332,0.13611,-0.43939,0.1767,0.15756,1.3854,0.29582,0.66505,0.24739,-0.095948,0.31449,0.95171,-0.59203,0.53638,-0.38637,1.0774,1.1905,0.59332,0.11324,0.074209,0.73277,0.10716,0.037948,0.63557,0.19845,0.34874,0.036149,0.38607,-0.50643,-0.40251,0.30474,0.82799,0.44098,0.096036,-0.19122,-0.63383,0.10682,-0.53234,0.52385,-0.091332,0.26451,0.13651,0.61618,-0.028526,-0.43248,0.40689,0.7707,0.79613,0.17311,0.38766,1.5031,0.34008,0.22259,0.44557,0.092561,0.56644,0.1472,0.16291,0.30093,1.0869,0.77225,0.9131,1.8788,0.53568,0.65607,-0.38451,0.5806,0.19814,0.2868,0.35099,-0.13209,-0.090351,-0.42892,0.0093815,-0.71398,-0.043581,0.73413,0.80682,-0.62639,-0.70148,0.92097,-0.023259,0.24973,0.52998,1.1949,0.10655,0.081424,0.33369,1.6927,0.016804,0.42454,0.77587,-1.3812,0.93713,0.67124,0.19422,0.45793,-0.82691,0.24345,0.66041,0.90626,-0.843,-0.83524,-0.82557,-0.75037,-0.42519,-0.80909,0.14937,0.25432,0.74344,0.70294,0.086751,-0.22696,0.62576,0.02588,0.79883,-0.94984,-0.2071,0.0946,0.0033664,-0.64929,-0.23393,-0.20109,-0.21745,-0.67374,1.0838,1.1397,0.90388,0.25319,-0.7736,0.2696,-0.5104,-0.2511,-0.2002,-1.1275,-0.32619,-0.24459,1.0177,-0.20073,0.34719,0.90476,1.073,0.4594,0.8537,0.14004,0.76545,0.65326,0.39615,0.86677,-0.62943,-0.21143,0.7867,0.63214,0.74677,0.83633,1.614,0.49329,-0.28314,1.0642,0.22404,0.021799,0.25789,1.2669,0.4656,0.38284,0.6691,-0.19973,-0.2276,1.297,-0.46762,0.34475,1.0008,1.1049,0.026958,-0.6445,-0.27547,-0.10099,0.26344,-0.58312,-0.19564,-0.26232,-0.79059,-0.38086,0.53315,0.40809,-0.55445,0.15378,0.52348,1.3996,1.0007,0.10771,0.64752,-0.23804,-0.73966,-0.20572,-0.38736,-0.52829,-0.18156,0.82881,0.32898,0.421,-0.69773,-0.60417,0.45481,0.3977,0.73528,0.099263,-1.4615,-0.39352,-0.50145,-0.16646,0.56684,-0.144,0.91271,0.67747,0.6199,0.33746,1.25,0.7312,0.87733,-0.56384,-0.086343,0.22325,0.38943,-0.53542,0.22421,-0.11836,-0.81301,0.2245,-1.0295,0.41522,-0.35466,-0.52704,0.89596,-0.0051248,0.14136,0.32102,0.9134,1.1282,0.36636,0.58532,0.86537,1.1349,1.0753,0.42648,0.65091,-0.034787,0.26289,0.54408,1.0405,1.5585,0.27783,0.4142,0.31601,0.079786,-0.060765,-0.68829,-0.64941,-0.29624,0.07696,0.058323,0.12955,-0.28784,0.18426,-0.039568,0.13135,-0.71103,0.51158,0.59555,0.21105,-0.22037,0.5197,0.042944,0.53571,0.69853,0.64581,0.085777,0.85999,0.83436,1.1295,0.01187,-0.24197,-0.13886,-0.18895,-0.22243,-1.1834,-0.42333,0.14509,-0.42527,-0.68892,-0.89085,1.3193,-0.49325,-0.57493,-0.47943,0.41795,-1.051,0.21173,0.82428,0.51135,0.3057,-0.40534,0.5934,-0.1826,-0.22621,-0.065531,-0.48908,-0.12252,-1.1927,-0.98444,-0.59877,-0.39415,-0.73832,-0.15149,-1.4064,-0.63935,-0.90066,-0.56443,-0.73181,-0.68198,-0.023464,-1.1598,-0.64172,-0.74749,0.2172,-1.0231,-0.70783,-0.93522,-0.34017,0.2969,-0.068367,-0.99598,-1.0822,-0.68648,-1.1992,-1.1002,-1.6952,-0.40361,-0.86881,-0.82132,-0.05788,-1.2779,-0.64266,-0.51266,-0.79285,-1.21,-0.48083,-0.65829,-0.33852,-1.2051,-0.35392,-0.30806,-0.54019,-0.862,-0.3037,-0.86285,-0.0014104,-1.0245,-1.1324,-0.36973,-0.27319,-1.3794,-0.27757,-0.20099,-0.16158,-1.159,-1.2414,-0.27434,0.74481,-0.81598,0.17066,-0.98577,-1.1318,-0.43183,-0.90264,-0.16159,-0.61627,-0.73598,-1.527,-1.2463,-1.0877,-0.21509,-0.42573,0.29071,-0.62688,-0.94561,-0.70467,-1.1378,0.099912,-0.63184,-1.835,-0.69668,-0.50615,-0.19221,-1.3628,-0.54418,-0.86008,-1.3677,-2.069,-0.42523,-0.84873,0.12761,0.64742,-0.0042599,-0.25713,0.67224,-0.43323,-0.39429,-1.7868,-0.37402,-0.049903,-0.38059,0.036388,-0.49523,-0.15059,-0.82496,-0.73608,-0.74528,-1.4659,-1.6354,-0.5926,0.31609,-0.23363,0.20945,-0.71466,0.23231,-0.38707,-0.20606,0.26399,-0.54367,-1.0691,0.9054,0.97381,0.79616,-0.20802,-0.38124,-0.4092,-1.0134,0.88454,-1.1264,0.31742,0.022401,0.081899,-0.33538,0.12217,0.081839,-0.10689,-0.69586,-1.1247,-1.3499,-1.2359,-0.13364,-0.4329,-1.3164,-0.50502,0.48652,0.57428,-0.88902,-0.35708,-0.53248,-0.58914,0.025735,0.15101,0.33382,-0.17326,0.10181,-0.47417,-1.1315,-0.92519,-0.32795,-0.78151,-1.2979,-0.99873,-0.91801,-1.2825,0.21813,0.26058,-0.64217,0.14573,-0.90568,-0.64581,-0.46866,-0.9167,-0.99145,0.28443,0.4307,-0.31826,-0.67619,-0.36053,-0.68796,0.93575,-1.2955,0.28985,0.84994,1.0141,0.7963,0.48507,0.52879,1.1413,1.8641,0.92741,0.81825,0.77338,0.67378,0.45722,1.3918,0.20718,-0.45009,-1.3942,-0.45179,-0.035884,0.12908,0.87068,-0.59542,-0.78395,-1.0931,0.27535,-0.88909,-1.0609,-1.0109,-0.73385,-0.010116,-0.72088,-0.13114,-0.73685,0.77693,0.50197,0.016485,0.69105,0.448,0.84194,0.14832,-0.0052946,0.087758,0.14339,-0.83221,0.53776,0.17798,0.18894,-1.2921,-0.69016,-0.63491,0.11573,-0.063707,-0.081575,-0.47729,0.82814,-0.22411,0.14872,0.38318,0.17465,0.044784,1.5074,1.7118,1.0469,0.72715,0.66645,1.2068,0.30125,1.6265,0.85866,0.61224,0.39219,-1.0881,-0.6905,-1.4372,-0.61386,-0.95203,-0.10284,-1.4468,0.30766,-0.32173,0.035567,0.55587,0.59989,0.82463,0.69573,0.039712,-0.1759,0.81155,0.59003,1.7326,0.84096,-0.18111,-0.034472,0.34759,0.34024,-0.25442,-0.39551,0.44082,-0.60939,-0.40991,-0.28561,0.23713,0.11892,0.43893,0.79713,0.030111,0.75601,0.25959,-0.30205,-0.27843,0.18615,-0.18757,-0.63485,0.92123,-0.37696,1.537,0.062349,0.043765,-0.39156,-0.065351,-0.11279,-0.24796,-0.020039,-0.96184,-0.73659,0.1782,0.41093,-0.39518,0.12657,-0.00094484,0.16204,-0.065392,-0.48554,-0.062434,-0.21682,-0.30417,-0.06477,0.084409,1.1384,0.74916,-0.41242,-0.089997,-0.075321,0.033546,0.081638,-0.28335,0.72783,-0.39869,0.62411,-0.16244,0.10495,-0.41496,0.40532,0.28805,-0.33015,-0.10612,0.60644,-0.076469,0.070425,-0.5701,-0.48125,-0.70672,-0.28971,-0.47407,-0.26769,-0.39107,-0.79431,-0.70452,-0.69003,-1.3392,-0.81741,-0.46884,-0.060931,-0.67313,-0.4915,-0.68784,-1.0126,-1.4226,-0.12461,0.50997,0.12411,0.53553,0.97326,0.37151,0.50617,0.39761,-0.94412,-0.084705,-0.98449,-1.3049,0.24361,0.69332,0.82874,0.50945,0.88485,1.4037,1.4879,0.30084,0.38874,0.81061,0.29808,-0.53296,0.74213,-0.89234,0.41295,-0.64586,0.64752,1.496,0.80912,0.38435,-0.80038,0.82301,-0.64008,0.74279,0.1615,0.13363,0.16063,-0.56737,-0.63853,-0.52875,-0.72156,-0.94028,-0.83956,-1.0691,-0.074336,0.78196,-0.1356,-0.42234,0.28732,-0.51562,0.63038,-0.12451,-0.17601,0.63029,0.028852,0.56565,0.36331,0.89804,0.89422,0.004974,1.0684,0.6428,0.0035193,0.32715,0.6751,-0.036865,1.4196,0.44923,1.1716,0.21194,0.26795,-0.53648,-1.7199,-0.029685,0.14497,-0.45963,0.4645,-0.66451,-0.58095,-0.92872,-0.3584,1.4071,-0.20588,0.76541,1.1342,0.64137,-0.11123,0.19007,-0.80732,-0.31133,-1.0567,0.10803,-0.054011,0.20486,0.26003,-0.10823,0.43734,0.66054,0.38138,0.37581,-1.1474,-0.42063,-0.58283,-0.9187,-0.7614,0.17645,-1.1687,-1.1862,0.20524,0.75041,0.82379,1.2485,0.13027,0.70386,-0.090516,0.083576,-0.38993,0.76459,0.82204,0.02788,0.9648,1.0192,1.267,-0.32751,0.35191,0.69317,0.19677,-0.60242,-0.53778,-0.34843,-0.12769,-0.2949,-0.89175,-0.88157,-0.55507,-0.057595,-1.032,-1.1815,-1.1336,-0.13911,0.5037,0.646,-0.32752,-0.28454,0.080535,-0.45908,-0.18071,0.72876,-0.010038,0.73562,-0.3375,0.61119,0.25825,0.37917,0.81558,0.30619,0.020225,0.0017117,-0.39523,-0.57551,0.0064772,-0.4726,-0.79688,-0.69386,-0.31162,-0.88084,0.18006,-0.90233,-0.061257,-0.85136,0.94826,0.53005,0.594,0.75952,0.5588,1.3519,0.59422,1.7617,1.6496,0.080815,0.14711,0.87636,-0.29233,-0.16064,0.24434,0.36069,-0.56856,-0.8848,-1.6924,-1.5493,-0.51672,0.20084,-1.0077,0.55268,-0.012463,-0.087406,-0.81764,-0.35942,-0.23825,-1.2975,-0.11197,0.31396,2.2459,0.8345,0.30635,0.55714,0.22905,0.87575,0.5386,-0.33057,-0.46453,1.1791,0.56055,1.2645,0.59718,0.94025,0.68114,-0.01014,-0.32601,0.061157,-0.52873,0.49933,0.50315,1.5247,0.30822,0.99039,1.5838,0.88506,1.1144,1.2362,0.58948,0.51576,0.26202,0.55082,0.23885,0.096501,0.5089,-0.13318,-0.0086529,-1.4838,0.73964,0.19591,-0.78161,0.026807,-1.0032,0.45624,-0.57937,0.67576,-0.55018,-1.5201,0.65883,0.53055,-0.21279,-0.1102,0.64652,0.97061,0.74257,0.85811,0.77199,0.66106,0.3411,0.38072,0.14488,0.90062,0.28892,0.24265,0.36574,1.1593,0.95351,1.3468
